0.00 0.20 0.12 -0.0000
0.00 0.30 0.12 -0.0000
0.00 0.40 0.12 -0.0000
0.00 0.50 0.12 -0.0000
0.00 0.60 0.12 -0.0000
0.00 0.70 0.12 -0.0000
0.00 0.80 0.12 -0.0000
0.01 0.20 0.12 0.0320
0.01 0.30 0.12 0.0238
0.01 0.40 0.12 0.0209
0.01 0.50 0.12 0.0203
0.01 0.60 0.12 0.0208
0.01 0.70 0.12 0.0221
0.01 0.80 0.12 0.0235
0.02 0.20 0.12 0.0590
0.02 0.30 0.12 0.0444
0.02 0.40 0.12 0.0387
0.02 0.50 0.12 0.0377
0.02 0.60 0.12 0.0391
0.02 0.70 0.12 0.0420
0.02 0.80 0.12 0.0452
0.03 0.20 0.12 0.0815
0.03 0.30 0.12 0.0614
0.03 0.40 0.12 0.0553
0.03 0.50 0.12 0.0542
0.03 0.60 0.12 0.0567
0.03 0.70 0.12 0.0627
0.03 0.80 0.12 -0.1984
0.04 0.20 0.12 0.1016
0.04 0.30 0.12 0.0774
0.04 0.40 0.12 0.0693
0.04 0.50 0.12 0.0703
0.04 0.60 0.12 0.0743
0.04 0.70 0.12 -0.1582
0.04 0.80 0.12 -0.2270
0.05 0.20 0.12 0.1201
0.05 0.30 0.12 0.0919
0.05 0.40 0.12 0.0830
0.05 0.50 0.12 0.0827
0.05 0.60 0.12 -0.0886
0.05 0.70 0.12 -0.2014
0.05 0.80 0.12 -0.2653
0.06 0.20 0.12 0.1347
0.06 0.30 0.12 0.1030
0.06 0.40 0.12 0.0946
0.06 0.50 0.12 -0.0539
0.06 0.60 0.12 -0.1674
0.06 0.70 0.12 -0.1897
0.06 0.80 0.12 -0.2502
0.07 0.20 0.12 0.1467
0.07 0.30 0.12 0.1157
0.07 0.40 0.12 -0.0232
0.07 0.50 0.12 -0.1338
0.07 0.60 0.12 -0.1705
0.07 0.70 0.12 -0.2092
0.07 0.80 0.12 -0.3894
0.08 0.20 0.12 0.1646
0.08 0.30 0.12 0.0168
0.08 0.40 0.12 -0.0960
0.08 0.50 0.12 -0.1425
0.08 0.60 0.12 -0.1561
0.08 0.70 0.12 -0.1992
0.08 0.80 0.12 -0.4253
0.09 0.20 0.12 0.0912
0.09 0.30 0.12 -0.0449
0.09 0.40 0.12 -0.1034
0.09 0.50 0.12 -0.1313
0.09 0.60 0.12 -0.1642
0.09 0.70 0.12 -0.1847
0.09 0.80 0.12 -0.4340
