0.02 0.40 0.12 0.00 0.0399 1.0300 0.0387
0.02 0.40 0.12 1.00 0.1498 1.1582 0.1294
0.02 0.40 0.12 2.00 0.4962 1.0499 0.4726
0.02 0.40 0.12 3.00 0.9426 1.1005 0.8565
0.02 0.40 0.12 4.00 0.9708 1.1548 0.8407
0.02 0.40 0.12 5.00 1.3940 1.1617 1.2000
0.02 0.40 0.12 6.00 1.8441 1.2739 1.4475
0.02 0.40 0.12 7.00 1.8490 1.2915 1.4316
0.02 0.40 0.12 8.00 2.2829 1.3668 1.6703
0.02 0.40 0.12 9.00 2.3693 1.3770 1.7207
0.02 0.40 0.12 10.00 2.7211 1.5367 1.7708
0.02 0.40 0.12 11.00 3.1587 1.6647 1.8975
0.02 0.40 0.12 12.00 3.1681 1.6633 1.9047
0.02 0.40 0.12 13.00 3.5800 1.8781 1.9061
0.02 0.40 0.12 14.00 3.6809 1.9096 1.9276
0.02 0.40 0.12 15.00 3.9986 2.1446 1.8645
0.02 0.40 0.12 16.00 4.4184 2.3228 1.9022
0.02 0.40 0.12 17.00 4.4146 2.3463 1.8815
0.02 0.40 0.12 18.00 4.8100 2.6294 1.8293
0.02 0.40 0.12 19.00 4.8715 2.6718 1.8233
0.02 0.40 0.12 20.00 5.1909 2.9729 1.7461
0.02 0.40 0.12 21.00 5.4200 3.1051 1.7455
0.02 0.40 0.12 22.00 5.5216 3.2266 1.7113
0.02 0.40 0.12 23.00 5.9417 3.5917 1.6543
0.02 0.40 0.12 24.00 5.9539 3.6429 1.6344
0.02 0.40 0.12 25.00 6.2561 3.9366 1.5892
0.02 0.40 0.12 26.00 6.3845 4.1541 1.5369
0.02 0.40 0.12 27.00 6.5507 4.3763 1.4969
0.02 0.40 0.12 28.00 6.9177 4.7656 1.4516
0.02 0.40 0.12 29.00 6.7997 4.7693 1.4257
0.02 0.40 0.12 30.00 7.2043 5.2304 1.3774
