0.02 0.40 0.12 -15.00 -4.3687 2.7284 -1.6012
0.02 0.40 0.12 -14.00 -4.1609 2.5880 -1.6077
0.02 0.40 0.12 -13.00 -3.8151 2.4577 -1.5523
0.02 0.40 0.12 -12.00 -3.6320 2.2990 -1.5798
0.02 0.40 0.12 -11.00 -3.3426 2.1656 -1.5435
0.02 0.40 0.12 -10.00 -3.0014 2.0646 -1.4537
0.02 0.40 0.12 -9.00 -2.6598 1.9749 -1.3468
0.02 0.40 0.12 -8.00 -2.4968 1.9059 -1.3100
0.02 0.40 0.12 -7.00 -2.1036 1.7970 -1.1706
0.02 0.40 0.12 -6.00 -1.8295 1.7231 -1.0617
0.02 0.40 0.12 -5.00 -1.5387 1.7176 -0.8959
0.02 0.40 0.12 -4.00 -1.2473 1.6094 -0.7750
0.02 0.40 0.12 -3.00 -0.9245 1.6926 -0.5462
0.02 0.40 0.12 -2.00 -0.6364 1.5529 -0.4098
0.02 0.40 0.12 -1.00 -0.3358 1.5532 -0.2162
0.02 0.40 0.12 0.00 -0.0161 1.5111 -0.0106
0.02 0.40 0.12 1.00 0.2899 1.5470 0.1874
0.02 0.40 0.12 2.00 0.6159 1.5467 0.3982
0.02 0.40 0.12 3.00 0.9293 1.5637 0.5943
0.02 0.40 0.12 4.00 1.2038 1.7271 0.6970
0.02 0.40 0.12 5.00 1.4972 1.6461 0.9095
0.02 0.40 0.12 6.00 1.8776 1.7593 1.0673
0.02 0.40 0.12 7.00 2.1112 1.7750 1.1895
0.02 0.40 0.12 8.00 2.4109 1.8454 1.3065
0.02 0.40 0.12 9.00 2.7740 1.9686 1.4091
0.02 0.40 0.12 10.00 2.9818 2.0824 1.4319
0.02 0.40 0.12 11.00 3.2467 2.1538 1.5075
0.02 0.40 0.12 12.00 3.5517 2.2604 1.5713
0.02 0.40 0.12 13.00 3.8962 2.3931 1.6281
0.02 0.40 0.12 14.00 4.1187 2.5611 1.6082
0.02 0.40 0.12 15.00 4.3908 2.7305 1.6080
