0.02 0.40 0.12 -15.00 -4.2113 2.3704 -1.7766
0.02 0.40 0.12 -14.00 -3.9583 2.2339 -1.7719
0.02 0.40 0.12 -13.00 -3.7059 2.0961 -1.7681
0.02 0.40 0.12 -12.00 -3.4390 1.9704 -1.7454
0.02 0.40 0.12 -11.00 -3.1655 1.8487 -1.7123
0.02 0.40 0.12 -10.00 -2.8806 1.7446 -1.6511
0.02 0.40 0.12 -9.00 -2.6200 1.6491 -1.5888
0.02 0.40 0.12 -8.00 -2.3316 1.5697 -1.4854
0.02 0.40 0.12 -7.00 -2.0408 1.4816 -1.3774
0.02 0.40 0.12 -6.00 -1.7614 1.4137 -1.2460
0.02 0.40 0.12 -5.00 -1.4766 1.3601 -1.0857
0.02 0.40 0.12 -4.00 -1.1855 1.3060 -0.9078
0.02 0.40 0.12 -3.00 -0.8891 1.2784 -0.6955
0.02 0.40 0.12 -2.00 -0.6082 1.2440 -0.4889
0.02 0.40 0.12 -1.00 -0.3024 1.2308 -0.2457
0.02 0.40 0.12 0.00 -0.0251 1.2228 -0.0205
0.02 0.40 0.12 1.00 0.2805 1.2274 0.2285
0.02 0.40 0.12 2.00 0.5589 1.2424 0.4498
0.02 0.40 0.12 3.00 0.8602 1.2634 0.6809
0.02 0.40 0.12 4.00 1.1460 1.3089 0.8756
0.02 0.40 0.12 5.00 1.4345 1.3418 1.0691
0.02 0.40 0.12 6.00 1.7272 1.4013 1.2326
0.02 0.40 0.12 7.00 2.0134 1.4680 1.3716
0.02 0.40 0.12 8.00 2.2926 1.5439 1.4850
0.02 0.40 0.12 9.00 2.5668 1.6300 1.5747
0.02 0.40 0.12 10.00 2.8673 1.7245 1.6627
0.02 0.40 0.12 11.00 3.1270 1.8320 1.7068
0.02 0.40 0.12 12.00 3.3970 1.9401 1.7509
0.02 0.40 0.12 13.00 3.6734 2.0719 1.7730
0.02 0.40 0.12 14.00 3.9441 2.1990 1.7936
0.02 0.40 0.12 15.00 4.1951 2.3493 1.7857
