%% Data file

Data_prb = {
'TRIANGLE' ;
'SI' ;
'2D' ;
'Plane_Stress' ;
'ELASTIC' ;
'MICRO' ;
};


coord = [
1 0 0 0
2 2 0 0
3 2.70711 0.707107 0
4 2.70711 2.70711 0
5 0.707107 2.70711 0
6 -1.11022e-16 2 0
7 0.333333 0 0
8 0.666667 0 0
9 1 0 0
10 1.33333 0 0
11 1.66667 0 0
12 2.2357 0.235702 0
13 2.4714 0.471405 0
14 2.70711 1.04044 0
15 2.70711 1.37377 0
16 2.70711 1.70711 0
17 2.70711 2.04044 0
18 2.70711 2.37377 0
19 2.37377 2.70711 0
20 2.04044 2.70711 0
21 1.70711 2.70711 0
22 1.37377 2.70711 0
23 1.04044 2.70711 0
24 0.471405 2.4714 0
25 0.235702 2.2357 0
26 -1.11022e-16 1.66667 0
27 -1.11022e-16 1.33333 0
28 -1.11022e-16 1 0
29 -1.11022e-16 0.666667 0
30 -1.11022e-16 0.333333 0
31 1.35355 1.35355 0
32 0.225592 0.225592 0
33 1.89226 0.225592 0
34 2.48151 0.814848 0
35 2.48151 2.48151 0
36 0.814848 2.48151 0
37 0.225592 1.89226 0
38 0.558926 0.225592 0
39 0.892259 0.225592 0
40 1.22559 0.225592 0
41 1.55893 0.225592 0
42 2.08868 0.422011 0
43 2.2851 0.618429 0
44 2.48151 1.14818 0
45 2.48151 1.48151 0
46 2.48151 1.81485 0
47 2.48151 2.14818 0
48 2.14818 2.48151 0
49 1.81485 2.48151 0
50 1.48151 2.48151 0
51 1.14818 2.48151 0
52 0.618429 2.2851 0
53 0.422011 2.08868 0
54 0.225592 1.55893 0
55 0.225592 1.22559 0
56 0.225592 0.892259 0
57 0.225592 0.558926 0
58 0.451184 0.451184 0
59 1.78452 0.451184 0
60 2.25592 0.922589 0
61 2.25592 2.25592 0
62 0.922589 2.25592 0
63 0.451184 1.78452 0
64 0.784518 0.451184 0
65 1.11785 0.451184 0
66 1.45118 0.451184 0
67 2.02022 0.686887 0
68 2.25592 1.25592 0
69 2.25592 1.58926 0
70 2.25592 1.92259 0
71 1.92259 2.25592 0
72 1.58926 2.25592 0
73 1.25592 2.25592 0
74 0.686887 2.02022 0
75 0.451184 1.45118 0
76 0.451184 1.11785 0
77 0.451184 0.784518 0
78 0.676777 0.676777 0
79 1.67678 0.676777 0
80 2.03033 1.03033 0
81 2.03033 2.03033 0
82 1.03033 2.03033 0
83 0.676777 1.67678 0
84 1.01011 0.676777 0
85 1.34344 0.676777 0
86 1.85355 0.853553 0
87 2.03033 1.36366 0
88 2.03033 1.697 0
89 1.697 2.03033 0
90 1.36366 2.03033 0
91 0.853553 1.85355 0
92 0.676777 1.34344 0
93 0.676777 1.01011 0
94 0.902369 0.902369 0
95 1.56904 0.902369 0
96 1.80474 1.13807 0
97 1.80474 1.80474 0
98 1.13807 1.80474 0
99 0.902369 1.56904 0
100 1.2357 0.902369 0
101 1.80474 1.4714 0
102 1.4714 1.80474 0
103 0.902369 1.2357 0
104 1.12796 1.12796 0
105 1.46129 1.12796 0
106 1.57915 1.24581 0
107 1.57915 1.57915 0
108 1.24581 1.57915 0
109 1.12796 1.46129 0
];

pointload = [
];



connec = [
1 5 24 36
2 65 64 39
3 51 36 62
4 100 104 94
5 50 51 73
6 107 102 108
7 96 80 87
8 83 75 92
9 98 102 90
10 85 100 84
11 6 37 25
12 58 38 64
13 76 77 93
14 64 65 84
15 94 78 84
16 52 36 24
17 37 54 63
18 56 28 29
19 94 104 103
20 79 95 85
21 90 82 98
22 62 52 74
23 42 59 33
24 39 64 38
25 98 108 102
26 70 47 61
27 60 80 67
28 34 44 60
29 69 70 88
30 44 15 45
31 13 42 12
32 41 66 40
33 10 41 40
34 86 95 79
35 43 60 67
36 67 59 42
37 33 41 11
38 59 41 33
39 59 66 41
40 42 33 12
41 41 10 11
42 32 38 58
43 1 7 32
44 56 57 77
45 32 7 38
46 30 32 57
47 30 1 32
48 77 58 78
49 57 32 58
50 38 7 8
51 40 9 10
52 40 65 39
53 66 65 40
54 84 78 64
55 58 64 78
56 38 8 39
57 9 39 8
58 9 40 39
59 65 85 84
60 95 100 85
61 66 85 65
62 66 59 79
63 93 94 103
64 101 106 96
65 75 76 92
66 77 57 58
67 78 94 93
68 84 100 94
69 92 76 93
70 55 28 56
71 93 77 78
72 76 55 56
73 30 57 29
74 83 63 75
75 27 28 55
76 57 56 29
77 77 76 56
78 55 54 27
79 109 99 103
80 55 75 54
81 55 76 75
82 74 83 91
83 63 54 75
84 27 54 26
85 74 63 83
86 37 26 54
87 53 37 63
88 53 25 37
89 26 37 6
90 25 53 52
91 25 52 24
92 53 63 74
93 62 74 82
94 52 53 74
95 73 62 82
96 36 52 62
97 5 36 23
98 22 51 50
99 23 36 51
100 90 73 82
101 51 62 73
102 99 108 98
103 105 31 104
104 74 91 82
105 91 99 98
106 91 98 82
107 91 83 99
108 92 99 83
109 105 104 100
110 92 103 99
111 92 93 103
112 99 109 108
113 103 104 109
114 107 97 102
115 90 89 72
116 88 70 81
117 47 35 61
118 88 81 97
119 49 21 50
120 97 89 102
121 97 81 89
122 72 89 71
123 90 102 89
124 22 50 21
125 73 90 72
126 23 51 22
127 81 61 71
128 48 20 49
129 50 72 49
130 50 73 72
131 72 71 49
132 89 81 71
133 71 48 49
134 35 19 48
135 49 20 21
136 35 18 4
137 48 61 35
138 48 71 61
139 48 19 20
140 35 4 19
141 70 61 81
142 18 47 17
143 18 35 47
144 69 46 70
145 46 47 70
146 16 46 45
147 17 47 46
148 17 46 16
149 16 45 15
150 87 80 68
151 15 44 14
152 68 80 60
153 45 68 44
154 68 69 87
155 45 69 68
156 88 97 101
157 87 69 88
158 45 46 69
159 31 106 107
160 87 88 101
161 109 31 108
162 101 97 107
163 108 31 107
164 109 104 31
165 87 101 96
166 101 107 106
167 105 95 96
168 96 95 86
169 106 105 96
170 85 66 79
171 95 105 100
172 106 31 105
173 33 11 2
174 67 79 59
175 86 80 96
176 67 86 79
177 67 80 86
178 33 2 12
179 42 43 67
180 44 68 60
181 13 43 42
182 34 60 43
183 13 34 43
184 14 44 34
185 34 13 3
186 12 2 3
187 34 3 14
188 13 12 3
];

%% Variable Prescribed
% Node 	 Dimension 	 Value

dirichlet_data = [
1 1 0
1 2 0
2 1 0
2 2 0
3 1 0
3 2 0
4 1 0
4 2 0
5 1 0
5 2 0
6 1 0
6 2 0
];


%% Force Prescribed
% Node 	 Dimension 	 Value

pointload_complete = [
];


%% Volumetric Force
% Element 	 Dimension 	 Force_Dim

Vol_force = [
];


%% Group Elements
% Element 	 Group_num

Group = [
];


%% Group Elements
% Elements that are considered holes initially
% Element

Initial_holes = [
];


%% Boundary Elements
% Elements that can not be removed
% Element

Boundary_elements = [
];


%% Micro Gauss Post
% Element

Micro_gauss_post = [
];


%% Master-Slave

Master_slave = [
7 23
8 22
9 21
10 20
11 19
12 25
13 24
14 30
15 29
16 28
17 27
18 26
];

%% Nodes Solid
% Nodes that must remain
% Nodes

% nodesolid = 1;


%% External Border Elements
% Detect the elements that define the edge of the domain
% Element 	 Node(1) 	 Node(2)

External_border_elements = [
];


%% External Border Nodes
% Detect the nodes that define the edge of the domain
% Node 	 

External_border_nodes = [
];


%% Materials
% Materials that have been used
% Material_Num 	 Mat_density 	 Young_Modulus 	 Poisson

Materials = [
];