-2.39188230133737
-2.37929105983286
-2.33608421652987
-2.24432083184698
-2.06776939100825
-1.73900067039232
-1.13587989308385
-0.0653681101497165
-1.64987859242269
-3.92862320563308
-6.28342846128765
-8.0892261685012
-9.02662889061287
-9.1511506655944
-8.70386473822723
-8.00939757216654
-7.32890582927583
-6.73802791409702
-6.21292827546567
-5.73422994443338
-5.29772016784114
-4.90250786381258
-4.54887283511718
-4.2375487752668
-3.96756669751854
-3.73600673759431
-3.53900545934005
-3.37250157672976
-3.2326000101792
-3.11574791321664
-3.01879138083428
-2.93896148743426
-2.87382940345479
-2.8212586437475
-2.77936828020073
-2.74650612839041
-2.72122538558171
-2.70226095772855
-2.68850566115586
-2.67898808172542
-2.67285358363252
-2.6693491385151
-2.6678120021113
-2.66766191145813
-2.66839631355649
-2.66958806593613
-2.67088501316505
-2.67201082211635
-2.67276645978274
-2.67303173939713
-2.38069640391257
-2.37053397992811
-2.33450254741115
-2.25458873716539
-2.09526270539276
-1.79114659589124
-1.21866695255166
-0.145446932068023
-1.72351759636642
-4.24354664462923
-6.80285058596078
-8.60367168752706
-9.43166128387886
-9.49270065780279
-8.90087014606712
-8.04272728944933
-7.33749353153169
-6.76246420392873
-6.24013372367211
-5.75673422094303
-5.3167604701008
-4.91675540755218
-4.55751891997102
-4.24189387640105
-3.96900436587931
-3.73538443782325
-3.53689692171138
-3.36929809546082
-3.22856353643879
-3.11106282029506
-3.01359799749021
-2.93337701886666
-2.86795423571555
-2.81517426091343
-2.77313645979181
-2.74017220478011
-2.71482320809415
-2.69581705953409
-2.68204183512159
-2.67252263237271
-2.6664017621177
-2.66292315366474
-2.66142085168963
-2.6613111800448
-2.66208803199046
-2.66332070276196
-2.66465365349627
-2.66580757085123
-2.66658107799376
-2.66685248657346
-2.34200657913922
-2.33899852076696
-2.32386086813437
-2.27769775725047
-2.1662888150565
-1.93140990858182
-1.46093583633855
-0.467906225027756
-1.92630039090051
-4.84618717790921
-6.39682851109896
-7.46219400259904
-8.34663569542186
-9.28340953038593
-8.94895492369682
-7.92560894714183
-7.32836729198127
-6.87230786896937
-6.3221384633582
-5.81945156832526
-5.3783976528191
-4.96136441516119
-4.58188448096626
-4.254070386059
-3.97283193246092
-3.73314691387025
-3.53036140244076
-3.35957639697571
-3.21640725039598
-3.09699818723418
-2.99802266185338
-2.91663831306633
-2.85035868445343
-2.79696838864878
-2.75450226108006
-2.72124054142685
-2.69569149390057
-2.67656244248956
-2.66272855334958
-2.65320525865102
-2.64712614243273
-2.64372621479556
-2.64232995550637
-2.64234342184388
-2.64324974336109
-2.64460736226071
-2.64605037687874
-2.64729030370379
-2.64811852710754
-2.6484087091962
-2.258835723281
-2.26756772567442
-2.28595334315152
-2.29143258277855
-2.24876753676531
-2.10998698302213
-1.79956926555744
-1.13402898365746
-0.416757977592922
-0.519216067739904
1.49560209519227
1.44476023511798
1.08970403799325
0.197493536579856
-2.53743562957801
-4.59957258098191
-6.19315395388226
-6.79432110123903
-6.33919412812544
-5.89025930443342
-5.53757495771729
-5.02820771004123
-4.61470683154624
-4.2733985183252
-3.97718494035993
-3.72820769744524
-3.51885697157544
-3.34299830397853
-3.1960207341626
-3.07355369849156
-2.97207931205705
-2.88877909489628
-2.82112818314382
-2.76678464837439
-2.72365262838839
-2.6899232593849
-2.66405481760683
-2.64472729531583
-2.63079869253104
-2.6212708144736
-2.61526401158927
-2.61199904639033
-2.61078464970628
-2.61100966759282
-2.61213894655529
-2.61371227788989
-2.61534575732433
-2.61673481759428
-2.61765804934134
-2.61798085356868
-2.09682258414054
-2.12246744451535
-2.18792859247839
-2.26123669124746
-2.29871055407756
-2.25739869951609
-2.1026280848485
-1.79942681559824
-1.61427660813102
2.20977902573302
2.14558564816577
1.96421860433427
1.79521490975942
1.61701884943483
1.39022956120813
1.13453567257089
0.520036189275062
-1.66961257126054
-3.7934947685274
-5.40547426641826
-5.7655026290112
-4.98268033348741
-4.68743660301443
-4.29585561354056
-3.97576984201154
-3.72053690782169
-3.50136823286638
-3.31887014422376
-3.16742631882976
-3.04084189391489
-2.93575790474323
-2.84980473916258
-2.78039352273596
-2.72487419584058
-2.68091185872429
-2.64657974663465
-2.62028726453205
-2.60069138245251
-2.5866344846052
-2.57710376546986
-2.57120336486119
-2.56813515179022
-2.5671861026662
-2.56772073931767
-2.5691776007414
-2.57106916383146
-2.57298470344957
-2.57459532356635
-2.57566002834756
-2.5760314669568
-1.79186067007568
-1.84158787191282
-1.97432974017604
-2.14064017438916
-2.2730691447516
-2.32164443799743
-2.27259922762603
-2.17200677080451
-2.20708588617965
2.3004974263789
2.14033799373518
1.95000106500043
1.77898362649497
1.61787441450752
1.46713801278193
1.34555240171084
1.2325208393331
1.078319442251
0.839097813021303
0.0427715077971196
-2.47444339320426
-4.20647222630825
-4.86857248600982
-4.2130698388646
-3.98666322375221
-3.71360767968331
-3.47279504752121
-3.28640789716009
-3.13169405368171
-2.99921711440248
-2.88878532536742
-2.79957511419066
-2.72834498952454
-2.67163703081187
-2.62676552877914
-2.59172304689726
-2.56490965889557
-2.54497693242086
-2.53075811521802
-2.52122759073551
-2.51547175175455
-2.51266941876585
-2.5120798721877
-2.51303599971996
-2.51494138983812
-2.51727131727507
-2.51957759708347
-2.521496598285
-2.52275888008705
-2.52319835938586
-1.22704272041083
-1.30749145289122
-1.53970704722932
-1.8583389167132
-2.13746547364273
-2.28789424786831
-2.3230616013006
-2.30572415094673
2.33119165684727
2.25608828596261
2.07557755726872
1.89933465835487
1.73975308298795
1.59325847452801
1.46058945801384
1.34213344278763
1.23208829338526
1.127370448655
1.0389825227803
0.948680582951074
0.748470748307526
0.107596131652333
-2.20283086869213
-3.6242045150064
-4.12736351297085
-3.66827564025087
-3.41851521598222
-3.2494502506339
-3.09406076389446
-2.94833110100757
-2.82974655243809
-2.73772348710303
-2.66538785937475
-2.6077225929692
-2.56188769524884
-2.52601822535303
-2.49858088790509
-2.47823687735206
-2.4638177212941
-2.45428975324267
-2.44872095545439
-2.44626260790931
-2.44614020879845
-2.44764775191525
-2.4501447728931
-2.45305793115284
-2.45588827890863
-2.4582236597055
-2.45975398307527
-2.4602859969524
-0.21275879763947
-0.297365035796731
-0.618711384276662
-1.24682082922821
-1.85858077496495
-2.19595076615146
-2.31035731188199
2.34568802027371
2.29528389595488
2.14826041477046
1.98769699432646
1.83410454548554
1.69059757199965
1.55755456023992
1.43495467611837
1.32218175892925
1.21796385768131
1.12234412091401
1.03495541105158
0.95117525219217
0.869959827166266
0.792708257635396
0.591067625942186
-0.40655618867237
-2.59512069472957
-3.37462266443754
-3.29805347095816
-3.25711627268029
-3.06315769778557
-2.88052152840408
-2.75493107407206
-2.66429710914068
-2.59265995764095
-2.53414778928214
-2.4871176836972
-2.45025873019687
-2.42208393641284
-2.4012384605093
-2.38656793403074
-2.37704226609476
-2.37170826797686
-2.36968247416807
-2.37015047809505
-2.37236131817237
-2.37562171809627
-2.37929662958083
-2.38281919727386
-2.38570965922151
-2.38759964575947
-2.38825624140331
-1.44620381190749
-1.48970190516755
-1.59284463099639
-0.163202624083761
-1.67444754073006
-2.21849174876223
2.33342599689303
2.29635665120109
2.17054465902823
2.03085330034413
1.89311950915439
1.75959574416937
1.63226178648173
1.51218204270742
1.39970972510197
1.29473022743285
1.19690976872362
1.10586863684332
1.02082130204385
0.940885061374722
0.866129338870567
0.793991295147396
0.721242295527155
0.645872067026686
0.387938131369142
-1.11262605563948
-2.75132664428776
-3.45415742858871
-2.98953316422308
-2.77233792186078
-2.66061110163208
-2.582850378793
-2.51279698062085
-2.4520779177078
-2.40328887848862
-2.36534237620327
-2.33632203648451
-2.31483980867025
-2.29984190906934
-2.2903186926471
-2.28527647451157
-2.2837829447948
-2.28498012439419
-2.28807055495896
-2.2923016596072
-2.29696197244492
-2.30139400260884
-2.30502294261959
-2.30739561238831
-2.30822014861232
-3.72451137709993
-4.0059101623676
-4.41140870088881
-0.651422967957198
2.21641381495392
2.30385903896874
2.25906474635707
2.15016824078258
2.03179487375575
1.91328386484156
1.79533884257635
1.67947021802575
1.56719303996327
1.45960701143131
1.35733586376907
1.26062439000686
1.16945939872996
1.08363295085688
1.00277585169149
0.926487367378286
0.854284632126571
0.785704922070833
0.721058123340597
0.660159604730908
0.598841196183474
0.48784090666315
-0.0070789962031481
-1.96516292590633
-2.69273135309092
-2.58406201996295
-2.56189165585558
-2.50686112244175
-2.42865988628445
-2.36144011041589
-2.31103466775487
-2.27241588557422
-2.24233437112206
-2.21993356373251
-2.20450923540223
-2.1950132387548
-2.19033752060861
-2.18948337779243
-2.19155826518439
-2.19572792653005
-2.20117951829001
-2.20710912707595
-2.21273770522322
-2.21735458084231
-2.22038039308247
-2.22143349257164
-6.14861088342399
-6.72705099562679
-6.09690025715729
1.61609689839085
2.15103514951807
2.14367812705812
2.0787538128156
1.99031503749496
1.89496431688754
1.79629648744813
1.69613024233174
1.59610180792435
1.49764494356073
1.40187948712934
1.30957550014537
1.22119100903067
1.13693614326092
1.05683294004317
0.980773397516103
0.908575852091474
0.840042590824382
0.775074120072794
0.713729010145553
0.656188209813523
0.602390451861443
0.552859127540852
0.505729400558989
0.295465332469645
-1.01947881158296
-2.11579731527668
-2.54678751323307
-2.45487245026026
-2.3337593030444
-2.25823278244981
-2.21202423672742
-2.17344260861896
-2.14115441829597
-2.11728157680433
-2.10143553917193
-2.09208232216038
-2.08786725942234
-2.08774905274791
-2.09084290991904
-2.09630720143865
-2.1032774759111
-2.11084088192964
-2.11805410806681
-2.12400818976916
-2.12793101717442
-2.12930030197329
-7.99977313295117
-8.58494122701416
-7.1084562880768
1.5665427693543
1.96451895523669
1.95257825820649
1.90299811199119
1.83756814060897
1.76240313100006
1.68142857790285
1.59711102456091
1.51128610481455
1.42542421349897
1.34067942299566
1.25790781497303
1.17769977280226
1.10042511851439
1.02628226850517
0.955347614967708
0.887625174490301
0.823100093851818
0.761790785251218
0.703776962204593
0.649188376409723
0.598309204824859
0.551547628730657
0.507279384347729
0.459745558667682
0.350501151793414
-0.392263858900292
-1.84425057935095
-2.37975335729416
-2.17714063645223
-2.14241644757258
-2.11483506811992
-2.07117329774385
-2.03276439460834
-2.00727298093009
-1.99156515487078
-1.98259771867319
-1.97891200427787
-1.97957021344826
-1.98378319502691
-1.99075578185466
-1.9995944759111
-2.00926422018899
-2.01859932048995
-2.0263947251706
-2.03157513045648
-2.03339155124322
-8.90662938434458
-9.29133538299327
-7.82472903340913
1.23452231268526
1.79879817347262
1.78353740361609
1.74473283264403
1.69516946606233
1.63612665506725
1.57019917241129
1.49969976698649
1.42646929180844
1.35197511241237
1.27737991388504
1.20358146697093
1.13124720535416
1.06085142953689
0.992714818280219
0.927044614002085
0.863974498193014
0.803602482000125
0.746021605202153
0.691335897678925
0.63966290526709
0.591098711877763
0.545498199988303
0.50236187565958
0.461211822579609
0.420610503573727
0.377199280134965
0.179063889069793
-1.01212832472089
-1.7882422106246
-2.06488393135109
-2.04249373781476
-1.96184352183634
-1.91356035076941
-1.89068207127565
-1.87626473127747
-1.86781412327237
-1.86459201651186
-1.86593096159892
-1.87127217419617
-1.87993428832064
-1.89103670965889
-1.90342840923272
-1.91564823240169
-1.92603671918639
-1.93302563105863
-1.93549119575415
-9.00392836203464
-9.29656742925679
-8.74235255457317
0.501553200338789
1.62984092868448
1.62599884489155
1.59994591838701
1.56335144958677
1.51715464043576
1.46368507360538
1.40499581505467
1.34278500774096
1.27844178813459
1.21309167867886
1.14763198667682
1.08276271224262
1.01901708183363
0.956792751382398
0.896383084801817
0.838007203229386
0.781836627802311
0.728015148610716
0.676668113789201
0.627895577811447
0.581736740008556
0.538124369487475
0.496921904499296
0.458118291135855
0.422083628262024
0.389322559562919
0.358223702151081
0.261963471079155
-0.450427218768309
-1.57082098650558
-1.97527748195661
-1.7987439686384
-1.78513401835791
-1.77141131706743
-1.75716145227672
-1.74923093358852
-1.74606722406445
-1.7477526075886
-1.75409688983668
-1.764548040492
-1.7783161544106
-1.7942254944046
-1.81044756283317
-1.82459122694474
-1.83425603605222
-1.83769022019442
-8.58451944934721
-8.77275927334908
-8.74093425245026
-1.86293921680512
1.41821200181472
1.47776675112487
1.46837334839145
1.44188184748201
1.4057719886967
1.36247345956206
1.31374439155179
1.26107000058173
1.2057057117379
1.1486977596719
1.0909060076506
1.03302671420352
0.975615494923474
0.919110737520352
0.863856897746275
0.810126457001674
0.758138799004743
0.708073875610553
0.660078414258932
0.614262864888341
0.570692189653088
0.529387729285787
0.490366615521111
0.4537175667756
0.41964178217604
0.388354804398731
0.359342161461341
0.330399050751476
0.296127746838715
0.127830821238949
-0.809363012400561
-1.44393343324331
-1.6858261993021
-1.64619869816783
-1.63685605733482
-1.62866793291985
-1.62433100812285
-1.62581828715756
-1.63291403155237
-1.64511513832164
-1.66177493892618
-1.68220350943555
-1.70414963785196
-1.723915407449
-1.73764926112593
-1.7425613970075
-7.93075392657911
-7.98146165521097
-7.877684122307
-4.0916503190901
1.19352383874999
1.35453973754409
1.35066799439141
1.33018832060484
1.30182113905862
1.26677136997269
1.22637963793124
1.181898265231
1.13442072688192
1.08488509812498
1.03408608316948
0.98268850369726
0.931242344719647
0.880198941819998
0.829927428691937
0.780730304788529
0.732856839439475
0.686513058678034
0.641867485304054
0.599053215371783
0.558170093731945
0.519294151764729
0.482498507130098
0.447874108492317
0.415517206895782
0.385435905574462
0.357497578442634
0.331664372260707
0.308205526598372
0.286587359342166
0.220279679389164
-0.245099228019653
-1.05809345646046
-1.43154630382391
-1.52236535115396
-1.5040736346661
-1.50156892319512
-1.49984104286195
-1.508652919938
-1.52215533918948
-1.54088850290441
-1.56720711479277
-1.59774893402949
-1.62624093069228
-1.64627738691061
-1.65345441558265
-7.26776798914963
-7.28380070969537
-7.285640712408
-5.77601299942365
0.7355331038389
1.24495011412374
1.24249788199301
1.22702195345345
1.20489791160984
1.17653118999757
1.143096127072
1.10563020607577
1.06505187614498
1.02217592819563
0.97771490416167
0.932283319345638
0.886405436686679
0.840525197902072
0.795017008747386
0.750196279663153
0.706328787274402
0.663638161097766
0.62231131285807
0.582502576905594
0.544338473642739
0.507925058074651
0.473356793080604
0.440719913964782
0.410080151758011
0.381462954530443
0.354870949374421
0.330360939972553
0.308056530137961
0.287573679439763
0.267829541890397
0.247136181782111
0.166144639517382
-0.349204217443013
-0.988918181810331
-1.30249386284714
-1.36619287982151
-1.36126481500753
-1.38963322774992
-1.39479571794013
-1.41291373935099
-1.44791891746708
-1.49207318452259
-1.53468157908574
-1.56439824454763
-1.5749057905006
-6.67589861029653
-6.70577363125007
-6.82651061781385
-6.67471303140737
-0.979525880575755
1.10811975786
1.13991491176163
1.13188953373018
1.11453986174325
1.09153355354245
1.0639195239142
1.03246623936389
0.997915871704792
0.960958824420296
0.922218681771201
0.882248786926233
0.841534492797858
0.800498257145136
0.759505940249474
0.7188733618476
0.678872478792645
0.639736777248812
0.601665818870484
0.564829324255729
0.529371439828303
0.495415391655846
0.463067314840248
0.432416707572397
0.403532862506828
0.376463526097944
0.351244337948904
0.327906544895931
0.306430743737557
0.286724936424165
0.268776713511377
0.252618298371636
0.238113432533978
0.220365886668528
0.152056865811763
-0.226234072739784
-0.723268257757476
-1.06696032722524
-1.23271882276238
-1.23284894385287
-1.27438478588076
-1.31883474761511
-1.38853689695241
-1.45474592847272
-1.49811915714839
-1.51291826694718
-6.141975093932
-6.17287060204503
-6.28218920404849
-6.349289610894
-3.30820824649218
0.886060532622876
1.04915742760692
1.04453808981816
1.0299992314703
1.01145319957217
0.988776245302396
0.962497892071877
0.933219232817548
0.901517729412109
0.867929076606488
0.832940637961728
0.796991130704296
0.760472494936468
0.723732691808058
0.687079035300352
0.65078172955575
0.615077338686889
0.580172073743472
0.546244955536934
0.513450938759694
0.481923821351841
0.451778332641475
0.423110803363341
0.395998952653955
0.370502677812359
0.34666589953631
0.32451373266856
0.304046009045371
0.285250061728738
0.268132708595366
0.25273185750311
0.238933307341636
0.226557725871303
0.215720083133
0.203696642056433
0.172994462542324
0.0699097769677852
-0.266413869669994
-0.576885233101543
-0.80409918849585
-0.942899283660307
-1.07416829864374
-1.16900347057102
-1.2237588647241
-1.24036313912298
-5.65359811154531
-5.67407568651616
-5.7248221128673
-5.72541510733087
-4.95181044451829
0.255082859760883
0.959967458695395
0.960715715112025
0.95053563711769
0.936011827618225
0.917554903444449
0.895750188071772
0.871090103282401
0.844057113375462
0.815102968638926
0.784647424850398
0.75307884397302
0.720753674118501
0.687996241519438
0.655099364986254
0.622325664421035
0.589909298726775
0.55805792783894
0.526954774445443
0.496760672029288
0.46761590778368
0.439641605928701
0.412940545808562
0.387597684212121
0.363680752128126
0.341240609092859
0.320310968609738
0.300909860714178
0.283046001912971
0.266724913293706
0.251935832957152
0.238642911794126
0.226825568122865
0.216372017806963
0.207187653463655
0.199541022103204
0.19281443669748
0.184098271432566
0.17282894899181
0.152028760878
0.12406879711884
0.100749609859591
0.0850193586404304
0.0760768262253825
0.0714643675491922
-5.21430645011027
-5.22765493603876
-5.26671798953266
-5.36974289520014
-5.47839129770506
-2.07672991895038
0.783081923597373
0.879669090534601
0.876497302347349
0.864967561662174
0.850145117338433
0.832207710333961
0.811600292747414
0.78872253873016
0.763939868612228
0.737603986439742
0.710052597583694
0.681605139267235
0.652559549218583
0.623190582006601
0.593749300900382
0.564463358573612
0.535537773522149
0.507155986677504
0.479481023594285
0.452656600816681
0.426808047058481
0.402043005070365
0.378451995223799
0.356108929112946
0.335071604740029
0.315382451760841
0.297070165173853
0.280152019087819
0.264634253469086
0.250509666644988
0.237757988683221
0.22634355151917
0.216220203004503
0.207365907307284
0.199700725802025
0.192979405009365
0.187121310155839
0.182349138168872
0.1784427046022
0.175308485255023
0.172719817883204
0.170740036043897
0.169499455339395
0.16907779987403
-4.8266822523683
-4.83616349342263
-4.86564108566317
-4.91010234988516
-4.8627210445439
-3.90615367496881
0.304953090550332
0.804466042094704
0.806237153858418
0.798214966494936
0.786450143806709
0.771809670661084
0.754779348505224
0.735618683128683
0.714597489765883
0.692003476551433
0.668127599211991
0.643253835331683
0.61765336982009
0.591581256220507
0.565274586641108
0.53895166729235
0.512811852575069
0.487035784093327
0.461785848236752
0.437206713979437
0.41342585970674
0.390554055066232
0.368685815337191
0.347899872397566
0.328259735007582
0.309814462375401
0.292599696484778
0.276638599495712
0.26194211214927
0.248508713258111
0.236324279240708
0.225362805488956
0.215589429411925
0.206956052971539
0.199383877678024
0.192783262071129
0.187112541713089
0.182335648577805
0.178377925802528
0.175142010265643
0.172564710176036
0.170660069726007
0.169485517658583
0.169088383460263
-4.48826572709732
-4.49428552718556
-4.51113609419
-4.53250473834072
-4.57624451303765
-4.61349803612369
-1.73131788169052
0.648392942440458
0.73957942372175
0.736097015039352
0.726176149519473
0.714437024287643
0.700636741024364
0.68482875317754
0.66720563890978
0.648007504662184
0.627486769017223
0.605895649324053
0.58347986870629
0.560474543234825
0.537101571136172
0.513568097044211
0.490065685567061
0.466769947820694
0.443840451783428
0.421420802747014
0.399638821148017
0.378606781783172
0.358421709346505
0.339165747251463
0.320906629820163
0.303698276561569
0.287581455144442
0.272584355740872
0.258722944095596
0.24600115979857
0.234411201612073
0.223934100059261
0.214539821467129
0.206185695662617
0.198817463377662
0.192379717306948
0.186824396145807
0.182103505479811
0.178160789841579
0.174941316429497
0.172413222303524
0.170578665169506
0.169461648651615
0.169086166081092
-4.19500806458569
-4.19838046309397
-4.20799543902041
-4.22382062625738
-4.24486616305418
-4.1885723816008
-3.48398325146014
0.128761236704492
0.676615211829993
0.676296760828427
0.668794532212333
0.660005394132214
0.649207328279017
0.636432991046147
0.6218762737867
0.60575355457669
0.588286481146574
0.569699721480577
0.550215707772836
0.53005023010342
0.509409561052667
0.488488617372748
0.467469746107777
0.446521922780884
0.425800244692197
0.405445641218314
0.385584747095703
0.366329905536488
0.347779285528402
0.330017109294945
0.313113987828993
0.297127348357581
0.282101907794198
0.26807012628187
0.255052602863965
0.243058445613473
0.23208569181324
0.22212177246251
0.213143921896628
0.205119972677534
0.198010896730105
0.191775043990705
0.186370874668911
0.181756597597158
0.177890849228206
0.174738621264747
0.172279548669889
0.170510958979132
0.169442186858742
0.169084365197066
-3.94245293581177
-3.94391748060299
-3.94827087095747
-3.95543328255853
-3.96467579869824
-4.0111090554004
-4.17621913213744
-1.95300365562476
0.486851714219122
0.614015015083634
0.614356239853465
0.608662201218977
0.600582437791156
0.590509735107479
0.578706984126553
0.565359383414897
0.55066041175154
0.534811547841938
0.518014445414311
0.500466455752176
0.482358183379619
0.463871740914381
0.445179349223177
0.426442236934848
0.407809812911117
0.389419075256292
0.371394222356215
0.353846438883618
0.33687383682788
0.320561535619097
0.304981864272853
0.290194661453175
0.276247640676983
0.263176788323183
0.251006780345518
0.23975143234707
0.229414214575351
0.219988868016779
0.211460225843944
0.20380551524071
0.196996375679499
0.191001239133691
0.185787265856298
0.181321812950074
0.177574617956482
0.17452137289723
0.172147198168443
0.170447391864542
0.169424410764898
0.169082731146999
-3.72596486404577
-3.72581523110141
-3.72535565239693
-3.72467490627834
-3.72545488905477
-3.72696519489424
-3.63830854573564
-3.11797307161663
-0.604956129965426
0.543506256498439
0.563631219593807
0.560805897306174
0.554805640164103
0.547117235001464
0.537782057278554
0.526925387361816
0.514721498359704
0.501354854330927
0.487008265775059
0.471861105728749
0.456088338079876
0.439859010143862
0.423334698880615
0.406668167842032
0.390002281139219
0.373469163134079
0.357189584886651
0.341272557738951
0.325815113692964
0.310902251125581
0.296607022532256
0.282990738728088
0.270103263600379
0.257983378809593
0.246659210445378
0.236148726321365
0.226460329093682
0.217593591887305
0.209540218250007
0.202285323147509
0.195809041689202
0.190088295139111
0.185098513981902
0.180815375621127
0.177216813962565
0.17428522433959
0.172009110149095
0.170383208261355
0.169406819038225
0.169081122354207
-3.54125022378659
-3.53967160035386
-3.53489146796278
-3.52676475905814
-3.51434550508539
-3.49165883822664
-3.462600218052
-3.51957098856491
-2.5125042537877
0.278001969102393
0.514664017751709
0.515817059273866
0.511786416873031
0.50631023905373
0.499179334625989
0.490534373506781
0.480561683370519
0.469432489339147
0.457309268174569
0.4443529865526
0.430723066660724
0.416575510746286
0.402061052418057
0.387323592656381
0.372498898302964
0.35771355007494
0.343084135904025
0.328716678469178
0.314706277484007
0.301136942119079
0.288081586687955
0.275602162870261
0.263749904652301
0.252565668625844
0.242080362293527
0.232315465302533
0.223283661790786
0.214989615573565
0.207430928123534
0.200599305416752
0.194481911927471
0.189062838678498
0.184324618524343
0.180249781646586
0.176822439088683
0.174029719408599
0.171862679622404
0.170316323988285
0.169388697033174
0.169079470109335
-3.38455357735236
-3.38175333690108
-3.37327944213223
-3.35885096546585
-3.33782485434617
-3.31064585117692
-3.28528001604222
-3.26958468130902
-3.17363077557016
-1.25716527689119
0.384780139322704
0.470682579285304
0.471620613249879
0.468212903121953
0.462967929316406
0.456242449668961
0.448250072829516
0.43912733009807
0.429010747297987
0.418042917145973
0.406368373613871
0.394130408570326
0.381468974933089
0.368518980002708
0.355408800266518
0.34225903978672
0.329181555021327
0.316278742752824
0.303643070359787
0.291356819620898
0.279492013189752
0.268110494614817
0.257264137293996
0.246995164576328
0.237336571792209
0.228312650377651
0.21993962316119
0.212226406106048
0.205175511092977
0.198784091820319
0.193045112275631
0.187948598001768
0.183482927371166
0.179636121051243
0.176397058265784
0.173756479797688
0.171707586856
0.170246095935537
0.169369781818796
0.169077748296463
-3.25256393350837
-3.24876440844729
-3.23730351309369
-3.21799439694388
-3.19063386491649
-3.15530306676649
-3.11076499728157
-3.0445291639848
-2.88930288760173
-2.39176923948636
-0.467233054581756
0.4197487611084
0.434672882247143
0.433014921252259
0.42912986989883
0.424066345337266
0.417835123285062
0.410504796182605
0.402188683460533
0.393014755390834
0.383114014088613
0.372617511038867
0.361654666564637
0.350351494672794
0.338828917379318
0.327201334869786
0.315575501966575
0.304049704518216
0.292713206881779
0.281645934222746
0.270918353089516
0.260591517362847
0.250717252586011
0.241338458871165
0.232489520276389
0.224196815896738
0.216479333765041
0.209349391392304
0.202813464480475
0.196873117130777
0.19152601488936
0.186766990911003
0.182589127399052
0.17898480382017
0.175946642798072
0.173468259950528
0.171544720812312
0.170172653471235
0.169350058126104
0.169075954300605
-3.1423029594758
-3.13771199189667
-3.1239023581789
-3.1007659473948
-3.06810500133917
-3.02535769907828
-2.9704560895128
-2.89812090329433
-2.81567652250201
-2.80944927105368
-2.03565180920043
0.201625218824847
0.399228326263834
0.400126576403094
0.39751646874836
0.394008955662945
0.389357594976744
0.383616122342225
0.376902736574382
0.36933624442844
0.361034265583295
0.352115860847733
0.342700349247736
0.332905190820011
0.322844000043871
0.312624921847887
0.302349385735083
0.292111204804978
0.281995974224341
0.272080721856366
0.262433767189354
0.253114751023311
0.244174805963188
0.235656845577612
0.227595957381776
0.220019890936963
0.212949636580185
0.206400091762496
0.200380810020581
0.194896822322611
0.189949513122171
0.18553752554728
0.181657662162491
0.178305738475695
0.175477335920717
0.17316839509654
0.171375599464191
0.170096532497219
0.169329642410672
0.169074098040678
-3.05106772757534
-3.04586210291467
-3.03023330464151
-3.00414144266647
-2.96749063242509
-2.92005948740224
-2.86165713039279
-2.79431645148204
-2.72922222563705
-2.68432082091726
-2.60567513400865
-1.08617656283975
0.292659906438594
0.367076572643634
0.368111425426292
0.366141916803124
0.362859461250494
0.358495507369198
0.353196035936904
0.347059850900633
0.340188776038193
0.332690369951006
0.324674692483468
0.316251267661026
0.307526737361577
0.298603078631159
0.289576281661469
0.280535416156905
0.271562020461461
0.262729753346611
0.254104256608392
0.245743186325455
0.237696380265908
0.230006137596776
0.222707594285143
0.215829183070172
0.209393170318955
0.203416263169773
0.197910279011676
0.192882865830281
0.188338256949131
0.184278037980898
0.180701897845288
0.177608329937924
0.174995245455038
0.172860461990491
0.171202041180733
0.170018471084095
0.169308717759128
0.169072195799064
-2.97640947532785
-2.97073348135569
-2.95371791828753
-2.92540178983556
-2.88586296036726
-2.83529243741919
-2.77431116954343
-2.7046054286262
-2.62788618136358
-2.5363314636917
-2.37395850027855
-1.95018709054693
-0.45928260186887
0.327930024100697
0.341210739669506
0.340619784004426
0.338331503656107
0.335152214231551
0.33109627802793
0.326224282635967
0.320623556100579
0.31439245131718
0.307633237184318
0.300448357483207
0.29293794574049
0.285197985212533
0.277318978800882
0.269385038307187
0.261473309650754
0.253653661101784
0.245988575257591
0.23853319920052
0.231335519130791
0.224436635296329
0.217871120293268
0.211667448893064
0.205848490535404
0.200432056584707
0.195431493548279
0.190856311027605
0.186712829708856
0.183004830745742
0.179734184020081
0.176901429759175
0.174506287154185
0.172548066810294
0.171025972636791
0.169939292950872
0.169287497040861
0.16907026673319
-2.91612278777828
-2.91009115069973
-2.89202946650821
-2.8620428319312
-2.82033022159215
-2.76723873739953
-2.70332777625017
-2.62915980218225
-2.54402569909838
-2.44342890100362
-2.32886072691466
-2.26015707920685
-1.68273356808467
0.150985912099021
0.316083112953377
0.317033352026574
0.315687398273634
0.31358294121047
0.310621713386172
0.306856627604414
0.30237182241863
0.297260517878383
0.291618761879753
0.285542817900139
0.279126810161289
0.272460924289677
0.265630144801703
0.258713430480849
0.251783225476413
0.244905220050307
0.238138296380966
0.231534613105311
0.225139795996791
0.21899321216775
0.213128312234841
0.207573029505702
0.202350227792128
0.197478190236099
0.192971140864699
0.188839788828996
0.1850918828468
0.181732760725961
0.178765876529125
0.176193286629098
0.174016076456131
0.172234713037408
0.170849314909276
0.16985984001632
0.169266201800417
0.169068330881926
-2.86823381210275
-2.86193658811171
-2.84309246704571
-2.81184809236561
-2.76846103280378
-2.71331220654503
-2.64688067197295
-2.56960896428188
-2.48180753505429
-2.38512940271522
-2.28871197425092
-2.21396154560594
-2.12807799921575
-0.853929091360664
0.242030920522522
0.294136854513644
0.2949302464264
0.293803241366372
0.291787179244446
0.288972582077932
0.285454178440431
0.281320239204478
0.27666155874713
0.271569016410255
0.266131172704009
0.260432568035013
0.254552602985813
0.248564871514137
0.242536810179606
0.236529564950779
0.230598011231797
0.224790884469026
0.219150992797868
0.213715492790476
0.208516215778161
0.20358003613854
0.198929274884531
0.194582132325598
0.190553142893765
0.18685364381031
0.183492247481233
0.180475305734541
0.177807352673376
0.175491512492559
0.173529859586479
0.171923721036815
0.170673916117673
0.169780933196861
0.169245050098367
0.169066408019599
-2.83098435768748
-2.82449336713852
-2.80507651917658
-2.77290374043597
-2.72826198021216
-2.67155456114423
-2.60329039975498
-2.52409306940307
-2.43489949096798
-2.33755624133954
-2.23453909665817
-2.12109763163342
-1.94855497714867
-1.56602057376878
-0.250733033215069
0.269729275149291
0.276072487341383
0.275862845482782
0.274589924632038
0.272574154422566
0.269878356961948
0.266584607961475
0.262779644534761
0.258549619963318
0.253977879116402
0.2491433600171
0.244119725948415
0.238974945980936
0.233771130950193
0.228564531126728
0.223405643096443
0.21833939218957
0.213405368752425
0.208638104885562
0.204067383608411
0.199718575309553
0.195612997440029
0.191768293276312
0.188198824673103
0.184916072401328
0.181929036228232
0.179244625632035
0.176868031245609
0.174803067084942
0.173052474590911
0.171618181618928
0.170501512624061
0.169703349949929
0.169224249573568
0.169064517002799
-2.80281107363709
-2.7961856113893
-2.77637037145134
-2.74354890327214
-2.69802688183638
-2.6402305626655
-2.5707075752994
-2.49014618462047
-2.39941436031758
-2.29941596568004
-2.19002336210004
-2.06773126029619
-1.93602476042925
-1.83895999632869
-1.14410920833554
0.178940538822617
0.258872985860802
0.259637123990027
0.259003021636955
0.257650805034466
0.255638888442287
0.253054017101483
0.249978964679167
0.246495916868095
0.242683213112324
0.238614017098852
0.23435596042596
0.229971061091995
0.225515770505859
0.221041109449702
0.216592863573189
0.212211816021244
0.207934003765445
0.203790991231082
0.199810158798178
0.196015005284671
0.192425463478903
0.189058226879073
0.18592708448593
0.18304325908407
0.180415743152482
0.178051625547407
0.17595640156846
0.174134259103945
0.172588334356719
0.171320932182372
0.170333708177606
0.169627812011881
0.169203993633603
0.169062675411338
-2.78232133595054
-2.77561186572849
-2.75554773204796
-2.72232116542084
-2.67625048310821
-2.61777717474826
-2.54746288658735
-2.46598320436004
-2.37408931524943
-2.27246286965874
-2.16152572665328
-2.04235612328752
-1.91946522368634
-1.78812831083908
-1.55462201551664
-0.393567496300686
0.236898084010389
0.24492965015927
0.245026387485939
0.244174819559996
0.242717534513992
0.240716536216039
0.238253550414543
0.235408210831061
0.232253478745577
0.228856194541316
0.225277506747156
0.22157310314082
0.217793440860545
0.213984008169313
0.210185599816666
0.206434590707628
0.202763203124949
0.199199769307107
0.195768993428942
0.192492216703395
0.18938768782707
0.186470839137972
0.183754567041739
0.181249513680294
0.178964345560295
0.176906023995892
0.175080061811614
0.173490760845905
0.172141425409835
0.171034547942097
0.170171964526484
0.169554979476876
0.169184459562901
0.16906089936889
-2.76826895259234
-2.76151908989331
-2.74133593225684
-2.70791769529913
-2.66159118154459
-2.60280650797389
-2.53212920298809
-2.45022638563994
-2.35784134354245
-2.25577464357672
-2.14499560661606
-2.02698518657135
-1.90337374654952
-1.77646127876106
-1.6553368666244
-1.09788715733427
0.155897258149007
0.231894332574249
0.232528457356669
0.232107705028083
0.231086670187327
0.229547320165885
0.227585511066511
0.225276435851179
0.222685841564084
0.219873370039701
0.216893177335912
0.213794241241036
0.210620718175163
0.207412313415895
0.204204621143647
0.201029422865328
0.197914950679222
0.194886127182251
0.191964793050865
0.189169930417922
0.18651788694866
0.184022602676347
0.181695839374342
0.179547410511441
0.17758540861127
0.175816426070459
0.174245765157159
0.172877632990391
0.171715317758849
0.170761343210209
0.170017599419393
0.169485448874273
0.169165807825567
0.169059203475242
-2.759532233015
-2.75277972103346
-2.73259035346386
-2.69916714900319
-2.65284356354521
-2.59407625896908
-2.52343517986398
-2.4415917487629
-2.34931085023999
-2.24746655377734
-2.1371057207656
-2.01950744862996
-1.89623883335443
-1.76943485603978
-1.63845662379985
-1.42721423772343
-0.294044667527692
0.216346038290096
0.221408636803973
0.221448981973473
0.220701291114614
0.219505670505049
0.217945555993046
0.216081372868203
0.213969555122655
0.211661986538044
0.209205446951704
0.206641879036877
0.204008891835371
0.201340236734499
0.198666190944911
0.196013856064771
0.193407396820118
0.190868243727329
0.188415277298087
0.186065005239566
0.18383173915311
0.181727773593601
0.179763567789821
0.177947928586276
0.176288192046822
0.174790400521695
0.173459471732812
0.172299356515327
0.171313182210938
0.170503379274881
0.169871789349705
0.169419753773018
0.169148182116525
0.169057600808303
-2.75509568804599
-2.74837280430363
-2.72827406953249
-2.69500737882757
-2.64891311498697
-2.59045528767696
-2.52021002828258
-2.43885346473363
-2.34715380869725
-2.24597468080788
-2.13629001960873
-2.01920021288489
-1.89593176677967
-1.76763382385737
-1.63571055955194
-1.48856474579068
-0.831759457347285
0.176373714740504
0.212116294764958
0.212104075935223
0.211473663709344
0.210536368416775
0.209295946921669
0.207796731525174
0.206087569672355
0.204212840301683
0.202211687030332
0.200118744480273
0.197964913200115
0.195777931975558
0.193582765395794
0.191401866547017
0.189255365729022
0.187161220134548
0.185135346276925
0.183191747712434
0.181342644493939
0.17959860686591
0.177968693235559
0.176460590932979
0.175080757387495
0.173834558902683
0.172726404089852
0.171759869142642
0.170937812445518
0.170262476450806
0.169735575271847
0.169358366957996
0.169131709875948
0.169056102969243
-2.75403575236956
-2.74736933847774
-2.72744211304104
-2.69446794542782
-2.64879608230636
-2.59090061219941
-2.52136645706783
-2.44087311231357
-2.35017800312842
-2.25010083233312
-2.14150812024493
-2.02529579808607
-1.90236832158522
-1.77365525368508
-1.63982681923296
-1.49723547057423
-1.21894717155407
0.0420541032066063
0.203602681342245
0.203745175051344
0.20330595003095
0.202584754460534
0.201595326089578
0.200391473444368
0.199018314118776
0.197512663067072
0.195905565300233
0.194224097372236
0.192492419088844
0.190732355251995
0.188963714250681
0.187204467992366
0.185470863947787
0.183777508381125
0.182137441590611
0.180562215532643
0.179061978220334
0.177645565875682
0.176320601893051
0.17509360062658
0.173970073497747
0.172954634735638
0.172051104100155
0.171262604131135
0.170591649768229
0.170040228558454
0.169609870071639
0.169301703538915
0.169116503079021
0.169054720153262
-2.75551055645453
-2.74892177433951
-2.72923015127443
-2.69665741894948
-2.65156501470561
-2.5944419587012
-2.52588799983975
-2.44659209580538
-2.35730595763551
-2.25881151054403
-2.15188028966877
-2.03722503032113
-1.91546124652453
-1.78716809594285
-1.65366279671658
-1.52556726712156
-1.36752154862917
-0.390040503560473
0.190903350034065
0.196293941961781
0.19618237667718
0.195605659990511
0.194800126225913
0.193831351014224
0.192737535172363
0.191545901109139
0.19027859641757
0.188955020988361
0.187592790088089
0.186208130229549
0.184816031592954
0.183430299460648
0.182063570096034
0.180727321241434
0.179431890449334
0.17818650606929
0.176999331529591
0.175877521503273
0.174827287601606
0.17385397086976
0.172962118299563
0.172155560685108
0.171437489357946
0.170810529612293
0.170276808943561
0.169838018556302
0.16949546693082
0.169250124551243
0.169102659173327
0.169053461234159
-2.75875364612145
-2.75225755380303
-2.73284746041962
-2.70075533541908
-2.65635914571299
-2.60016970291711
-2.53281178729101
-2.4549987771149
-2.36749920717386
-2.2710923316378
-2.16650796145477
-2.05434420663706
-1.93495643547329
-1.80831542181303
-1.67377571507938
-1.52653207954435
-1.33426088341375
-0.699827199199661
0.17131244890997
0.190236265071314
0.190084007967078
0.18954292043519
0.188861408230847
0.188080367879816
0.187220567368502
0.186296779333257
0.185321812724901
0.184307734378164
0.183266181357054
0.182208367448599
0.181144997210504
0.180086167310092
0.179041284384526
0.178019008335824
0.177027221627983
0.176073021852223
0.175162733716659
0.174301936454081
0.173495502866477
0.172747646587024
0.172061974532568
0.171441541901872
0.170888907436416
0.170406187001538
0.169995103868182
0.169657034379318
0.169393047966857
0.169203940738652
0.169090262074889
0.169052333854476
-2.7630714615585
-2.75667652060365
-2.73757409254261
-2.70600880048665
-2.66237973972793
-2.60722727443426
-2.54121383490043
-2.46509762302919
-2.37969717666174
-2.28584308484707
-2.18431013556264
-2.07571663300658
-1.96035889535198
-1.83787774769972
-1.7063289936222
-1.55992668169174
-1.38768502882569
-0.935035302716143
0.14025169756158
0.18529194233616
0.18487372393216
0.184313278265551
0.183726817072612
0.183104695282939
0.182445544055973
0.181751631221712
0.181027430967345
0.180278807675184
0.179512436510406
0.178735374498464
0.177954745127085
0.177177511377828
0.176410317537122
0.175659384107963
0.174930443399924
0.174228706031098
0.173558850686909
0.172925031122147
0.172330895650337
0.171779615323226
0.171273917737201
0.170816123973953
0.170408186636776
0.17005172731623
0.169748072133109
0.169498284277369
0.169303192697028
0.169163416294404
0.169079383159739
0.169051344515375
-2.76784426164347
-2.76155191895561
-2.74276206552618
-2.71173386127804
-2.66889130297861
-2.61481109111805
-2.55020506978376
-2.47589637002361
-2.39278765026215
-2.30181855822192
-2.20390720668512
-2.09986558473127
-1.99026755916085
-1.87522640506621
-1.75408282913769
-1.62553775430941
-1.48975987204304
-1.12437055136051
0.107755666584446
0.180875095981473
0.180364320118298
0.179837025136336
0.179354377668681
0.178879560338025
0.178397137555339
0.177901090824888
0.177390237659896
0.176866105851674
0.1763317773863
0.175791191361544
0.175248698677883
0.174708769905589
0.174175802743943
0.17365399695022
0.173147276149228
0.172659242716149
0.172193156167384
0.17175192825715
0.171338129828235
0.170954005732344
0.170601495021381
0.170282254245268
0.169997682159047
0.169748944497366
0.169536997753807
0.169362611128848
0.169226385997172
0.169128772400984
0.169070082205754
0.169050498662104
-2.77252998926599
-2.76633449846281
-2.74784018786949
-2.71732152096478
-2.67522919449881
-2.62218000085092
-2.55894253217908
-2.48641849872839
-2.40561921110229
-2.31763651025543
-2.22360734633782
-2.124672323836
-2.02193553351833
-1.91646715052774
-1.80951930036799
-1.70343549554014
-1.6042198354773
-1.28380133021915
0.0809835777893913
0.176911508276686
0.17649838998145
0.176084566481827
0.175727964353979
0.175395240625985
0.175069191246144
0.174741397585402
0.174408330573415
0.17406927822924
0.173725174804646
0.173377900397612
0.17302984456317
0.172683627730856
0.172341921611218
0.17200733392606
0.171682336027106
0.171369219648424
0.171070073696261
0.170786774898793
0.170520988014416
0.170274172529856
0.170047593606788
0.169842335604173
0.169659316904752
0.16949930506615
0.169362931536598
0.169250705345665
0.169163025316022
0.169100190452217
0.169062408252314
0.169049800762054
-2.77667033491324
-2.77055897618349
-2.75232176202435
-2.722247669901
-2.6808130389581
-2.62867389029805
-2.56665570136834
-2.49574122177229
-2.4170572621128
-2.33186211829343
-2.24153711215026
-2.14759064438313
-2.05169672124699
-1.95582461445738
-1.86258624546966
-1.7760122640575
-1.7028728499219
-1.4015328793143
0.0613411656939211
0.173598164246819
0.173346967689321
0.173082870930866
0.1728596640842
0.172657571003837
0.172464629787611
0.172274195760519
0.172082966730427
0.171889691169726
0.171694359109199
0.171497695748751
0.171300841414707
0.171105147377457
0.17091204498344
0.170722962056279
0.170539270319088
0.170362253495187
0.170193089364738
0.170032841312405
0.169882456332716
0.169742767383537
0.169614498585343
0.169498272171733
0.169394616377362
0.16930397364823
0.169226708704591
0.169163116096216
0.169113426974792
0.169077814875574
0.169056400354754
0.169049254373304
-2.77989802167461
-2.77385183348237
-2.75581400085336
-2.72608550147606
-2.6851640495526
-2.63373874910166
-2.57268373238393
-2.50305210295375
-2.42607225171537
-2.34314986653011
-2.25588124804497
-2.16608799228299
-2.07589156453201
-1.98785965773045
-1.90526612747316
-1.83247284349047
-1.77525850529205
-1.4813538783663
0.0479564475445314
0.171118138403193
0.171013360609095
0.170885773074696
0.170778347431985
0.17068252096536
0.170592515827678
0.170504829392513
0.170417559569057
0.170329852296209
0.170241512333958
0.170152744699473
0.170063986728317
0.169975799852522
0.169888800107728
0.16980361376481
0.169720849389234
0.169641080758545
0.169564837033339
0.169492597811533
0.169424791476886
0.169361795753062
0.169303939699859
0.169251506604026
0.16920473736336
0.169163834064802
0.169128963530388
0.169100260659132
0.169077831434257
0.169061755497443
0.169052088217551
0.169048862202165
-2.78194417657988
-2.77593923331171
-2.75802768538355
-2.72851843760443
-2.68792339274732
-2.63695376192771
-2.57651643870336
-2.50771223825719
-2.43183874455085
-2.35040184813722
-2.26514189811656
-2.17808257736273
-2.09161196659165
-2.00860170955073
-1.93255155666652
-1.86769535055623
-1.81890963810413
-1.5276626193835
0.0401920762352465
0.16958828426208
0.169580166543296
0.169544677126876
0.169514787766683
0.169488297779383
0.169463630161144
0.169439778510053
0.169416169330887
0.169392526116647
0.169368764292208
0.169344917981961
0.169321091306915
0.169297426673822
0.169274084338917
0.169251229347919
0.169229023302847
0.169207619309185
0.169187159037238
0.169167771199381
0.169149570977991
0.169132660087794
0.169117127252738
0.169103048940985
0.169090490244369
0.169079505818157
0.169070140817977
0.169062431786119
0.169056407451045
0.169052089412965
0.169049492695438
0.169048626148728
-2.78264463463174
-2.77665380863328
-2.75878550293037
-2.72935139371303
-2.68886835533541
-2.63805536848696
-2.57783087864471
-2.50931257100191
-2.43382251843157
-2.35290197147618
-2.26834158650514
-2.18223394697095
-2.09705365534014
-2.01576102642412
-1.94190027624678
-1.87961690541131
-1.83347155377352
-1.54412035896928
0.0395718764015988
0.169071286749265
0.16909698362752
0.169093728116955
0.169090985546126
0.169088558433319
0.16908630304416
0.169084126425586
0.169081974974491
0.169079822430143
0.169077660333996
0.169075491288362
0.1690733244435
0.169071172550669
0.169069050060921
0.169066971909758
0.169064952750769
0.169063006484906
0.169061145986051
0.169059382957895
0.169057727878851
0.169056190005694
0.16905477741554
0.169053497071731
0.169052354903145
0.169051355889175
0.169050504144595
0.169049802999909
0.169049255073887
0.169048862335783
0.169048626155414
0.169048547339789
-2.38814250836285
-2.36355551246305
-2.30369393503591
-2.1840078526918
-1.95808291943897
-1.54040347582189
-0.774634255505119
-0.584040790661601
-2.6917433238849
-5.25896273558445
-7.52944235459481
-8.90140763867851
-9.35486257938038
-9.08266858752678
-8.37578868352293
-7.62827428120606
-7.00169887281425
-6.45553760756467
-5.95598128822903
-5.49882576521776
-5.08325222205383
-4.70829032884903
-4.37564496146335
-4.08576253328558
-3.83629252793278
-3.62347521252977
-3.4431788586754
-3.29133320586122
-3.16417498111091
-3.05834582671397
-2.97089694134648
-2.89924750502531
-2.84112971806408
-2.79454487488671
-2.75773428987838
-2.72915655685109
-2.7074644270385
-2.69148037328381
-2.68017285605311
-2.67263532559357
-2.66806901780286
-2.66576976637874
-2.66511858593443
-2.66557556875265
-2.66667655138317
-2.66803196715765
-2.66932727302722
-2.67032432287738
-2.67086307319165
-2.36632592666323
-2.350999849535
-2.30916844555242
-2.21615781331783
-2.02741775692609
-1.66213936918592
-0.960366194825321
-0.423506318084273
-3.06545964635285
-6.15292744923348
-8.86920101967314
-9.72182574417381
-10.1184696816214
-9.77083106342325
-8.43857388619564
-7.61287290416495
-7.04740765130997
-6.51985619795829
-6.00290737513134
-5.54120536058089
-5.1184665909044
-4.73045616026417
-4.38752861842225
-4.09109764750438
-3.83690241107632
-3.62067975774517
-3.43789875384654
-3.2841684438913
-3.15554421635402
-3.04855483637172
-2.96019655790129
-2.88785930148721
-2.82924021098953
-2.78229791981563
-2.74523506150472
-2.71648232679193
-2.6946747536621
-2.67862374022118
-2.66729007718896
-2.65976089748537
-2.6552313742277
-2.65299102354453
-2.65241412218185
-2.65295365173449
-2.65413816512046
-2.65557096392754
-2.65693094919052
-2.65797447282689
-2.658537507525
-2.31259978539188
-2.31523546687035
-2.30761721628067
-2.26352220928348
-2.14098544242658
-1.87135255486635
-1.31268352239517
-0.0376370859897167
-2.64895468590105
-3.46054690009363
-2.09564892749801
-2.82188276410421
-5.04114173376675
-7.0089526309
-7.70199705326551
-7.33227763307118
-7.31590290236532
-6.64802093589521
-6.06629512017729
-5.64050281798958
-5.19902778825155
-4.76885535599371
-4.40957379645902
-4.10087415541069
-3.83717433550476
-3.61460197636375
-3.42705436036818
-3.26969811655214
-3.1382485174845
-3.02897243457446
-2.93880671400643
-2.86512068767294
-2.80553728174549
-2.75791399055917
-2.72036903309128
-2.69127863766249
-2.66924624304307
-2.65306424982937
-2.64168006141471
-2.63416925996774
-2.62971544861068
-2.62759574389052
-2.62717097423559
-2.62787976892806
-2.62923584341897
-2.63082784725308
-2.63232110776946
-2.63346051065641
-2.6340736853886
-2.20371601157113
-2.23273493275226
-2.27363961305294
-2.29461996440441
-2.25357026727546
-2.09948978109689
-1.74999841632239
-1.00192684868549
-0.987805880142621
2.15068754177733
2.01171947167266
1.83952070972617
1.67362696700735
1.39091744416313
0.786410515146318
-1.8839154406609
-4.66667135663557
-6.16760902602496
-5.87068763275618
-6.05811838214157
-5.26930820994686
-4.80693072180355
-4.44766434619152
-4.11032401637326
-3.83546632403445
-3.60463057563302
-3.40995402988792
-3.24769949812556
-3.11231350150686
-2.99960808487218
-2.90672008972714
-2.83109102027197
-2.77017544912583
-2.72162095930394
-2.68340638630878
-2.65383642025536
-2.63147916886199
-2.61510644512866
-2.60365000642146
-2.59617050493452
-2.59183539857396
-2.58990369939885
-2.58971610043132
-2.59068937669222
-2.59231431022552
-2.59415657119263
-2.59585990924963
-2.59715077413988
-2.59784326650026
-1.99562355676219
-2.06106645934259
-2.16680288075092
-2.26791954901629
-2.31378292971785
-2.26591571384435
-2.11583226190661
-1.97302465394691
-2.21727999968208
2.24507400943715
2.06167613477506
1.88018575956977
1.71274953679804
1.53659671131494
1.38034875314171
1.27152642451052
1.10011550073127
0.608689843669279
-2.13572273414389
-4.93871225934965
-4.7752006216385
-5.04809057697369
-4.47289280333507
-4.10299036011951
-3.83726916274013
-3.58857258042049
-3.38490453093895
-3.21834745941998
-3.07810723112486
-2.9604135935258
-2.86379833432424
-2.78582481389979
-2.72340853780744
-2.67378696366666
-2.6347655928661
-2.60459404613133
-2.58181945304214
-2.56519915050398
-2.55365081345343
-2.54621889436902
-2.54205112144264
-2.54038303780926
-2.54052850209461
-2.54187458765469
-2.54388025723906
-2.54607859451678
-2.548082119161
-2.54959014200516
-2.55039659940175
-1.60699807027864
-1.7235292365998
-1.92177799438506
-2.13388228465721
-2.28241207638551
-2.32644683172392
-2.28575541961365
-2.26672906873104
2.33944306587096
2.21239593439166
2.01698456447252
1.84162283560316
1.68180085492866
1.53513199952045
1.40687068067929
1.29408604202847
1.1768940536867
1.06619182955322
0.981171198358172
0.754585288387274
-1.24151764079068
-4.10503612479463
-4.04810132334682
-4.19185313090701
-3.84666405192898
-3.55262747522133
-3.35003564195617
-3.18447116274158
-3.0367260837071
-2.91068992214098
-2.80951596742159
-2.72940650542532
-2.66567156001867
-2.61496261790717
-2.57502359020299
-2.54413458997883
-2.52085090079836
-2.50392482718057
-2.49226479784304
-2.4848998540328
-2.48095493329172
-2.47963676200303
-2.4802256801946
-2.48207097463392
-2.48458997413289
-2.48727174421516
-2.48968536572382
-2.49149150371334
-2.49245489581189
-0.888161308141007
-1.06884944319812
-1.40610800846585
-1.81555373832758
-2.14912035243113
-2.29781602286987
-2.31473003067087
2.3578672583127
2.27945885026894
2.12069183322167
1.94887845299879
1.79066910642641
1.64504214325335
1.51146538414662
1.38989215227406
1.27825301440426
1.17517408389952
1.08324663491624
0.99968897198324
0.903315869049752
0.819729934347636
0.624403551795646
-1.41302970434501
-3.87925811438175
-3.73758276357971
-3.46806787702101
-3.31101231923882
-3.1608977484717
-2.98704611413449
-2.84717345672017
-2.74287267209652
-2.6622915417561
-2.59777011094574
-2.54591517736449
-2.5049067350331
-2.47317492514872
-2.44928295557917
-2.43198406047984
-2.42018870158571
-2.41291297682272
-2.40925455805339
-2.40838530632439
-2.40954584512045
-2.41204001419902
-2.41523290452301
-2.41855566662962
-2.42151784654464
-2.42372547681226
-2.42490113099917
-0.402182422056656
-0.229741435548039
-0.217091837003071
-1.13002257344701
-2.0099705420034
-2.27510521818932
2.35902380340361
2.29963468470181
2.16619907110255
2.01446716126344
1.86847016833872
1.72897554570775
1.59801207712902
1.47599621710714
1.3627879509302
1.25782951356127
1.16070443390564
1.07093664759125
0.986541443536416
0.908101273361526
0.83578168179855
0.753411582491093
0.669113379238072
0.384598749860783
-2.09767302865069
-2.98039536515371
-3.43213093724621
-3.15963716319764
-2.91143221399455
-2.76246464007744
-2.66381372269981
-2.58638464687709
-2.5210338833904
-2.46753456182188
-2.42524362973024
-2.39255584343167
-2.36793587589833
-2.35017288582356
-2.33821143445123
-2.331052208927
-2.32775374679021
-2.32744591375967
-2.32932596654735
-2.332646921966
-2.33671088533584
-2.34087393400134
-2.34456404935607
-2.3473094369716
-2.34877104639989
-2.45380333541315
-2.7277477441581
-2.23987688678562
-1.07079203141349
-2.22455788736756
2.34255111392562
2.28151248995378
2.16719085584222
2.03610662894837
1.90800030242678
1.78173979550357
1.65953063279333
1.5427302755807
1.43213904457249
1.32803160567517
1.23036100372308
1.13889421759594
1.05316723480372
0.972629576670692
0.896844360706637
0.824654150143436
0.756462458920324
0.691486120366801
0.625929932457272
0.527354145505972
-0.732130254170665
-2.99023873460267
-3.03766722625419
-2.77112453266626
-2.64764406257555
-2.58038158012235
-2.50624792395602
-2.43664127549972
-2.38043977315362
-2.33696363440197
-2.30327544378685
-2.27771474132859
-2.25934386498971
-2.24718738654319
-2.24018704649909
-2.23733307213944
-2.23770965937268
-2.24047540607905
-2.24483311144764
-2.25001233186381
-2.25527260156979
-2.2599291536916
-2.26339742074035
-2.26524637519041
-5.07375567472189
-5.8502940673225
-2.84900538270637
2.16879485304919
2.24945587749953
2.21592468313331
2.12337852221506
2.01629853957018
1.9089395923389
1.8001291233106
1.69167665953294
1.58504402332058
1.48153726369491
1.38206081308259
1.28714131985044
1.19700537555359
1.11165469596412
1.03092469320612
0.954554407213717
0.882211943950983
0.813620798307832
0.748697627476059
0.687598178091284
0.631185906028839
0.57229241907683
0.523429254195771
0.35314816292587
-1.70262833895569
-2.35484748354389
-2.54724596648478
-2.51910790126697
-2.42579662992478
-2.34242214468047
-2.2847126948779
-2.24157242962107
-2.2065603154672
-2.17950107025921
-2.1603374805452
-2.14801766330852
-2.14125387810225
-2.13893415580469
-2.14011642788953
-2.14394408624392
-2.14958160064002
-2.15617972586971
-2.16287442999676
-2.16882284692776
-2.17327323784847
-2.17565364121867
-7.46031083323609
-9.16340030822812
-0.988086421685036
2.018894382333
2.06337113840633
2.0202029082676
1.95212658079398
1.87116591308775
1.7836392049885
1.69266146324301
1.60010818589335
1.50758560791216
1.41638852016124
1.32749424912598
1.2415730502241
1.15903310334409
1.08007515824338
1.00474722380426
0.932996979145328
0.864728258228996
0.799870011048969
0.738438579747015
0.68056586502172
0.626216127371525
0.576725482699092
0.532354510246724
0.482754701510794
0.398121432123545
-0.79975636850441
-2.34258655174797
-2.51350765489548
-2.32771412302572
-2.22668934905512
-2.1836369509785
-2.14245100363022
-2.10349473694587
-2.07378879175046
-2.05393616132818
-2.04168183821655
-2.0352676447442
-2.03354809111847
-2.03562646152028
-2.0406830737441
-2.04787243567354
-2.0562671794435
-2.0648468012445
-2.07254328449232
-2.07835045064144
-2.08147401773297
-8.81917068644163
-9.64035405557237
-1.87143872269394
1.84176741278063
1.88192030716426
1.84562793586181
1.79487171184095
1.73266964140307
1.66245060242601
1.58705776568256
1.50861599794922
1.42877906719258
1.34886256162756
1.26988558368833
1.19260233339689
1.11753929747677
1.04503808346783
0.975300060279845
0.908431295730401
0.84448807441427
0.783520462346131
0.725604060928742
0.670841085584383
0.619417364094876
0.571477542859153
0.526382479452187
0.483895746916372
0.438558250006714
0.391104758307376
0.156055150549285
-1.68754216846993
-2.03417505542508
-2.09651654239237
-2.09566237484245
-2.04457706460017
-1.99235551171307
-1.96031091208662
-1.94114344787065
-1.9293440542625
-1.92334707539075
-1.92220216022358
-1.92518481051868
-1.93159543127594
-1.94062392588151
-1.95128181038766
-1.96235880648417
-1.97246185481613
-1.98018532579042
-1.98437352893961
-9.19334627591504
-9.79515495435565
-4.11771757222845
1.68756167709884
1.71881347021366
1.68798527145178
1.65057390773864
1.60282991069317
1.54672340243671
1.48461026329648
1.41847479470821
1.34991847619211
1.28022887594466
1.21042801065896
1.14130753036562
1.07346205615239
1.00732382379463
0.943198287473707
0.881299551123017
0.821784048843456
0.764779284939849
0.7104024007053
0.658767105349584
0.609962359041585
0.563956112311897
0.520554455329253
0.47937469823529
0.440910020415793
0.404380622958455
0.371382014353187
0.303162239997989
-0.780398320219726
-1.90359674522758
-2.07818917148459
-1.93452043183682
-1.86317466184686
-1.84092287114021
-1.82365839625856
-1.81241437618437
-1.80674032797896
-1.80592442387462
-1.80967628197184
-1.81748058339037
-1.82861479778419
-1.84209533485623
-1.85651721359769
-1.87000991461374
-1.8805138761544
-1.88626950551007
-8.93206891432436
-9.54182202491039
-6.40700392235013
1.43800929378138
1.55010486892598
1.54317720449211
1.51826722060053
1.48195150574762
1.43721639550348
1.38619734300559
1.33064066047729
1.27200432850792
1.21149354221808
1.15009144984148
1.08858722332336
1.02760288334845
0.967620345194531
0.909008741277501
0.852051093414717
0.796968701190436
0.743940864517314
0.693117153784714
0.644618599524157
0.598522858742958
0.554843328141328
0.513535014515003
0.474604902561007
0.438180606316971
0.404744092294044
0.374859976027938
0.343533277380461
0.306530734750117
0.0501345930213867
-1.42354064074216
-1.64760591454728
-1.73628951795542
-1.72207770393101
-1.70252574943656
-1.6929416237933
-1.68672419458072
-1.68565671082531
-1.68988121871534
-1.69900000303304
-1.71238319741014
-1.72928788602323
-1.74825951886234
-1.76667394154082
-1.78133509933657
-1.78945976605181
-8.2854899464284
-8.41833960266297
-7.33689674426605
0.96231696582525
1.395167805774
1.41514098390701
1.39772062794537
1.36983495660622
1.33415766568664
1.29231482196231
1.2457627823321
1.19577447924955
1.14343394462778
1.08965151114126
1.03518170687335
0.98064181215726
0.926531255181025
0.873251448523804
0.821125106253941
0.770413684767423
0.721331340853833
0.674053772814655
0.62872081024998
0.585434355403676
0.544259682153314
0.505244910970315
0.468458634666853
0.434026328742603
0.402085284998307
0.372430772900329
0.345033896645996
0.318530187420071
0.295420845042026
0.245403339510697
-0.576070218642337
-1.5111000156339
-1.57139032758551
-1.58617729981393
-1.57283790355731
-1.56417523632848
-1.56223586958137
-1.56632413962144
-1.57689684698866
-1.59204424142852
-1.61280049666478
-1.63817943179848
-1.66402854024427
-1.6850876162361
-1.69685353176703
-7.5682127161606
-7.56497639184318
-7.34596960055967
-1.00003410244769
1.28186550446401
1.3029002015617
1.28738312341782
1.26588579523323
1.23745155239374
1.20316130022229
1.16423315091304
1.12174335012776
1.07663302871889
1.02971754859572
0.981694000519062
0.933151265216677
0.884582222967587
0.836397077972843
0.78893668199687
0.74248473700653
0.697277830832799
0.653512561882954
0.611349858081537
0.57091831341375
0.532320344974493
0.495644022461725
0.460976667502478
0.428403900494668
0.397968836030339
0.369654539362008
0.343401027197667
0.319496862933064
0.298244470937137
0.276491621961264
0.253541999271819
0.136331649155971
-0.749038984475188
-1.40170198773216
-1.43093169773217
-1.45100955322239
-1.43057589643991
-1.44054841580242
-1.45353691895962
-1.46612762992739
-1.49129927561051
-1.5262896751295
-1.56390216819444
-1.59503898102543
-1.61233560968316
-6.9439402233054
-6.99876991560665
-7.18358142879366
-4.01356707876598
1.14043031220424
1.19254461491356
1.18525205082798
1.16952856087936
1.14681717118152
1.11872465323146
1.08624795987719
1.05024754061077
1.01151476299011
0.970760184094436
0.928610117254246
0.885609307367766
0.842227165496531
0.798865781042832
0.755868451014493
0.713527821661272
0.67209297499055
0.631775128387662
0.592752188244461
0.555173105701653
0.519163205651412
0.484830397187279
0.45226915496531
0.421556920342386
0.392745402018314
0.365861713751862
0.340944395549372
0.318044062905462
0.297003738180491
0.277811580414946
0.259976124419688
0.243972019696398
0.224442138154966
0.0909820751644644
-0.674773806522984
-1.19507193333994
-1.23378130005579
-1.35210924600168
-1.32408521786971
-1.32917211228034
-1.36221220997485
-1.41106736683514
-1.46933465971345
-1.5161198689713
-1.54118196728139
-6.39109253664371
-6.46939638253872
-6.72053960546469
-5.98837105214037
0.766038817066104
1.08124044942809
1.09320812156485
1.0801957288351
1.0617908297612
1.03885850142594
1.01186943428754
0.981491716504815
0.948378832306585
0.913137651497048
0.876318414233606
0.838412592225324
0.799855123111282
0.76102841755722
0.722267084896179
0.683862814305535
0.646069004217503
0.609104928956115
0.573159513259846
0.538395008562905
0.504950747192893
0.472946493680916
0.442484118078366
0.413646885476386
0.386498499386881
0.361086388069719
0.33744524768565
0.315580494137675
0.295465793566841
0.277061746677332
0.260443376996527
0.245736771744837
0.232027869536339
0.219951864508631
0.206502316854136
0.135873147292125
-0.339382620169361
-0.820339904399164
-1.00693436056478
-1.1989358381314
-1.20019554516453
-1.29179221855337
-1.38794726617472
-1.4560230901184
-1.49001220345003
-5.87909929730668
-5.92840660329879
-5.97486146377265
-5.63090941234566
-1.55744574246734
0.992704917372032
1.00928448469619
0.996059629831605
0.981902422039981
0.963370597343235
0.941081091180248
0.915589539914253
0.887431659542481
0.857119751721405
0.82512761266189
0.791888939292759
0.75779783676275
0.723209776068368
0.688443193713944
0.653781665636722
0.619476405993799
0.585748874460965
0.552793394441709
0.520779755553616
0.489855693631098
0.460148931932341
0.431768400062538
0.404804690707475
0.379330554147263
0.355401799755763
0.333056697357889
0.312314286158986
0.293177969129298
0.275652176319165
0.259748759466415
0.245415406027285
0.23264198345652
0.221427580854135
0.211262602918092
0.202400532858033
0.195524385617919
0.181770438635177
0.13322976593367
0.0135405091510448
-0.255430011016585
-0.437226629388828
-0.55109694393488
-0.617144933914898
-0.647382238702235
-5.41281072489147
-5.44227678298993
-5.49893891803554
-5.79828421238295
-4.34100421161081
0.801323190439802
0.913599767524726
0.917709581380242
0.906922493720679
0.892061900039119
0.873832133101057
0.852594143829564
0.828811179353926
0.802908570557211
0.775283141276459
0.746309266250009
0.716337617018763
0.685693002394538
0.654673188000109
0.623548803765623
0.592564034921508
0.561937803868406
0.531865231084948
0.502519215450706
0.474051970584626
0.446596332016551
0.420266709333753
0.395159744267432
0.371354868277385
0.3489147652308
0.327885684179655
0.308298406949302
0.290171417693799
0.273514579342867
0.258325262808296
0.2445864083585
0.232270679272686
0.221313490766546
0.211680378503303
0.203426119065054
0.196313473311475
0.189795451553138
0.184350469070228
0.180056704048485
0.176650245797379
0.173891732633747
0.171558272237437
0.16989419771595
0.169033629515997
-4.99979726058142
-5.02303126439605
-5.07751958063461
-5.12573722101104
-4.6742235749645
-0.752662627649985
0.831418659459084
0.845986904212709
0.836139462058725
0.824834626403187
0.810053796614279
0.792511087711054
0.772605527866858
0.750656438408234
0.726981784282738
0.701898555814354
0.675714981778385
0.648724466499103
0.621202035530879
0.593402480311587
0.565559626866684
0.537886345585902
0.510575023553351
0.483798290339751
0.457709830937052
0.432445155927611
0.408122258337374
0.38484216527731
0.362689438084658
0.341732679518951
0.322025186396077
0.303606030434326
0.286501549168098
0.270726188611081
0.256282084747866
0.243158580547374
0.231331072369901
0.220764654417289
0.211423774416237
0.203245291511695
0.196098839144925
0.189902758147354
0.184656105701945
0.180314018465084
0.176758557741293
0.173859015191838
0.171578719330398
0.169988741170652
0.16917227804427
-4.63816255650077
-4.65344645397013
-4.67926735236074
-4.69943287529286
-4.84956619354334
-3.48236295080374
0.679599598341206
0.76683138405605
0.770783936135791
0.761639617062317
0.749586978811043
0.73530481265392
0.718871913128109
0.700482831361761
0.680384612095663
0.658845452160273
0.636135549637594
0.612518454006806
0.588246219215982
0.563556424159277
0.538670463828088
0.513792705623859
0.489110203946128
0.464792755568129
0.440993143608942
0.41784746632854
0.395475492642711
0.373981029812221
0.353452321211837
0.33396251634397
0.315570277148556
0.298320550389729
0.282245360103953
0.267364323696702
0.253684800525933
0.241201888359987
0.229898862784791
0.219748430346547
0.210711275865435
0.202730069215226
0.19573618190258
0.189672244957035
0.184493723635281
0.180145327856813
0.17655475056908
0.173660423895665
0.171444474494323
0.169932816846944
0.169164569997397
-4.32380514883396
-4.33272078682994
-4.34920446794797
-4.37745103219157
-4.39707984215608
-3.94450842037502
-0.876727848375371
0.699769255330378
0.711294265683955
0.701521708128251
0.692197908720893
0.680935893625056
0.66766409175792
0.652489841814569
0.635627283119198
0.617309932921851
0.597775748540861
0.57726124975603
0.555996481176317
0.534201491651303
0.512084111346961
0.489838595799834
0.467644819540004
0.44566783038312
0.424057645550711
0.402949210335085
0.382462470469658
0.362702535705024
0.343759932658691
0.325710957408815
0.308618135106514
0.292530759996232
0.277485433277999
0.263506503333509
0.250606392188807
0.238785917809315
0.228034741719846
0.218331700075397
0.20964462728393
0.201931279687171
0.195144199676664
0.189236817739118
0.18416390413717
0.179877946886576
0.176331626467215
0.173489575004799
0.171339281022201
0.169889725516818
0.169158630991003
-4.0525864124291
-4.05746849430791
-4.06723273610525
-4.08062541186501
-4.09296814845649
-4.27684368504374
-3.47376289381086
0.529688684892785
0.643252090719205
0.644317432535808
0.637727204300244
0.629464500555573
0.619055648972228
0.606769570001486
0.592826307566324
0.577428655193127
0.560787064591598
0.543114357966302
0.524620131495385
0.505507158705536
0.485969173235102
0.466189323392318
0.446339040981705
0.426577228875893
0.407049704511367
0.387888848851771
0.369213423631248
0.351128532863117
0.333725714640672
0.317083153264604
0.301265996321245
0.286326746170624
0.272305681344322
0.259231270971148
0.247120582069135
0.235979718247325
0.225804317470476
0.216580113218854
0.208283775393456
0.20088463693866
0.194347510804049
0.188635417686863
0.183710949548145
0.179537337871449
0.176081719166601
0.173320564156064
0.171243534571829
0.169852127880318
0.169153533218118
-3.81971054224291
-3.82118236009671
-3.82410962501717
-3.82907875162245
-3.84445837675789
-3.85413499224539
-3.51755603150063
-1.3327313204271
0.565455221382731
0.587857255214999
0.586816381490906
0.581076398484579
0.573106223275082
0.563401704145253
0.552081966503818
0.539318150250238
0.52529873268954
0.510216770751197
0.494262856089443
0.477622801388844
0.460476025895886
0.442994004873042
0.425338914401376
0.407662537351858
0.390105423950263
0.372796281168905
0.355851565726423
0.339375258839029
0.323458803138201
0.308181182058424
0.293609118836321
0.279797367713893
0.266789069360197
0.254616151961091
0.243299778461619
0.232850859419062
0.223270665615459
0.214551611190404
0.206678354462546
0.19962936543552
0.193378867404585
0.187898766125615
0.183160358878076
0.179136221373928
0.175802761715117
0.173142981755917
0.1711479619111
0.16981585540112
0.169148697384832
-3.62054877731181
-3.61893026762824
-3.61565079093421
-3.61068435562038
-3.60080674173712
-3.56859890232146
-3.55800382140218
-3.36281663643085
0.23058983385849
0.535431254141586
0.540651245367737
0.535537626193088
0.529845946018898
0.522454402856782
0.513481446636562
0.503075760280966
0.491418802657703
0.478686407495167
0.465050115106415
0.450678794119236
0.435737522720971
0.420385867201911
0.404776291599213
0.38905282878299
0.373350007199917
0.357792020399647
0.342492125851141
0.327552255321282
0.313062815139634
0.299102652024713
0.285739158596024
0.273028492876229
0.261015889793088
0.249736051388097
0.239213615318176
0.229463715896436
0.22049266861144
0.212298829627153
0.204873692113173
0.198203243351848
0.192269513706669
0.187052192297635
0.182530265175654
0.178683755148352
0.1754955530803
0.172952979210541
0.171048450512895
0.169778848153595
0.169143817994157
-3.45110069113817
-3.44678451175378
-3.43798720846748
-3.42412275405515
-3.4039647322224
-3.38166595379285
-3.37602789800604
-3.39899036093394
-2.22189970018039
0.439027903011977
0.491125888096009
0.493053375219685
0.489276852983413
0.484016832148883
0.477097274993278
0.468776218537115
0.459234048606424
0.448621225957558
0.437088362700208
0.424787501012288
0.411869679034455
0.398482614327095
0.384768894153642
0.370864459108745
0.356897329725575
0.342986584920783
0.329241593869815
0.315761487505785
0.302634845925204
0.289939573612316
0.277742933846966
0.266101716066217
0.255062515212598
0.244662110136912
0.234927938233144
0.225878674533678
0.217524934160819
0.209870123883796
0.202911463260102
0.196641170859773
0.191047776258363
0.186117503673736
0.18183569024296
0.178188206154234
0.175162773242879
0.172749955539802
0.170943549924968
0.169740251193566
0.169138759864884
-3.30788514910639
-3.30132908431592
-3.28806036506081
-3.26778968936208
-3.24055867008617
-3.20720026425987
-3.16503843229569
-3.08631622509741
-2.69894099307812
-0.949338450823132
0.436377299044898
0.451986975469388
0.451803364760126
0.448190175019907
0.442954096086414
0.436466906816659
0.428811039229449
0.420100843707605
0.410466277777588
0.400044206505192
0.388972348619573
0.377386847046381
0.365420482556874
0.353201008254285
0.340849683837911
0.328480079658136
0.316197166592324
0.304096676325086
0.292264702865721
0.28077751181982
0.269701524809094
0.259093450479328
0.249000539726329
0.239460950405591
0.230504215097456
0.222151813427928
0.214417856406542
0.207309891659849
0.200829832312338
0.19497499833455
0.189739243244344
0.185114129195936
0.181090108258388
0.177657651741864
0.174808232336774
0.172535026744814
0.170833218144329
0.169699869665151
0.169133484102205
-3.18778677831921
-3.17944270295817
-3.16265714140586
-3.137254149176
-3.1029114753353
-3.05836927244432
-2.99857515620662
-2.90965051787937
-2.82618416397403
-2.61769174047289
0.165895565340619
0.414331260407736
0.41807300984045
0.414715280623488
0.411024361163371
0.406174335375942
0.400201978241095
0.393188603898099
0.385255819460293
0.376527968294206
0.367129903063545
0.357186531023178
0.346821109232146
0.33615333752686
0.325297667840648
0.314361944668932
0.303446380509018
0.292642836549201
0.28203436850736
0.271694996224621
0.261689659049132
0.252074325019481
0.242896229064154
0.234194222993335
0.225999227221997
0.218334780077093
0.211217684106379
0.204658748750617
0.198663624248418
0.193233713426636
0.188367138540656
0.184059731640633
0.180306007791054
0.17710006734294
0.174436357694333
0.172310218923536
0.170718159286928
0.169657862708054
0.169128004048332
-3.08797459294512
-3.07823063044518
-3.05869240528689
-3.02924058505325
-2.98959039736396
-2.93908910134572
-2.87713840277037
-2.80941896835865
-2.75963517004511
-2.76298532136839
-1.84735421741562
0.338014792412775
0.382185630568078
0.383605113132132
0.3812489350298
0.377945208919282
0.373449794123759
0.36793145309884
0.361512822483052
0.35430245010404
0.346411948650159
0.337955508279535
0.329047433951297
0.319799737600194
0.310320194900846
0.300710849633867
0.291066913162386
0.281476003985556
0.272017672157096
0.262763157395612
0.253775336795884
0.245108826481916
0.236810210051263
0.22891837446508
0.221464940606808
0.214474780561599
0.207966616212655
0.20195369354061
0.196444523965077
0.191443678767319
0.186952616143423
0.182970513532053
0.179495070523872
0.176523240126432
0.174051841228369
0.172078008981267
0.170599458732165
0.169614573062741
0.169122360356175
-3.00587546936193
-2.99505180553571
-2.97340437392056
-2.94093106029881
-2.89764368582185
-2.8437391646313
-2.78037843466446
-2.71080681579603
-2.63744609787433
-2.54034401475611
-2.21780660995379
-0.828299406673869
0.340338045123849
0.353361653740294
0.353953350263708
0.351848650417519
0.348569221520081
0.344357891470617
0.339277880985481
0.333417004399602
0.326874108850916
0.31975402596426
0.31216307155019
0.304206140747968
0.295984599127945
0.287594714510062
0.27912653457701
0.2706631319655
0.262280145788084
0.254045558165857
0.246019655855305
0.238255138412585
0.230797344339141
0.223684574862472
0.216948501285677
0.210614646085952
0.204702930047497
0.199228277647105
0.194201270847224
0.189628837841055
0.185514958753196
0.181861365403231
0.178668207543994
0.175934654515137
0.173659401086302
0.171841052248584
0.170478375694951
0.169570431176138
0.169116606958673
-2.9391648692497
-2.92751907432374
-2.90427590140182
-2.86954484662334
-2.82354097138412
-2.76669649906861
-2.69974345811295
-2.62306895961638
-2.5336212032363
-2.41889247838187
-2.29224154978956
-2.09153474312556
0.0852496652993036
0.326481484010524
0.329546490682115
0.327719500739673
0.325544071674914
0.322480793510655
0.318579260914215
0.313908058559036
0.308558756067516
0.302629213283727
0.296218932957442
0.289426372549323
0.282346820546409
0.275070840524405
0.26768319280687
0.260262138870289
0.252879041827849
0.245598191855948
0.238476802485257
0.231565138221509
0.224906745293306
0.218538765796584
0.212492321504396
0.206792957406835
0.201461136846688
0.196512780141289
0.191959837126502
0.187810881524511
0.184071711900561
0.180745940762706
0.177835550714014
0.175341395403709
0.173263624580747
0.171602018020367
0.170356222756264
0.169525900412588
0.169110803097713
-2.88575703757448
-2.87349062994132
-2.84904126673878
-2.81258651124264
-2.76441971758497
-2.70496157656834
-2.6346677689023
-2.55369684307576
-2.4618232330083
-2.36280733521562
-2.27639537142689
-2.25313097414437
-1.5116762150773
0.271049751407856
0.3042384613626
0.305592146342824
0.304341826213276
0.30231385313014
0.299436416493985
0.295799817872735
0.291495444876433
0.286615427381603
0.281253527923225
0.275502427504455
0.269451658998419
0.263186142670907
0.256785223154244
0.250322092876937
0.243863494668203
0.237469624717348
0.231194181471701
0.225084523109281
0.219181908072656
0.213521801397232
0.20813423504551
0.203044213691992
0.19827215880591
0.193834383823476
0.189743592051842
0.186009387082699
0.18263878332152
0.179636702210072
0.177006438364036
0.174750079794486
0.172868868287654
0.171363490306312
0.170234295247728
0.169481445422599
0.169105008752412
-2.84379195064196
-2.83106344405757
-2.80571088334797
-2.76794756512882
-2.71810015082841
-2.6566010285622
-2.58396185487913
-2.50082554597126
-2.40853208583002
-2.31038494111641
-2.21062243460372
-2.09380762292641
-1.78019373342069
-0.609799533956543
0.277573275786232
0.284886075300642
0.285047290182625
0.283879436267976
0.281855456715185
0.279103864686502
0.275700983762666
0.271734451656557
0.267293228701002
0.262464770154811
0.257333099589138
0.251977484792355
0.246471678178563
0.240883525982765
0.235274812882369
0.22970126517289
0.224212664732055
0.218853042468882
0.213660930859529
0.208669662545452
0.203907706571841
0.19939903627181
0.195163523604826
0.191217354409725
0.1875734579303
0.184241942464621
0.18123052741253
0.178544960695075
0.176189409866051
0.174166815608782
0.172479198021277
0.171127909232745
0.170113830168044
0.16943751391398
0.16909928201679
-2.81161687751747
-2.7985555537241
-2.77254956170535
-2.73383299185158
-2.68275722932051
-2.61978951658215
-2.54552341742495
-2.4607421952222
-2.3665061739774
-2.26372759548613
-2.15046241208384
-2.01684210379885
-1.88928987470234
-1.64707832179158
0.150906687572817
0.265937005105117
0.267834667971125
0.267123043505889
0.265829002411047
0.263818844566371
0.261179271333061
0.2579956391611
0.254352525517043
0.250332681070259
0.246014728235605
0.241472130618696
0.236772784089838
0.2319788753028
0.227146893844404
0.222327746849407
0.217566942426195
0.21290481947142
0.208376810433708
0.204013729710355
0.199842083746099
0.195884400221447
0.192159573677602
0.188683224076912
0.185468063536215
0.18252426508814
0.179859826067711
0.177480917818861
0.175392213093157
0.173597182970157
0.17209835648507
0.170897538366095
0.169995983094199
0.169394526397052
0.169093677625007
-2.78776274264839
-2.77447798057776
-2.74803269825415
-2.70867464197213
-2.65677350378832
-2.59281971205147
-2.51742608236661
-2.43132085355871
-2.33525487593725
-2.22966204704402
-2.11439744584119
-1.99204985031477
-1.8698954086926
-1.70977269218967
-0.814109148212506
0.242231943653005
0.25151157104012
0.252063677923149
0.251341820482997
0.249928396896068
0.247921533523966
0.24539610524178
0.242434286358086
0.239114686220232
0.235510277524197
0.231688337673877
0.22771053656176
0.223633053999255
0.219506755553981
0.215377415174319
0.211285963423783
0.207268747597324
0.203357798362485
0.199581102487129
0.195962882994685
0.192523887928928
0.189281687778321
0.18625098009982
0.18344389832881
0.180870320361747
0.178538171387849
0.176453714742735
0.17462182436617
0.173046232846602
0.171729750045446
0.17067444883159
0.16988181631222
0.169352870793991
0.169088246169425
-2.77091867413803
-2.7575049425943
-2.73080681596362
-2.69108127156246
-2.6387096154778
-2.57419250872959
-2.49814107518251
-2.4112543666181
-2.31427092995805
-2.2079545283286
-2.09342108256737
-1.97254060540911
-1.84604688120489
-1.72151176694119
-1.52818183414608
0.0836764189178821
0.237009069657024
0.238737950629057
0.238327357160274
0.237405894288122
0.235907372182471
0.233920604529081
0.231530024126071
0.228809164770837
0.225824372191045
0.222636131086351
0.219299452084467
0.215864155210258
0.212375181011562
0.208872907935347
0.205393452890956
0.201968949077837
0.198627805417765
0.195394955158604
0.192292100635459
0.189337959082203
0.186548511966246
0.183937258081725
0.181515468762396
0.179292442115906
0.177275752148571
0.175471488055983
0.173884478813231
0.172518498510948
0.171376448616829
0.170460514407361
0.169772294055973
0.169312900072921
0.169083033745593
-2.75990817715522
-2.74644754533228
-2.71965941870668
-2.679807517801
-2.62728108665741
-2.56258722780935
-2.48634012679326
-2.39924805691282
-2.30211085101124
-2.1958688324026
-2.08171096163892
-1.96109363419444
-1.83616453742108
-1.70974562489015
-1.56802843199537
-0.764412901699351
0.219601700440786
0.226381808895208
0.226776830943144
0.226226099118599
0.225101677346234
0.223540633445675
0.221620500473395
0.219405336682617
0.216953557692718
0.214318290041161
0.211547486099013
0.208684288836979
0.205767467971219
0.202831818452915
0.199908493711332
0.197025281760996
0.194206841782277
0.191474917703128
0.188848541088555
0.186344231204517
0.18397619639228
0.181756538023523
0.17969545621277
0.177801455004409
0.176081543813276
0.174541431403106
0.173185708584677
0.17201801606159
0.171041194391019
0.170257413778418
0.169668282277096
0.1692749317824
0.169078081863507
-2.75366875473766
-2.74023210653684
-2.71349537031709
-2.67372834380337
-2.621327552938
-2.55680693146548
-2.48078686406976
-2.39398536938716
-2.29722023464805
-2.19143072262885
-2.07771022155967
-1.95734752961343
-1.83177207390868
-1.70191804930481
-1.57411194908276
-1.31815641330367
0.127560643603477
0.215558120325811
0.216791671103003
0.21632387855035
0.215445398292375
0.21421525022866
0.212677507870319
0.210884811169733
0.208887644298091
0.206731553532491
0.204457116773747
0.202100543604276
0.19969427143777
0.197267425911921
0.19484615557771
0.192453879079073
0.19011147952722
0.187837471030212
0.185648153397271
0.183557764303032
0.18157863349214
0.179721340436854
0.177994874782983
0.176406797605516
0.174963400727688
0.173669860998655
0.172530386387885
0.171548350975409
0.170726416337329
0.17006663737926
0.169570551278621
0.169239248775701
0.169073427524779
-2.7512355565926
-2.73788296924356
-2.71131815908018
-2.67181783735409
-2.61978720034245
-2.55574872021633
-2.48032879045354
-2.39424463750693
-2.29829471478063
-2.19335405034728
-2.08037267550379
-1.9603669751297
-1.83437659934854
-1.70345528126383
-1.56469225105837
-1.36708502218606
-0.448196971164593
0.207012857861152
0.208052453030419
0.207536723083165
0.206866416035213
0.205897548752362
0.204666914987332
0.203223518833551
0.201611292936332
0.199868022937466
0.198026580789179
0.196116057212575
0.194162518106501
0.192189471050741
0.190218151146508
0.188267704954774
0.186355322153563
0.184496344238813
0.182704366641911
0.180991342640759
0.179367692579227
0.177842418986505
0.176423226460659
0.175116644201074
0.173928148577189
0.172862282950437
0.171922772029449
0.171112628274069
0.170434248222014
0.169889497045163
0.169479780099323
0.169206100660899
0.169069103400847
-2.75172912912433
-2.73850962238267
-2.71221576394575
-2.67313323218185
-2.62167905519639
-2.55838813065484
-2.48389589153037
-2.39891770758808
-2.30422527953472
-2.20061944066206
-2.08889889946436
-1.96983226136641
-1.84418456959103
-1.71295040368828
-1.5800498518218
-1.49871910098997
-0.969201967364168
0.184978035118349
0.199724418555203
0.199790343044499
0.199313970317213
0.198541439850963
0.197550992707634
0.196393541693144
0.1951057583371
0.193716744726525
0.192251240512896
0.190731165114171
0.189176360505334
0.18760494692404
0.186033493127672
0.184477102227164
0.182949464226749
0.1814629007999
0.180028414364146
0.17865574632621
0.177353445515839
0.176128945785812
0.174988650715726
0.173938022881424
0.172981675004849
0.172123460353392
0.171366559943347
0.170713564376522
0.170166548471132
0.169727137209255
0.16939656188425
0.169175705664318
0.169065138069011
-2.75434719329749
-2.7412980169683
-2.71535102402834
-2.67680385808233
-2.6260902480296
-2.563764561664
-2.49048080169829
-2.40696529015746
-2.31398142131019
-2.21228370434014
-2.10255805718514
-1.98535046020251
-1.86101116133669
-1.72984000010429
-1.59309345822156
-1.43773842728208
-1.15503523623392
0.106964946070701
0.192589408421113
0.193161373482882
0.192751250748483
0.192097435379429
0.191288627798919
0.190364900915272
0.189350894658701
0.188265488585877
0.187125047463934
0.185944577876367
0.184738122781081
0.183518864454936
0.182299120589652
0.181090310409529
0.179902922988797
0.178746500249006
0.177629638152691
0.176560005531918
0.175544378218537
0.174588685475799
0.173698065591642
0.17287692760301
0.172129016344817
0.171457478294927
0.17086492599043
0.170353499107141
0.16992492061441
0.169580546730958
0.169321409703017
0.169148252691149
0.169061556276632
-2.75836031180137
-2.74550596173973
-2.7199564176584
-2.68202476497861
-2.63216741858881
-2.57096778352862
-2.49911341471849
-2.41736519039252
-2.32651575438159
-2.22733237936963
-2.12047566240429
-2.00637668163027
-1.88502503806332
-1.75544641944003
-1.61337618450856
-1.44706979962133
-1.23338481336569
-0.162252233459899
0.187362474660917
0.187600552469231
0.187099521799967
0.186504070328008
0.185836635092763
0.185108367748362
0.184327662972638
0.183502697166286
0.182642016359966
0.18175450298342
0.180849171086297
0.179934943219212
0.179020458946515
0.178113927579255
0.177223024103993
0.176354822717765
0.175515761347715
0.174711630842939
0.17394758327285
0.173228154582158
0.172557297599173
0.171938422034048
0.171374438640575
0.170867805167808
0.17042057211623
0.170034426654129
0.169710733354323
0.169450570684733
0.169254762429661
0.169123903430444
0.16905837921271
-2.76311121698802
-2.75046243029883
-2.72533323547723
-2.68805538338666
-2.63911382577283
-2.57913098580096
-2.5088446748758
-2.42907815386075
-2.34069960167377
-2.24456598742122
-2.14144157120439
-2.03186912146508
-1.91593571774099
-1.79277651760961
-1.65981546182234
-1.51286557156671
-1.34759106113065
-0.412367314163943
0.182943472393762
0.182822768577387
0.182236773543279
0.181696857967274
0.181156737182117
0.180600004019333
0.180021034253783
0.179419392549139
0.178797532970649
0.178159587513292
0.177510626637101
0.176856173997608
0.176201878714656
0.175553293379491
0.174915726130902
0.17429414580612
0.173693125568878
0.173116814556626
0.172568929889021
0.172052763322698
0.17157119820912
0.171126733396186
0.170721511433811
0.17035734898272
0.170035767742199
0.169758024544818
0.16952513953954
0.169337921614328
0.169196990404161
0.169102794395046
0.169055624772013
-2.76801741514573
-2.75557046626364
-2.73085504157729
-2.69422365537345
-2.64619392027094
-2.58743488555466
-2.51874821567521
-2.44104336369117
-2.35530523060956
-2.26255173842722
-2.16377708629651
-2.05987453697743
-1.95153714965957
-1.83919855429595
-1.72334171016639
-1.60608104378089
-1.49654411775227
-0.591721679263993
0.178731654644959
0.178610046248842
0.178077715007183
0.177634801557362
0.177226125632968
0.176825991470128
0.176422462216228
0.176010583348087
0.175589243812656
0.175159540886425
0.17472384152096
0.174285206887528
0.173847025724384
0.173412776542092
0.17298587330619
0.172569567001459
0.172166885443065
0.17178059964286
0.171413208747484
0.171066937954047
0.170743745387014
0.17044533498495
0.170173173181129
0.169928507682826
0.169712387034258
0.16952567993476
0.169369093507088
0.169243189889675
0.169148400672643
0.169085038817699
0.169053307801171
-2.7725764550359
-2.76031310402643
-2.73597494425632
-2.69993544035204
-2.65274580389229
-2.59512437983366
-2.52794275101861
-2.45220876494347
-2.36904684523911
-2.27967655945837
-2.18539260169399
-2.08755691776641
-1.98763888738762
-1.88740999730384
-1.78954359827729
-1.6990727030442
-1.62579062252153
-0.712226944329844
0.174992627097095
0.175006542567914
0.174626810676413
0.174317261976735
0.17404333819044
0.173784829709735
0.173530770896938
0.173275676970258
0.173017303127231
0.172755332329363
0.172490586844541
0.172224540595387
0.171959010876906
0.171695960978498
0.171437373490565
0.171185169783107
0.170941160244731
0.170707015327469
0.170484250806301
0.170274222783264
0.17007812933085
0.169897016565203
0.169731787539959
0.169583212763773
0.169451941435403
0.169338512702004
0.169243366405434
0.169166852904707
0.169109241660559
0.169070728347014
0.169051440319146
-2.77637298703898
-2.76426138131899
-2.74023565543082
-2.70468802669733
-2.65820016312385
-2.60153585285551
-2.53563241851498
-2.46159213509907
-2.38067571258832
-2.29430151165763
-2.20405774186681
-2.11174319129378
-2.01946996103994
-1.92989217635157
-1.84665025974816
-1.77504218797075
-1.7225120983526
-0.791834628079716
0.172008609370599
0.172161351240853
0.171949119654356
0.171775534113432
0.171624579927719
0.171485268160174
0.171350883024349
0.171217696302012
0.171083913818386
0.170948950503648
0.170812958124416
0.170676522309207
0.170540468531894
0.170405737710683
0.170273306549107
0.17014413696325
0.170019144669314
0.169899180553534
0.169785020655106
0.169677361981932
0.169576822264304
0.169483942324879
0.169399190121341
0.169322965772967
0.169255607058593
0.169197394998953
0.169148559228603
0.169109282932452
0.169079707176269
0.169059934503648
0.16905003170676
-2.77908651559576
-2.76708321233495
-2.74328080795348
-2.70808567258309
-2.66210263845628
-2.60613039669273
-2.54115729612806
-2.46835957610362
-2.38910515797499
-2.30496782250043
-2.21775927708917
-2.12959052857617
-2.04297803895302
-1.96100805630804
-1.88754444625507
-1.82737236277233
-1.78597431407996
-0.840741489580299
0.169945437817987
0.170199398234958
0.170118231136923
0.170051437441528
0.169993714027553
0.169941072443568
0.169890877197714
0.169841565312054
0.169792323728879
0.169742829606207
0.169693066933629
0.169643204090014
0.169593514021274
0.169544322729635
0.169495976244625
0.169448819645352
0.169403183993651
0.169359378510079
0.169317686256007
0.169278362173132
0.169241632705603
0.169207696470542
0.169176725600059
0.169148867482848
0.169124246705217
0.169102967041856
0.169085113383202
0.169070753513561
0.169059939675121
0.169052709869495
0.169049088861607
-2.78049863976797
-2.76855172604234
-2.74486570522261
-2.70985456301882
-2.66413564794716
-2.60852660513126
-2.54404363070004
-2.47190346578208
-2.39353269982033
-2.31058941743202
-2.2250036942709
-2.13904367074785
-2.05540949422076
-1.97734145755512
-1.9086926547505
-1.8538633549473
-1.81746961122002
-0.86445259472997
0.168894439866653
0.16919961515171
0.169188798016999
0.169179864685908
0.169172159382792
0.169165169058364
0.169158541247285
0.169152059718379
0.169145607847728
0.169139135907994
0.16913263672793
0.169126129004175
0.169119646284457
0.169113229821093
0.169106923980673
0.169100773326648
0.169094820799496
0.169089106622384
0.169083667690353
0.169078537283498
0.169073744997054
0.169069316814954
0.169065275275343
0.169061639691107
0.169058426398363
0.16905564901279
0.169053318678631
0.169051444298925
0.169050032738306
0.169049088991941
0.169048616315933
