rho = 0.9:
0.02 0.40 0.12 0.00 3.3887e-11 2.4540e-10 0.1381 12
0.02 0.40 0.12 0.00 4.7119e-09 3.1732e-09 1.4849 14
0.02 0.40 0.12 0.00 8.9309e-08 8.8641e-08 1.0075 19
0.02 0.40 0.12 0.00 -4.2503e-06 4.5661e-06 -0.9308 99+ va reduint
rho = 1:
0.02 0.40 0.12 0.00 3.3887e-11 2.4540e-10 0.1381 7
0.02 0.40 0.12 0.00 4.7119e-09 3.1732e-09 1.4849 12
0.02 0.40 0.12 0.00 8.9309e-08 8.8641e-08 1.0075 19
rho = 0.7:
0.02 0.40 0.12 0.00 -4.2498e-06 4.5658e-06 -0.9308 37
0.02 0.40 0.12 0.00 3.3887e-11 2.4540e-10 0.1381
0.02 0.40 0.12 0.00 4.7119e-09 3.1732e-09 1.4849
0.02 0.40 0.12 0.00 8.9309e-08 8.8641e-08 1.0075
rho = 0.5:0.02 0.40 0.12 0.00 -4.2498e-06 4.5658e-06 -0.9308
