  0
SECTION
  2
ENTITIES
  0
LINE
  5
21
  8
Layer0
 10
       -0.18177
 20
        0.41697
 30
        0.00000
 11
       -0.17875
 21
        0.41062
 31
        0.00000
  0
LINE
  5
22
  8
Layer0
 10
       -0.18841
 20
        0.43306
 30
        0.00000
 11
       -0.18419
 21
        0.42240
 31
        0.00000
  0
LINE
  5
23
  8
Layer0
 10
       -0.18841
 20
        0.56694
 30
        0.00000
 11
       -0.18419
 21
        0.57760
 31
        0.00000
  0
LINE
  5
24
  8
Layer0
 10
       -0.17875
 20
        0.58938
 30
        0.00000
 11
       -0.18177
 21
        0.58303
 31
        0.00000
  0
LINE
  5
25
  8
Layer0
 10
       -0.15610
 20
        0.37515
 30
        0.00000
 11
       -0.14945
 21
        0.36730
 31
        0.00000
  0
LINE
  5
26
  8
Layer0
 10
       -0.15942
 20
        0.37936
 30
        0.00000
 11
       -0.15803
 21
        0.37751
 31
        0.00000
  0
LINE
  5
27
  8
Layer0
 10
       -0.15942
 20
        0.62064
 30
        0.00000
 11
       -0.15803
 21
        0.62249
 31
        0.00000
  0
LINE
  5
28
  8
Layer0
 10
       -0.14945
 20
        0.63270
 30
        0.00000
 11
       -0.15610
 21
        0.62485
 31
        0.00000
  0
LINE
  5
29
  8
Layer0
 10
       -0.12856
 20
        0.34689
 30
        0.00000
 11
       -0.11873
 21
        0.33918
 31
        0.00000
  0
LINE
  5
30
  8
Layer0
 10
       -0.13044
 20
        0.34841
 30
        0.00000
 11
       -0.13000
 21
        0.34804
 31
        0.00000
  0
LINE
  5
31
  8
Layer0
 10
       -0.13044
 20
        0.65159
 30
        0.00000
 11
       -0.13000
 21
        0.65196
 31
        0.00000
  0
LINE
  5
32
  8
Layer0
 10
       -0.11873
 20
        0.66082
 30
        0.00000
 11
       -0.12856
 21
        0.65311
 31
        0.00000
  0
LINE
  5
33
  8
Layer0
 10
       -0.10145
 20
        0.32778
 30
        0.00000
 11
       -0.09295
 21
        0.32309
 31
        0.00000
  0
LINE
  5
34
  8
Layer0
 10
       -0.10145
 20
        0.67222
 30
        0.00000
 11
       -0.09295
 21
        0.67691
 31
        0.00000
  0
LINE
  5
35
  8
Layer0
 10
       -0.07246
 20
        0.31372
 30
        0.00000
 11
       -0.06151
 21
        0.30982
 31
        0.00000
  0
LINE
  5
36
  8
Layer0
 10
       -0.07246
 20
        0.68628
 30
        0.00000
 11
       -0.06151
 21
        0.69018
 31
        0.00000
  0
LINE
  5
37
  8
Layer0
 10
       -0.04348
 20
        0.30480
 30
        0.00000
 11
       -0.04284
 21
        0.30467
 31
        0.00000
  0
LINE
  5
38
  8
Layer0
 10
       -0.04348
 20
        0.69520
 30
        0.00000
 11
       -0.04284
 21
        0.69533
 31
        0.00000
  0
LINE
  5
39
  8
Layer0
 10
       -0.01449
 20
        0.30063
 30
        0.00000
 11
       -0.00632
 21
        0.30026
 31
        0.00000
  0
LINE
  5
40
  8
Layer0
 10
       -0.01449
 20
        0.69937
 30
        0.00000
 11
       -0.00632
 21
        0.69974
 31
        0.00000
  0
LINE
  5
41
  8
Layer0
 10
        0.01449
 20
        0.30063
 30
        0.00000
 11
        0.02071
 21
        0.30124
 31
        0.00000
  0
LINE
  5
42
  8
Layer0
 10
        0.01449
 20
        0.69937
 30
        0.00000
 11
        0.02071
 21
        0.69876
 31
        0.00000
  0
LINE
  5
43
  8
Layer0
 10
        0.04348
 20
        0.30480
 30
        0.00000
 11
        0.04536
 21
        0.30529
 31
        0.00000
  0
LINE
  5
44
  8
Layer0
 10
        0.04348
 20
        0.69520
 30
        0.00000
 11
        0.04536
 21
        0.69471
 31
        0.00000
  0
LINE
  5
45
  8
Layer0
 10
        0.07246
 20
        0.31372
 30
        0.00000
 11
        0.07807
 21
        0.31604
 31
        0.00000
  0
LINE
  5
46
  8
Layer0
 10
        0.07246
 20
        0.68628
 30
        0.00000
 11
        0.07807
 21
        0.68396
 31
        0.00000
  0
LINE
  5
47
  8
Layer0
 10
        0.10145
 20
        0.32778
 30
        0.00000
 11
        0.10643
 21
        0.33084
 31
        0.00000
  0
LINE
  5
48
  8
Layer0
 10
        0.10145
 20
        0.67222
 30
        0.00000
 11
        0.10643
 21
        0.66916
 31
        0.00000
  0
LINE
  5
49
  8
Layer0
 10
        0.13044
 20
        0.34841
 30
        0.00000
 11
        0.14011
 21
        0.35748
 31
        0.00000
  0
LINE
  5
50
  8
Layer0
 10
        0.13044
 20
        0.65159
 30
        0.00000
 11
        0.14011
 21
        0.64252
 31
        0.00000
  0
LINE
  5
51
  8
Layer0
 10
        0.15942
 20
        0.37936
 30
        0.00000
 11
        0.16564
 21
        0.38820
 31
        0.00000
  0
LINE
  5
52
  8
Layer0
 10
        0.17267
 20
        0.39917
 30
        0.00000
 11
        0.17156
 21
        0.39737
 31
        0.00000
  0
LINE
  5
53
  8
Layer0
 10
        0.17156
 20
        0.60263
 30
        0.00000
 11
        0.17267
 21
        0.60083
 31
        0.00000
  0
LINE
  5
54
  8
Layer0
 10
        0.15942
 20
        0.62064
 30
        0.00000
 11
        0.16564
 21
        0.61180
 31
        0.00000
  0
LINE
  5
55
  8
Layer0
 10
        0.18841
 20
        0.43306
 30
        0.00000
 11
        0.18895
 21
        0.43451
 31
        0.00000
  0
LINE
  5
56
  8
Layer0
 10
        0.19274
 20
        0.44711
 30
        0.00000
 11
        0.18916
 21
        0.43516
 31
        0.00000
  0
LINE
  5
57
  8
Layer0
 10
        0.19581
 20
        0.46007
 30
        0.00000
 11
        0.19401
 21
        0.45208
 31
        0.00000
  0
LINE
  5
58
  8
Layer0
 10
        0.19808
 20
        0.47342
 30
        0.00000
 11
        0.19730
 21
        0.46822
 31
        0.00000
  0
LINE
  5
59
  8
Layer0
 10
        0.19947
 20
        0.48722
 30
        0.00000
 11
        0.19921
 21
        0.48366
 31
        0.00000
  0
LINE
  5
60
  8
Layer0
 10
        0.19989
 20
        0.50151
 30
        0.00000
 11
        0.19989
 21
        0.49849
 31
        0.00000
  0
LINE
  5
61
  8
Layer0
 10
        0.19921
 20
        0.51634
 30
        0.00000
 11
        0.19947
 21
        0.51278
 31
        0.00000
  0
LINE
  5
62
  8
Layer0
 10
        0.19730
 20
        0.53178
 30
        0.00000
 11
        0.19808
 21
        0.52658
 31
        0.00000
  0
LINE
  5
63
  8
Layer0
 10
        0.19401
 20
        0.54792
 30
        0.00000
 11
        0.19581
 21
        0.53993
 31
        0.00000
  0
LINE
  5
64
  8
Layer0
 10
        0.18916
 20
        0.56484
 30
        0.00000
 11
        0.19274
 21
        0.55289
 31
        0.00000
  0
LINE
  5
65
  8
Layer0
 10
        0.18841
 20
        0.56694
 30
        0.00000
 11
        0.18895
 21
        0.56549
 31
        0.00000
  0
LINE
  5
66
  8
Layer0
 10
       -0.18902
 20
        0.43478
 30
        0.00000
 11
       -0.18895
 21
        0.43451
 31
        0.00000
  0
LINE
  5
67
  8
Layer0
 10
       -0.19316
 20
        0.44927
 30
        0.00000
 11
       -0.19274
 21
        0.44711
 31
        0.00000
  0
LINE
  5
68
  8
Layer0
 10
       -0.19627
 20
        0.46377
 30
        0.00000
 11
       -0.19581
 21
        0.46007
 31
        0.00000
  0
LINE
  5
69
  8
Layer0
 10
       -0.19834
 20
        0.47826
 30
        0.00000
 11
       -0.19808
 21
        0.47342
 31
        0.00000
  0
LINE
  5
70
  8
Layer0
 10
       -0.19937
 20
        0.49275
 30
        0.00000
 11
       -0.19947
 21
        0.48722
 31
        0.00000
  0
LINE
  5
71
  8
Layer0
 10
       -0.19937
 20
        0.50725
 30
        0.00000
 11
       -0.19989
 21
        0.50151
 31
        0.00000
  0
LINE
  5
72
  8
Layer0
 10
       -0.19834
 20
        0.52174
 30
        0.00000
 11
       -0.19921
 21
        0.51634
 31
        0.00000
  0
LINE
  5
73
  8
Layer0
 10
       -0.19627
 20
        0.53623
 30
        0.00000
 11
       -0.19730
 21
        0.53178
 31
        0.00000
  0
LINE
  5
74
  8
Layer0
 10
       -0.19316
 20
        0.55072
 30
        0.00000
 11
       -0.19401
 21
        0.54792
 31
        0.00000
  0
LINE
  5
75
  8
Layer0
 10
       -0.18902
 20
        0.56522
 30
        0.00000
 11
       -0.18916
 21
        0.56484
 31
        0.00000
  0
LINE
  5
76
  8
Layer0
 10
       -0.16739
 20
        0.39130
 30
        0.00000
 11
       -0.16564
 21
        0.38820
 31
        0.00000
  0
LINE
  5
77
  8
Layer0
 10
       -0.17584
 20
        0.40580
 30
        0.00000
 11
       -0.17267
 21
        0.39917
 31
        0.00000
  0
LINE
  5
78
  8
Layer0
 10
       -0.18309
 20
        0.42029
 30
        0.00000
 11
       -0.18177
 21
        0.41697
 31
        0.00000
  0
LINE
  5
79
  8
Layer0
 10
       -0.18309
 20
        0.57971
 30
        0.00000
 11
       -0.18419
 21
        0.57760
 31
        0.00000
  0
LINE
  5
80
  8
Layer0
 10
       -0.17584
 20
        0.59420
 30
        0.00000
 11
       -0.17875
 21
        0.58938
 31
        0.00000
  0
LINE
  5
81
  8
Layer0
 10
       -0.16739
 20
        0.60870
 30
        0.00000
 11
       -0.17156
 21
        0.60263
 31
        0.00000
  0
LINE
  5
82
  8
Layer0
 10
       -0.14434
 20
        0.36232
 30
        0.00000
 11
       -0.14011
 21
        0.35748
 31
        0.00000
  0
LINE
  5
83
  8
Layer0
 10
       -0.15738
 20
        0.37681
 30
        0.00000
 11
       -0.15610
 21
        0.37515
 31
        0.00000
  0
LINE
  5
84
  8
Layer0
 10
       -0.15738
 20
        0.62319
 30
        0.00000
 11
       -0.15803
 21
        0.62249
 31
        0.00000
  0
LINE
  5
85
  8
Layer0
 10
       -0.14434
 20
        0.63768
 30
        0.00000
 11
       -0.14945
 21
        0.63270
 31
        0.00000
  0
LINE
  5
86
  8
Layer0
 10
       -0.10977
 20
        0.33333
 30
        0.00000
 11
       -0.10643
 21
        0.33084
 31
        0.00000
  0
LINE
  5
87
  8
Layer0
 10
       -0.12970
 20
        0.34783
 30
        0.00000
 11
       -0.12856
 21
        0.34689
 31
        0.00000
  0
LINE
  5
88
  8
Layer0
 10
       -0.12970
 20
        0.65217
 30
        0.00000
 11
       -0.13000
 21
        0.65196
 31
        0.00000
  0
LINE
  5
89
  8
Layer0
 10
       -0.10977
 20
        0.66667
 30
        0.00000
 11
       -0.11873
 21
        0.66082
 31
        0.00000
  0
LINE
  5
90
  8
Layer0
 10
       -0.08356
 20
        0.31884
 30
        0.00000
 11
       -0.07807
 21
        0.31604
 31
        0.00000
  0
LINE
  5
91
  8
Layer0
 10
       -0.08356
 20
        0.68116
 30
        0.00000
 11
       -0.09295
 21
        0.67691
 31
        0.00000
  0
LINE
  5
92
  8
Layer0
 10
       -0.04536
 20
        0.69471
 30
        0.00000
 11
       -0.06151
 21
        0.69018
 31
        0.00000
  0
LINE
  5
93
  8
Layer0
 10
       -0.04054
 20
        0.30435
 30
        0.00000
 11
       -0.02071
 21
        0.30124
 31
        0.00000
  0
LINE
  5
94
  8
Layer0
 10
       -0.04054
 20
        0.69565
 30
        0.00000
 11
       -0.04284
 21
        0.69533
 31
        0.00000
  0
LINE
  5
95
  8
Layer0
 10
        0.00632
 20
        0.30026
 30
        0.00000
 11
       -0.00632
 21
        0.30026
 31
        0.00000
  0
LINE
  5
96
  8
Layer0
 10
        0.04054
 20
        0.30435
 30
        0.00000
 11
        0.02071
 21
        0.30124
 31
        0.00000
  0
LINE
  5
97
  8
Layer0
 10
        0.04054
 20
        0.69565
 30
        0.00000
 11
        0.04284
 21
        0.69533
 31
        0.00000
  0
LINE
  5
98
  8
Layer0
 10
        0.06151
 20
        0.69018
 30
        0.00000
 11
        0.04536
 21
        0.69471
 31
        0.00000
  0
LINE
  5
99
  8
Layer0
 10
        0.08356
 20
        0.31884
 30
        0.00000
 11
        0.07807
 21
        0.31604
 31
        0.00000
  0
LINE
  5
100
  8
Layer0
 10
        0.08356
 20
        0.68116
 30
        0.00000
 11
        0.09295
 21
        0.67691
 31
        0.00000
  0
LINE
  5
101
  8
Layer0
 10
        0.10977
 20
        0.33333
 30
        0.00000
 11
        0.10643
 21
        0.33084
 31
        0.00000
  0
LINE
  5
102
  8
Layer0
 10
        0.12970
 20
        0.34783
 30
        0.00000
 11
        0.12856
 21
        0.34689
 31
        0.00000
  0
LINE
  5
103
  8
Layer0
 10
        0.12970
 20
        0.65217
 30
        0.00000
 11
        0.13000
 21
        0.65196
 31
        0.00000
  0
LINE
  5
104
  8
Layer0
 10
        0.10977
 20
        0.66667
 30
        0.00000
 11
        0.11873
 21
        0.66082
 31
        0.00000
  0
LINE
  5
105
  8
Layer0
 10
        0.14434
 20
        0.36232
 30
        0.00000
 11
        0.14011
 21
        0.35748
 31
        0.00000
  0
LINE
  5
106
  8
Layer0
 10
        0.15738
 20
        0.37681
 30
        0.00000
 11
        0.15610
 21
        0.37515
 31
        0.00000
  0
LINE
  5
107
  8
Layer0
 10
        0.15738
 20
        0.62319
 30
        0.00000
 11
        0.15803
 21
        0.62249
 31
        0.00000
  0
LINE
  5
108
  8
Layer0
 10
        0.14434
 20
        0.63768
 30
        0.00000
 11
        0.14945
 21
        0.63270
 31
        0.00000
  0
LINE
  5
109
  8
Layer0
 10
        0.16739
 20
        0.39130
 30
        0.00000
 11
        0.16564
 21
        0.38820
 31
        0.00000
  0
LINE
  5
110
  8
Layer0
 10
        0.17584
 20
        0.40580
 30
        0.00000
 11
        0.17267
 21
        0.39917
 31
        0.00000
  0
LINE
  5
111
  8
Layer0
 10
        0.18309
 20
        0.42029
 30
        0.00000
 11
        0.18177
 21
        0.41697
 31
        0.00000
  0
LINE
  5
112
  8
Layer0
 10
        0.18309
 20
        0.57971
 30
        0.00000
 11
        0.18419
 21
        0.57760
 31
        0.00000
  0
LINE
  5
113
  8
Layer0
 10
        0.17584
 20
        0.59420
 30
        0.00000
 11
        0.17875
 21
        0.58938
 31
        0.00000
  0
LINE
  5
114
  8
Layer0
 10
        0.16739
 20
        0.60870
 30
        0.00000
 11
        0.17156
 21
        0.60263
 31
        0.00000
  0
LINE
  5
115
  8
Layer0
 10
        0.18902
 20
        0.43478
 30
        0.00000
 11
        0.18895
 21
        0.43451
 31
        0.00000
  0
LINE
  5
116
  8
Layer0
 10
        0.19316
 20
        0.44927
 30
        0.00000
 11
        0.19274
 21
        0.44711
 31
        0.00000
  0
LINE
  5
117
  8
Layer0
 10
        0.19627
 20
        0.46377
 30
        0.00000
 11
        0.19581
 21
        0.46007
 31
        0.00000
  0
LINE
  5
118
  8
Layer0
 10
        0.19834
 20
        0.47826
 30
        0.00000
 11
        0.19808
 21
        0.47342
 31
        0.00000
  0
LINE
  5
119
  8
Layer0
 10
        0.19937
 20
        0.49275
 30
        0.00000
 11
        0.19947
 21
        0.48722
 31
        0.00000
  0
LINE
  5
120
  8
Layer0
 10
        0.19937
 20
        0.50725
 30
        0.00000
 11
        0.19989
 21
        0.50151
 31
        0.00000
  0
LINE
  5
121
  8
Layer0
 10
        0.19834
 20
        0.52174
 30
        0.00000
 11
        0.19921
 21
        0.51634
 31
        0.00000
  0
LINE
  5
122
  8
Layer0
 10
        0.19627
 20
        0.53623
 30
        0.00000
 11
        0.19730
 21
        0.53178
 31
        0.00000
  0
LINE
  5
123
  8
Layer0
 10
        0.19316
 20
        0.55072
 30
        0.00000
 11
        0.19401
 21
        0.54792
 31
        0.00000
  0
LINE
  5
124
  8
Layer0
 10
        0.18902
 20
        0.56522
 30
        0.00000
 11
        0.18916
 21
        0.56484
 31
        0.00000
  0
LINE
  5
125
  8
Layer0
 10
       -0.18841
 20
        0.43306
 30
        0.00000
 11
       -0.18895
 21
        0.43451
 31
        0.00000
  0
LINE
  5
126
  8
Layer0
 10
       -0.18916
 20
        0.43516
 30
        0.00000
 11
       -0.19274
 21
        0.44711
 31
        0.00000
  0
LINE
  5
127
  8
Layer0
 10
       -0.19401
 20
        0.45208
 30
        0.00000
 11
       -0.19581
 21
        0.46007
 31
        0.00000
  0
LINE
  5
128
  8
Layer0
 10
       -0.19730
 20
        0.46822
 30
        0.00000
 11
       -0.19808
 21
        0.47342
 31
        0.00000
  0
LINE
  5
129
  8
Layer0
 10
       -0.19921
 20
        0.48366
 30
        0.00000
 11
       -0.19947
 21
        0.48722
 31
        0.00000
  0
LINE
  5
130
  8
Layer0
 10
       -0.19989
 20
        0.49849
 30
        0.00000
 11
       -0.19989
 21
        0.50151
 31
        0.00000
  0
LINE
  5
131
  8
Layer0
 10
       -0.19947
 20
        0.51278
 30
        0.00000
 11
       -0.19921
 21
        0.51634
 31
        0.00000
  0
LINE
  5
132
  8
Layer0
 10
       -0.19808
 20
        0.52658
 30
        0.00000
 11
       -0.19730
 21
        0.53178
 31
        0.00000
  0
LINE
  5
133
  8
Layer0
 10
       -0.19581
 20
        0.53993
 30
        0.00000
 11
       -0.19401
 21
        0.54792
 31
        0.00000
  0
LINE
  5
134
  8
Layer0
 10
       -0.19274
 20
        0.55289
 30
        0.00000
 11
       -0.18916
 21
        0.56484
 31
        0.00000
  0
LINE
  5
135
  8
Layer0
 10
       -0.18841
 20
        0.56694
 30
        0.00000
 11
       -0.18895
 21
        0.56549
 31
        0.00000
  0
LINE
  5
136
  8
Layer0
 10
       -0.15942
 20
        0.37936
 30
        0.00000
 11
       -0.16564
 21
        0.38820
 31
        0.00000
  0
LINE
  5
137
  8
Layer0
 10
       -0.17156
 20
        0.39737
 30
        0.00000
 11
       -0.17267
 21
        0.39917
 31
        0.00000
  0
LINE
  5
138
  8
Layer0
 10
       -0.17267
 20
        0.60083
 30
        0.00000
 11
       -0.17156
 21
        0.60263
 31
        0.00000
  0
LINE
  5
139
  8
Layer0
 10
       -0.15942
 20
        0.62064
 30
        0.00000
 11
       -0.16564
 21
        0.61180
 31
        0.00000
  0
LINE
  5
140
  8
Layer0
 10
       -0.13044
 20
        0.34841
 30
        0.00000
 11
       -0.14011
 21
        0.35748
 31
        0.00000
  0
LINE
  5
141
  8
Layer0
 10
       -0.13044
 20
        0.65159
 30
        0.00000
 11
       -0.14011
 21
        0.64252
 31
        0.00000
  0
LINE
  5
142
  8
Layer0
 10
       -0.10145
 20
        0.32778
 30
        0.00000
 11
       -0.10643
 21
        0.33084
 31
        0.00000
  0
LINE
  5
143
  8
Layer0
 10
       -0.10145
 20
        0.67222
 30
        0.00000
 11
       -0.10643
 21
        0.66916
 31
        0.00000
  0
LINE
  5
144
  8
Layer0
 10
       -0.07246
 20
        0.31372
 30
        0.00000
 11
       -0.07807
 21
        0.31604
 31
        0.00000
  0
LINE
  5
145
  8
Layer0
 10
       -0.07246
 20
        0.68628
 30
        0.00000
 11
       -0.07807
 21
        0.68396
 31
        0.00000
  0
LINE
  5
146
  8
Layer0
 10
       -0.04348
 20
        0.30480
 30
        0.00000
 11
       -0.04536
 21
        0.30529
 31
        0.00000
  0
LINE
  5
147
  8
Layer0
 10
       -0.04348
 20
        0.69520
 30
        0.00000
 11
       -0.04536
 21
        0.69471
 31
        0.00000
  0
LINE
  5
148
  8
Layer0
 10
       -0.01449
 20
        0.30063
 30
        0.00000
 11
       -0.02071
 21
        0.30124
 31
        0.00000
  0
LINE
  5
149
  8
Layer0
 10
       -0.01449
 20
        0.69937
 30
        0.00000
 11
       -0.02071
 21
        0.69876
 31
        0.00000
  0
LINE
  5
150
  8
Layer0
 10
        0.01449
 20
        0.30063
 30
        0.00000
 11
        0.00632
 21
        0.30026
 31
        0.00000
  0
LINE
  5
151
  8
Layer0
 10
        0.01449
 20
        0.69937
 30
        0.00000
 11
        0.00632
 21
        0.69974
 31
        0.00000
  0
LINE
  5
152
  8
Layer0
 10
        0.04348
 20
        0.30480
 30
        0.00000
 11
        0.04284
 21
        0.30467
 31
        0.00000
  0
LINE
  5
153
  8
Layer0
 10
        0.04348
 20
        0.69520
 30
        0.00000
 11
        0.04284
 21
        0.69533
 31
        0.00000
  0
LINE
  5
154
  8
Layer0
 10
        0.07246
 20
        0.31372
 30
        0.00000
 11
        0.06151
 21
        0.30982
 31
        0.00000
  0
LINE
  5
155
  8
Layer0
 10
        0.07246
 20
        0.68628
 30
        0.00000
 11
        0.06151
 21
        0.69018
 31
        0.00000
  0
LINE
  5
156
  8
Layer0
 10
        0.10145
 20
        0.32778
 30
        0.00000
 11
        0.09295
 21
        0.32309
 31
        0.00000
  0
LINE
  5
157
  8
Layer0
 10
        0.10145
 20
        0.67222
 30
        0.00000
 11
        0.09295
 21
        0.67691
 31
        0.00000
  0
LINE
  5
158
  8
Layer0
 10
        0.11873
 20
        0.33918
 30
        0.00000
 11
        0.12856
 21
        0.34689
 31
        0.00000
  0
LINE
  5
159
  8
Layer0
 10
        0.13044
 20
        0.34841
 30
        0.00000
 11
        0.13000
 21
        0.34804
 31
        0.00000
  0
LINE
  5
160
  8
Layer0
 10
        0.13044
 20
        0.65159
 30
        0.00000
 11
        0.13000
 21
        0.65196
 31
        0.00000
  0
LINE
  5
161
  8
Layer0
 10
        0.12856
 20
        0.65311
 30
        0.00000
 11
        0.11873
 21
        0.66082
 31
        0.00000
  0
LINE
  5
162
  8
Layer0
 10
        0.14945
 20
        0.36730
 30
        0.00000
 11
        0.15610
 21
        0.37515
 31
        0.00000
  0
LINE
  5
163
  8
Layer0
 10
        0.15942
 20
        0.37936
 30
        0.00000
 11
        0.15803
 21
        0.37751
 31
        0.00000
  0
LINE
  5
164
  8
Layer0
 10
        0.15942
 20
        0.62064
 30
        0.00000
 11
        0.15803
 21
        0.62249
 31
        0.00000
  0
LINE
  5
165
  8
Layer0
 10
        0.15610
 20
        0.62485
 30
        0.00000
 11
        0.14945
 21
        0.63270
 31
        0.00000
  0
LINE
  5
166
  8
Layer0
 10
        0.17875
 20
        0.41062
 30
        0.00000
 11
        0.18177
 21
        0.41697
 31
        0.00000
  0
LINE
  5
167
  8
Layer0
 10
        0.18841
 20
        0.43306
 30
        0.00000
 11
        0.18419
 21
        0.42240
 31
        0.00000
  0
LINE
  5
168
  8
Layer0
 10
        0.18841
 20
        0.56694
 30
        0.00000
 11
        0.18419
 21
        0.57760
 31
        0.00000
  0
LINE
  5
169
  8
Layer0
 10
        0.18177
 20
        0.58303
 30
        0.00000
 11
        0.17875
 21
        0.58938
 31
        0.00000
  0
LINE
  5
170
  8
Layer0
 10
       -0.18902
 20
        0.43478
 30
        0.00000
 11
       -0.18916
 21
        0.43516
 31
        0.00000
  0
LINE
  5
171
  8
Layer0
 10
       -0.19316
 20
        0.44927
 30
        0.00000
 11
       -0.19401
 21
        0.45208
 31
        0.00000
  0
LINE
  5
172
  8
Layer0
 10
       -0.19627
 20
        0.46377
 30
        0.00000
 11
       -0.19730
 21
        0.46822
 31
        0.00000
  0
LINE
  5
173
  8
Layer0
 10
       -0.19834
 20
        0.47826
 30
        0.00000
 11
       -0.19921
 21
        0.48366
 31
        0.00000
  0
LINE
  5
174
  8
Layer0
 10
       -0.19937
 20
        0.49275
 30
        0.00000
 11
       -0.19989
 21
        0.49849
 31
        0.00000
  0
LINE
  5
175
  8
Layer0
 10
       -0.19937
 20
        0.50725
 30
        0.00000
 11
       -0.19947
 21
        0.51278
 31
        0.00000
  0
LINE
  5
176
  8
Layer0
 10
       -0.19834
 20
        0.52174
 30
        0.00000
 11
       -0.19808
 21
        0.52658
 31
        0.00000
  0
LINE
  5
177
  8
Layer0
 10
       -0.19627
 20
        0.53623
 30
        0.00000
 11
       -0.19581
 21
        0.53993
 31
        0.00000
  0
LINE
  5
178
  8
Layer0
 10
       -0.19316
 20
        0.55072
 30
        0.00000
 11
       -0.19274
 21
        0.55289
 31
        0.00000
  0
LINE
  5
179
  8
Layer0
 10
       -0.18902
 20
        0.56522
 30
        0.00000
 11
       -0.18895
 21
        0.56549
 31
        0.00000
  0
LINE
  5
180
  8
Layer0
 10
       -0.16739
 20
        0.39130
 30
        0.00000
 11
       -0.17156
 21
        0.39737
 31
        0.00000
  0
LINE
  5
181
  8
Layer0
 10
       -0.17584
 20
        0.40580
 30
        0.00000
 11
       -0.17875
 21
        0.41062
 31
        0.00000
  0
LINE
  5
182
  8
Layer0
 10
       -0.18309
 20
        0.42029
 30
        0.00000
 11
       -0.18419
 21
        0.42240
 31
        0.00000
  0
LINE
  5
183
  8
Layer0
 10
       -0.18309
 20
        0.57971
 30
        0.00000
 11
       -0.18177
 21
        0.58303
 31
        0.00000
  0
LINE
  5
184
  8
Layer0
 10
       -0.17584
 20
        0.59420
 30
        0.00000
 11
       -0.17267
 21
        0.60083
 31
        0.00000
  0
LINE
  5
185
  8
Layer0
 10
       -0.16739
 20
        0.60870
 30
        0.00000
 11
       -0.16564
 21
        0.61180
 31
        0.00000
  0
LINE
  5
186
  8
Layer0
 10
       -0.14434
 20
        0.36232
 30
        0.00000
 11
       -0.14945
 21
        0.36730
 31
        0.00000
  0
LINE
  5
187
  8
Layer0
 10
       -0.15738
 20
        0.37681
 30
        0.00000
 11
       -0.15803
 21
        0.37751
 31
        0.00000
  0
LINE
  5
188
  8
Layer0
 10
       -0.15738
 20
        0.62319
 30
        0.00000
 11
       -0.15610
 21
        0.62485
 31
        0.00000
  0
LINE
  5
189
  8
Layer0
 10
       -0.14434
 20
        0.63768
 30
        0.00000
 11
       -0.14011
 21
        0.64252
 31
        0.00000
  0
LINE
  5
190
  8
Layer0
 10
       -0.10977
 20
        0.33333
 30
        0.00000
 11
       -0.11873
 21
        0.33918
 31
        0.00000
  0
LINE
  5
191
  8
Layer0
 10
       -0.12970
 20
        0.34783
 30
        0.00000
 11
       -0.13000
 21
        0.34804
 31
        0.00000
  0
LINE
  5
192
  8
Layer0
 10
       -0.12970
 20
        0.65217
 30
        0.00000
 11
       -0.12856
 21
        0.65311
 31
        0.00000
  0
LINE
  5
193
  8
Layer0
 10
       -0.10977
 20
        0.66667
 30
        0.00000
 11
       -0.10643
 21
        0.66916
 31
        0.00000
  0
LINE
  5
194
  8
Layer0
 10
       -0.08356
 20
        0.31884
 30
        0.00000
 11
       -0.09295
 21
        0.32309
 31
        0.00000
  0
LINE
  5
195
  8
Layer0
 10
       -0.08356
 20
        0.68116
 30
        0.00000
 11
       -0.07807
 21
        0.68396
 31
        0.00000
  0
LINE
  5
196
  8
Layer0
 10
       -0.06151
 20
        0.30982
 30
        0.00000
 11
       -0.04536
 21
        0.30529
 31
        0.00000
  0
LINE
  5
197
  8
Layer0
 10
       -0.04054
 20
        0.30435
 30
        0.00000
 11
       -0.04284
 21
        0.30467
 31
        0.00000
  0
LINE
  5
198
  8
Layer0
 10
       -0.04054
 20
        0.69565
 30
        0.00000
 11
       -0.02071
 21
        0.69876
 31
        0.00000
  0
LINE
  5
199
  8
Layer0
 10
       -0.00632
 20
        0.69974
 30
        0.00000
 11
        0.00632
 21
        0.69974
 31
        0.00000
  0
LINE
  5
200
  8
Layer0
 10
        0.04054
 20
        0.30435
 30
        0.00000
 11
        0.04284
 21
        0.30467
 31
        0.00000
  0
LINE
  5
201
  8
Layer0
 10
        0.04054
 20
        0.69565
 30
        0.00000
 11
        0.02071
 21
        0.69876
 31
        0.00000
  0
LINE
  5
202
  8
Layer0
 10
        0.04536
 20
        0.30529
 30
        0.00000
 11
        0.06151
 21
        0.30982
 31
        0.00000
  0
LINE
  5
203
  8
Layer0
 10
        0.08356
 20
        0.31884
 30
        0.00000
 11
        0.09295
 21
        0.32309
 31
        0.00000
  0
LINE
  5
204
  8
Layer0
 10
        0.08356
 20
        0.68116
 30
        0.00000
 11
        0.07807
 21
        0.68396
 31
        0.00000
  0
LINE
  5
205
  8
Layer0
 10
        0.10977
 20
        0.33333
 30
        0.00000
 11
        0.11873
 21
        0.33918
 31
        0.00000
  0
LINE
  5
206
  8
Layer0
 10
        0.12970
 20
        0.34783
 30
        0.00000
 11
        0.13000
 21
        0.34804
 31
        0.00000
  0
LINE
  5
207
  8
Layer0
 10
        0.12970
 20
        0.65217
 30
        0.00000
 11
        0.12856
 21
        0.65311
 31
        0.00000
  0
LINE
  5
208
  8
Layer0
 10
        0.10977
 20
        0.66667
 30
        0.00000
 11
        0.10643
 21
        0.66916
 31
        0.00000
  0
LINE
  5
209
  8
Layer0
 10
        0.14434
 20
        0.36232
 30
        0.00000
 11
        0.14945
 21
        0.36730
 31
        0.00000
  0
LINE
  5
210
  8
Layer0
 10
        0.15738
 20
        0.37681
 30
        0.00000
 11
        0.15803
 21
        0.37751
 31
        0.00000
  0
LINE
  5
211
  8
Layer0
 10
        0.15738
 20
        0.62319
 30
        0.00000
 11
        0.15610
 21
        0.62485
 31
        0.00000
  0
LINE
  5
212
  8
Layer0
 10
        0.14434
 20
        0.63768
 30
        0.00000
 11
        0.14011
 21
        0.64252
 31
        0.00000
  0
LINE
  5
213
  8
Layer0
 10
        0.16739
 20
        0.39130
 30
        0.00000
 11
        0.17156
 21
        0.39737
 31
        0.00000
  0
LINE
  5
214
  8
Layer0
 10
        0.17584
 20
        0.40580
 30
        0.00000
 11
        0.17875
 21
        0.41062
 31
        0.00000
  0
LINE
  5
215
  8
Layer0
 10
        0.18309
 20
        0.42029
 30
        0.00000
 11
        0.18419
 21
        0.42240
 31
        0.00000
  0
LINE
  5
216
  8
Layer0
 10
        0.18309
 20
        0.57971
 30
        0.00000
 11
        0.18177
 21
        0.58303
 31
        0.00000
  0
LINE
  5
217
  8
Layer0
 10
        0.17584
 20
        0.59420
 30
        0.00000
 11
        0.17267
 21
        0.60083
 31
        0.00000
  0
LINE
  5
218
  8
Layer0
 10
        0.16739
 20
        0.60870
 30
        0.00000
 11
        0.16564
 21
        0.61180
 31
        0.00000
  0
LINE
  5
219
  8
Layer0
 10
        0.18902
 20
        0.43478
 30
        0.00000
 11
        0.18916
 21
        0.43516
 31
        0.00000
  0
LINE
  5
220
  8
Layer0
 10
        0.19316
 20
        0.44927
 30
        0.00000
 11
        0.19401
 21
        0.45208
 31
        0.00000
  0
LINE
  5
221
  8
Layer0
 10
        0.19627
 20
        0.46377
 30
        0.00000
 11
        0.19730
 21
        0.46822
 31
        0.00000
  0
LINE
  5
222
  8
Layer0
 10
        0.19834
 20
        0.47826
 30
        0.00000
 11
        0.19921
 21
        0.48366
 31
        0.00000
  0
LINE
  5
223
  8
Layer0
 10
        0.19937
 20
        0.49275
 30
        0.00000
 11
        0.19989
 21
        0.49849
 31
        0.00000
  0
LINE
  5
224
  8
Layer0
 10
        0.19937
 20
        0.50725
 30
        0.00000
 11
        0.19947
 21
        0.51278
 31
        0.00000
  0
LINE
  5
225
  8
Layer0
 10
        0.19834
 20
        0.52174
 30
        0.00000
 11
        0.19808
 21
        0.52658
 31
        0.00000
  0
LINE
  5
226
  8
Layer0
 10
        0.19627
 20
        0.53623
 30
        0.00000
 11
        0.19581
 21
        0.53993
 31
        0.00000
  0
LINE
  5
227
  8
Layer0
 10
        0.19316
 20
        0.55072
 30
        0.00000
 11
        0.19274
 21
        0.55289
 31
        0.00000
  0
LINE
  5
228
  8
Layer0
 10
        0.18902
 20
        0.56522
 30
        0.00000
 11
        0.18895
 21
        0.56549
 31
        0.00000
  0
LINE
  5
229
  8
Layer0
 10
       -1.00000
 20
        0.01449
 30
        0.00000
 11
       -1.00000
 21
        0.00000
 31
        0.00000
  0
LINE
  5
230
  8
Layer0
 10
       -1.00000
 20
        0.00000
 30
        0.00000
 11
       -0.97101
 21
        0.00000
 31
        0.00000
  0
LINE
  5
231
  8
Layer0
 10
       -1.00000
 20
        0.02899
 30
        0.00000
 11
       -1.00000
 21
        0.01449
 31
        0.00000
  0
LINE
  5
232
  8
Layer0
 10
       -1.00000
 20
        0.04348
 30
        0.00000
 11
       -1.00000
 21
        0.02899
 31
        0.00000
  0
LINE
  5
233
  8
Layer0
 10
       -1.00000
 20
        0.05797
 30
        0.00000
 11
       -1.00000
 21
        0.04348
 31
        0.00000
  0
LINE
  5
234
  8
Layer0
 10
       -1.00000
 20
        0.07246
 30
        0.00000
 11
       -1.00000
 21
        0.05797
 31
        0.00000
  0
LINE
  5
235
  8
Layer0
 10
       -1.00000
 20
        0.08696
 30
        0.00000
 11
       -1.00000
 21
        0.07246
 31
        0.00000
  0
LINE
  5
236
  8
Layer0
 10
       -1.00000
 20
        0.10145
 30
        0.00000
 11
       -1.00000
 21
        0.08696
 31
        0.00000
  0
LINE
  5
237
  8
Layer0
 10
       -1.00000
 20
        0.11594
 30
        0.00000
 11
       -1.00000
 21
        0.10145
 31
        0.00000
  0
LINE
  5
238
  8
Layer0
 10
       -1.00000
 20
        0.13044
 30
        0.00000
 11
       -1.00000
 21
        0.11594
 31
        0.00000
  0
LINE
  5
239
  8
Layer0
 10
       -1.00000
 20
        0.14493
 30
        0.00000
 11
       -1.00000
 21
        0.13044
 31
        0.00000
  0
LINE
  5
240
  8
Layer0
 10
       -1.00000
 20
        0.15942
 30
        0.00000
 11
       -1.00000
 21
        0.14493
 31
        0.00000
  0
LINE
  5
241
  8
Layer0
 10
       -1.00000
 20
        0.17391
 30
        0.00000
 11
       -1.00000
 21
        0.15942
 31
        0.00000
  0
LINE
  5
242
  8
Layer0
 10
       -1.00000
 20
        0.18841
 30
        0.00000
 11
       -1.00000
 21
        0.17391
 31
        0.00000
  0
LINE
  5
243
  8
Layer0
 10
       -1.00000
 20
        0.20290
 30
        0.00000
 11
       -1.00000
 21
        0.18841
 31
        0.00000
  0
LINE
  5
244
  8
Layer0
 10
       -1.00000
 20
        0.21739
 30
        0.00000
 11
       -1.00000
 21
        0.20290
 31
        0.00000
  0
LINE
  5
245
  8
Layer0
 10
       -1.00000
 20
        0.23188
 30
        0.00000
 11
       -1.00000
 21
        0.21739
 31
        0.00000
  0
LINE
  5
246
  8
Layer0
 10
       -1.00000
 20
        0.24638
 30
        0.00000
 11
       -1.00000
 21
        0.23188
 31
        0.00000
  0
LINE
  5
247
  8
Layer0
 10
       -1.00000
 20
        0.26087
 30
        0.00000
 11
       -1.00000
 21
        0.24638
 31
        0.00000
  0
LINE
  5
248
  8
Layer0
 10
       -1.00000
 20
        0.27536
 30
        0.00000
 11
       -1.00000
 21
        0.26087
 31
        0.00000
  0
LINE
  5
249
  8
Layer0
 10
       -1.00000
 20
        0.28986
 30
        0.00000
 11
       -1.00000
 21
        0.27536
 31
        0.00000
  0
LINE
  5
250
  8
Layer0
 10
       -1.00000
 20
        0.30435
 30
        0.00000
 11
       -1.00000
 21
        0.28986
 31
        0.00000
  0
LINE
  5
251
  8
Layer0
 10
       -1.00000
 20
        0.31884
 30
        0.00000
 11
       -1.00000
 21
        0.30435
 31
        0.00000
  0
LINE
  5
252
  8
Layer0
 10
       -1.00000
 20
        0.33333
 30
        0.00000
 11
       -1.00000
 21
        0.31884
 31
        0.00000
  0
LINE
  5
253
  8
Layer0
 10
       -1.00000
 20
        0.34783
 30
        0.00000
 11
       -1.00000
 21
        0.33333
 31
        0.00000
  0
LINE
  5
254
  8
Layer0
 10
       -1.00000
 20
        0.36232
 30
        0.00000
 11
       -1.00000
 21
        0.34783
 31
        0.00000
  0
LINE
  5
255
  8
Layer0
 10
       -1.00000
 20
        0.37681
 30
        0.00000
 11
       -1.00000
 21
        0.36232
 31
        0.00000
  0
LINE
  5
256
  8
Layer0
 10
       -1.00000
 20
        0.39130
 30
        0.00000
 11
       -1.00000
 21
        0.37681
 31
        0.00000
  0
LINE
  5
257
  8
Layer0
 10
       -1.00000
 20
        0.40580
 30
        0.00000
 11
       -1.00000
 21
        0.39130
 31
        0.00000
  0
LINE
  5
258
  8
Layer0
 10
       -1.00000
 20
        0.42029
 30
        0.00000
 11
       -1.00000
 21
        0.40580
 31
        0.00000
  0
LINE
  5
259
  8
Layer0
 10
       -1.00000
 20
        0.43478
 30
        0.00000
 11
       -1.00000
 21
        0.42029
 31
        0.00000
  0
LINE
  5
260
  8
Layer0
 10
       -1.00000
 20
        0.44927
 30
        0.00000
 11
       -1.00000
 21
        0.43478
 31
        0.00000
  0
LINE
  5
261
  8
Layer0
 10
       -1.00000
 20
        0.46377
 30
        0.00000
 11
       -1.00000
 21
        0.44927
 31
        0.00000
  0
LINE
  5
262
  8
Layer0
 10
       -1.00000
 20
        0.47826
 30
        0.00000
 11
       -1.00000
 21
        0.46377
 31
        0.00000
  0
LINE
  5
263
  8
Layer0
 10
       -1.00000
 20
        0.49275
 30
        0.00000
 11
       -1.00000
 21
        0.47826
 31
        0.00000
  0
LINE
  5
264
  8
Layer0
 10
       -1.00000
 20
        0.50725
 30
        0.00000
 11
       -1.00000
 21
        0.49275
 31
        0.00000
  0
LINE
  5
265
  8
Layer0
 10
       -1.00000
 20
        0.52174
 30
        0.00000
 11
       -1.00000
 21
        0.50725
 31
        0.00000
  0
LINE
  5
266
  8
Layer0
 10
       -1.00000
 20
        0.53623
 30
        0.00000
 11
       -1.00000
 21
        0.52174
 31
        0.00000
  0
LINE
  5
267
  8
Layer0
 10
       -1.00000
 20
        0.55072
 30
        0.00000
 11
       -1.00000
 21
        0.53623
 31
        0.00000
  0
LINE
  5
268
  8
Layer0
 10
       -1.00000
 20
        0.56522
 30
        0.00000
 11
       -1.00000
 21
        0.55072
 31
        0.00000
  0
LINE
  5
269
  8
Layer0
 10
       -1.00000
 20
        0.57971
 30
        0.00000
 11
       -1.00000
 21
        0.56522
 31
        0.00000
  0
LINE
  5
270
  8
Layer0
 10
       -1.00000
 20
        0.59420
 30
        0.00000
 11
       -1.00000
 21
        0.57971
 31
        0.00000
  0
LINE
  5
271
  8
Layer0
 10
       -1.00000
 20
        0.60870
 30
        0.00000
 11
       -1.00000
 21
        0.59420
 31
        0.00000
  0
LINE
  5
272
  8
Layer0
 10
       -1.00000
 20
        0.62319
 30
        0.00000
 11
       -1.00000
 21
        0.60870
 31
        0.00000
  0
LINE
  5
273
  8
Layer0
 10
       -1.00000
 20
        0.63768
 30
        0.00000
 11
       -1.00000
 21
        0.62319
 31
        0.00000
  0
LINE
  5
274
  8
Layer0
 10
       -1.00000
 20
        0.65217
 30
        0.00000
 11
       -1.00000
 21
        0.63768
 31
        0.00000
  0
LINE
  5
275
  8
Layer0
 10
       -1.00000
 20
        0.66667
 30
        0.00000
 11
       -1.00000
 21
        0.65217
 31
        0.00000
  0
LINE
  5
276
  8
Layer0
 10
       -1.00000
 20
        0.68116
 30
        0.00000
 11
       -1.00000
 21
        0.66667
 31
        0.00000
  0
LINE
  5
277
  8
Layer0
 10
       -1.00000
 20
        0.69565
 30
        0.00000
 11
       -1.00000
 21
        0.68116
 31
        0.00000
  0
LINE
  5
278
  8
Layer0
 10
       -1.00000
 20
        0.71014
 30
        0.00000
 11
       -1.00000
 21
        0.69565
 31
        0.00000
  0
LINE
  5
279
  8
Layer0
 10
       -1.00000
 20
        0.72464
 30
        0.00000
 11
       -1.00000
 21
        0.71014
 31
        0.00000
  0
LINE
  5
280
  8
Layer0
 10
       -1.00000
 20
        0.73913
 30
        0.00000
 11
       -1.00000
 21
        0.72464
 31
        0.00000
  0
LINE
  5
281
  8
Layer0
 10
       -1.00000
 20
        0.75362
 30
        0.00000
 11
       -1.00000
 21
        0.73913
 31
        0.00000
  0
LINE
  5
282
  8
Layer0
 10
       -1.00000
 20
        0.76812
 30
        0.00000
 11
       -1.00000
 21
        0.75362
 31
        0.00000
  0
LINE
  5
283
  8
Layer0
 10
       -1.00000
 20
        0.78261
 30
        0.00000
 11
       -1.00000
 21
        0.76812
 31
        0.00000
  0
LINE
  5
284
  8
Layer0
 10
       -1.00000
 20
        0.79710
 30
        0.00000
 11
       -1.00000
 21
        0.78261
 31
        0.00000
  0
LINE
  5
285
  8
Layer0
 10
       -1.00000
 20
        0.81159
 30
        0.00000
 11
       -1.00000
 21
        0.79710
 31
        0.00000
  0
LINE
  5
286
  8
Layer0
 10
       -1.00000
 20
        0.82609
 30
        0.00000
 11
       -1.00000
 21
        0.81159
 31
        0.00000
  0
LINE
  5
287
  8
Layer0
 10
       -1.00000
 20
        0.84058
 30
        0.00000
 11
       -1.00000
 21
        0.82609
 31
        0.00000
  0
LINE
  5
288
  8
Layer0
 10
       -1.00000
 20
        0.85507
 30
        0.00000
 11
       -1.00000
 21
        0.84058
 31
        0.00000
  0
LINE
  5
289
  8
Layer0
 10
       -1.00000
 20
        0.86957
 30
        0.00000
 11
       -1.00000
 21
        0.85507
 31
        0.00000
  0
LINE
  5
290
  8
Layer0
 10
       -1.00000
 20
        0.88406
 30
        0.00000
 11
       -1.00000
 21
        0.86957
 31
        0.00000
  0
LINE
  5
291
  8
Layer0
 10
       -1.00000
 20
        0.89855
 30
        0.00000
 11
       -1.00000
 21
        0.88406
 31
        0.00000
  0
LINE
  5
292
  8
Layer0
 10
       -1.00000
 20
        0.91304
 30
        0.00000
 11
       -1.00000
 21
        0.89855
 31
        0.00000
  0
LINE
  5
293
  8
Layer0
 10
       -1.00000
 20
        0.92754
 30
        0.00000
 11
       -1.00000
 21
        0.91304
 31
        0.00000
  0
LINE
  5
294
  8
Layer0
 10
       -1.00000
 20
        0.94203
 30
        0.00000
 11
       -1.00000
 21
        0.92754
 31
        0.00000
  0
LINE
  5
295
  8
Layer0
 10
       -1.00000
 20
        0.95652
 30
        0.00000
 11
       -1.00000
 21
        0.94203
 31
        0.00000
  0
LINE
  5
296
  8
Layer0
 10
       -1.00000
 20
        0.97101
 30
        0.00000
 11
       -1.00000
 21
        0.95652
 31
        0.00000
  0
LINE
  5
297
  8
Layer0
 10
       -1.00000
 20
        0.98551
 30
        0.00000
 11
       -1.00000
 21
        0.97101
 31
        0.00000
  0
LINE
  5
298
  8
Layer0
 10
       -1.00000
 20
        1.00000
 30
        0.00000
 11
       -1.00000
 21
        0.98551
 31
        0.00000
  0
LINE
  5
299
  8
Layer0
 10
       -0.97101
 20
        1.00000
 30
        0.00000
 11
       -1.00000
 21
        1.00000
 31
        0.00000
  0
LINE
  5
300
  8
Layer0
 10
       -0.97101
 20
        0.00000
 30
        0.00000
 11
       -0.94203
 21
        0.00000
 31
        0.00000
  0
LINE
  5
301
  8
Layer0
 10
       -0.94203
 20
        1.00000
 30
        0.00000
 11
       -0.97101
 21
        1.00000
 31
        0.00000
  0
LINE
  5
302
  8
Layer0
 10
       -0.94203
 20
        0.00000
 30
        0.00000
 11
       -0.91304
 21
        0.00000
 31
        0.00000
  0
LINE
  5
303
  8
Layer0
 10
       -0.91304
 20
        1.00000
 30
        0.00000
 11
       -0.94203
 21
        1.00000
 31
        0.00000
  0
LINE
  5
304
  8
Layer0
 10
       -0.91304
 20
        0.00000
 30
        0.00000
 11
       -0.88406
 21
        0.00000
 31
        0.00000
  0
LINE
  5
305
  8
Layer0
 10
       -0.88406
 20
        1.00000
 30
        0.00000
 11
       -0.91304
 21
        1.00000
 31
        0.00000
  0
LINE
  5
306
  8
Layer0
 10
       -0.88406
 20
        0.00000
 30
        0.00000
 11
       -0.85507
 21
        0.00000
 31
        0.00000
  0
LINE
  5
307
  8
Layer0
 10
       -0.85507
 20
        1.00000
 30
        0.00000
 11
       -0.88406
 21
        1.00000
 31
        0.00000
  0
LINE
  5
308
  8
Layer0
 10
       -0.85507
 20
        0.00000
 30
        0.00000
 11
       -0.82609
 21
        0.00000
 31
        0.00000
  0
LINE
  5
309
  8
Layer0
 10
       -0.82609
 20
        1.00000
 30
        0.00000
 11
       -0.85507
 21
        1.00000
 31
        0.00000
  0
LINE
  5
310
  8
Layer0
 10
       -0.82609
 20
        0.00000
 30
        0.00000
 11
       -0.79710
 21
        0.00000
 31
        0.00000
  0
LINE
  5
311
  8
Layer0
 10
       -0.79710
 20
        1.00000
 30
        0.00000
 11
       -0.82609
 21
        1.00000
 31
        0.00000
  0
LINE
  5
312
  8
Layer0
 10
       -0.79710
 20
        0.00000
 30
        0.00000
 11
       -0.76812
 21
        0.00000
 31
        0.00000
  0
LINE
  5
313
  8
Layer0
 10
       -0.76812
 20
        1.00000
 30
        0.00000
 11
       -0.79710
 21
        1.00000
 31
        0.00000
  0
LINE
  5
314
  8
Layer0
 10
       -0.76812
 20
        0.00000
 30
        0.00000
 11
       -0.73913
 21
        0.00000
 31
        0.00000
  0
LINE
  5
315
  8
Layer0
 10
       -0.73913
 20
        1.00000
 30
        0.00000
 11
       -0.76812
 21
        1.00000
 31
        0.00000
  0
LINE
  5
316
  8
Layer0
 10
       -0.73913
 20
        0.00000
 30
        0.00000
 11
       -0.71014
 21
        0.00000
 31
        0.00000
  0
LINE
  5
317
  8
Layer0
 10
       -0.71014
 20
        1.00000
 30
        0.00000
 11
       -0.73913
 21
        1.00000
 31
        0.00000
  0
LINE
  5
318
  8
Layer0
 10
       -0.71014
 20
        0.00000
 30
        0.00000
 11
       -0.68116
 21
        0.00000
 31
        0.00000
  0
LINE
  5
319
  8
Layer0
 10
       -0.68116
 20
        1.00000
 30
        0.00000
 11
       -0.71014
 21
        1.00000
 31
        0.00000
  0
LINE
  5
320
  8
Layer0
 10
       -0.68116
 20
        0.00000
 30
        0.00000
 11
       -0.65217
 21
        0.00000
 31
        0.00000
  0
LINE
  5
321
  8
Layer0
 10
       -0.65217
 20
        1.00000
 30
        0.00000
 11
       -0.68116
 21
        1.00000
 31
        0.00000
  0
LINE
  5
322
  8
Layer0
 10
       -0.65217
 20
        0.00000
 30
        0.00000
 11
       -0.62319
 21
        0.00000
 31
        0.00000
  0
LINE
  5
323
  8
Layer0
 10
       -0.62319
 20
        1.00000
 30
        0.00000
 11
       -0.65217
 21
        1.00000
 31
        0.00000
  0
LINE
  5
324
  8
Layer0
 10
       -0.62319
 20
        0.00000
 30
        0.00000
 11
       -0.59420
 21
        0.00000
 31
        0.00000
  0
LINE
  5
325
  8
Layer0
 10
       -0.59420
 20
        1.00000
 30
        0.00000
 11
       -0.62319
 21
        1.00000
 31
        0.00000
  0
LINE
  5
326
  8
Layer0
 10
       -0.59420
 20
        0.00000
 30
        0.00000
 11
       -0.56522
 21
        0.00000
 31
        0.00000
  0
LINE
  5
327
  8
Layer0
 10
       -0.56522
 20
        1.00000
 30
        0.00000
 11
       -0.59420
 21
        1.00000
 31
        0.00000
  0
LINE
  5
328
  8
Layer0
 10
       -0.56522
 20
        0.00000
 30
        0.00000
 11
       -0.53623
 21
        0.00000
 31
        0.00000
  0
LINE
  5
329
  8
Layer0
 10
       -0.53623
 20
        1.00000
 30
        0.00000
 11
       -0.56522
 21
        1.00000
 31
        0.00000
  0
LINE
  5
330
  8
Layer0
 10
       -0.53623
 20
        0.00000
 30
        0.00000
 11
       -0.50725
 21
        0.00000
 31
        0.00000
  0
LINE
  5
331
  8
Layer0
 10
       -0.50725
 20
        1.00000
 30
        0.00000
 11
       -0.53623
 21
        1.00000
 31
        0.00000
  0
LINE
  5
332
  8
Layer0
 10
       -0.50725
 20
        0.00000
 30
        0.00000
 11
       -0.47826
 21
        0.00000
 31
        0.00000
  0
LINE
  5
333
  8
Layer0
 10
       -0.47826
 20
        1.00000
 30
        0.00000
 11
       -0.50725
 21
        1.00000
 31
        0.00000
  0
LINE
  5
334
  8
Layer0
 10
       -0.47826
 20
        0.00000
 30
        0.00000
 11
       -0.44927
 21
        0.00000
 31
        0.00000
  0
LINE
  5
335
  8
Layer0
 10
       -0.44927
 20
        1.00000
 30
        0.00000
 11
       -0.47826
 21
        1.00000
 31
        0.00000
  0
LINE
  5
336
  8
Layer0
 10
       -0.44927
 20
        0.00000
 30
        0.00000
 11
       -0.42029
 21
        0.00000
 31
        0.00000
  0
LINE
  5
337
  8
Layer0
 10
       -0.42029
 20
        1.00000
 30
        0.00000
 11
       -0.44927
 21
        1.00000
 31
        0.00000
  0
LINE
  5
338
  8
Layer0
 10
       -0.42029
 20
        0.00000
 30
        0.00000
 11
       -0.39130
 21
        0.00000
 31
        0.00000
  0
LINE
  5
339
  8
Layer0
 10
       -0.39130
 20
        1.00000
 30
        0.00000
 11
       -0.42029
 21
        1.00000
 31
        0.00000
  0
LINE
  5
340
  8
Layer0
 10
       -0.39130
 20
        0.00000
 30
        0.00000
 11
       -0.36232
 21
        0.00000
 31
        0.00000
  0
LINE
  5
341
  8
Layer0
 10
       -0.36232
 20
        1.00000
 30
        0.00000
 11
       -0.39130
 21
        1.00000
 31
        0.00000
  0
LINE
  5
342
  8
Layer0
 10
       -0.36232
 20
        0.00000
 30
        0.00000
 11
       -0.33333
 21
        0.00000
 31
        0.00000
  0
LINE
  5
343
  8
Layer0
 10
       -0.33333
 20
        1.00000
 30
        0.00000
 11
       -0.36232
 21
        1.00000
 31
        0.00000
  0
LINE
  5
344
  8
Layer0
 10
       -0.33333
 20
        0.00000
 30
        0.00000
 11
       -0.30435
 21
        0.00000
 31
        0.00000
  0
LINE
  5
345
  8
Layer0
 10
       -0.30435
 20
        1.00000
 30
        0.00000
 11
       -0.33333
 21
        1.00000
 31
        0.00000
  0
LINE
  5
346
  8
Layer0
 10
       -0.30435
 20
        0.00000
 30
        0.00000
 11
       -0.27536
 21
        0.00000
 31
        0.00000
  0
LINE
  5
347
  8
Layer0
 10
       -0.27536
 20
        1.00000
 30
        0.00000
 11
       -0.30435
 21
        1.00000
 31
        0.00000
  0
LINE
  5
348
  8
Layer0
 10
       -0.27536
 20
        0.00000
 30
        0.00000
 11
       -0.24638
 21
        0.00000
 31
        0.00000
  0
LINE
  5
349
  8
Layer0
 10
       -0.24638
 20
        1.00000
 30
        0.00000
 11
       -0.27536
 21
        1.00000
 31
        0.00000
  0
LINE
  5
350
  8
Layer0
 10
       -0.24638
 20
        0.00000
 30
        0.00000
 11
       -0.21739
 21
        0.00000
 31
        0.00000
  0
LINE
  5
351
  8
Layer0
 10
       -0.21739
 20
        1.00000
 30
        0.00000
 11
       -0.24638
 21
        1.00000
 31
        0.00000
  0
LINE
  5
352
  8
Layer0
 10
       -0.21739
 20
        0.00000
 30
        0.00000
 11
       -0.18841
 21
        0.00000
 31
        0.00000
  0
LINE
  5
353
  8
Layer0
 10
       -0.18841
 20
        1.00000
 30
        0.00000
 11
       -0.21739
 21
        1.00000
 31
        0.00000
  0
LINE
  5
354
  8
Layer0
 10
       -0.18841
 20
        0.00000
 30
        0.00000
 11
       -0.15942
 21
        0.00000
 31
        0.00000
  0
LINE
  5
355
  8
Layer0
 10
       -0.15942
 20
        1.00000
 30
        0.00000
 11
       -0.18841
 21
        1.00000
 31
        0.00000
  0
LINE
  5
356
  8
Layer0
 10
       -0.15942
 20
        0.00000
 30
        0.00000
 11
       -0.13044
 21
        0.00000
 31
        0.00000
  0
LINE
  5
357
  8
Layer0
 10
       -0.13044
 20
        1.00000
 30
        0.00000
 11
       -0.15942
 21
        1.00000
 31
        0.00000
  0
LINE
  5
358
  8
Layer0
 10
       -0.13044
 20
        0.00000
 30
        0.00000
 11
       -0.10145
 21
        0.00000
 31
        0.00000
  0
LINE
  5
359
  8
Layer0
 10
       -0.10145
 20
        1.00000
 30
        0.00000
 11
       -0.13044
 21
        1.00000
 31
        0.00000
  0
LINE
  5
360
  8
Layer0
 10
       -0.10145
 20
        0.00000
 30
        0.00000
 11
       -0.07246
 21
        0.00000
 31
        0.00000
  0
LINE
  5
361
  8
Layer0
 10
       -0.07246
 20
        1.00000
 30
        0.00000
 11
       -0.10145
 21
        1.00000
 31
        0.00000
  0
LINE
  5
362
  8
Layer0
 10
       -0.07246
 20
        0.00000
 30
        0.00000
 11
       -0.04348
 21
        0.00000
 31
        0.00000
  0
LINE
  5
363
  8
Layer0
 10
       -0.04348
 20
        1.00000
 30
        0.00000
 11
       -0.07246
 21
        1.00000
 31
        0.00000
  0
LINE
  5
364
  8
Layer0
 10
       -0.04348
 20
        0.00000
 30
        0.00000
 11
       -0.01449
 21
        0.00000
 31
        0.00000
  0
LINE
  5
365
  8
Layer0
 10
       -0.01449
 20
        1.00000
 30
        0.00000
 11
       -0.04348
 21
        1.00000
 31
        0.00000
  0
LINE
  5
366
  8
Layer0
 10
       -0.01449
 20
        0.00000
 30
        0.00000
 11
        0.01449
 21
        0.00000
 31
        0.00000
  0
LINE
  5
367
  8
Layer0
 10
        0.01449
 20
        1.00000
 30
        0.00000
 11
       -0.01449
 21
        1.00000
 31
        0.00000
  0
LINE
  5
368
  8
Layer0
 10
        0.01449
 20
        0.00000
 30
        0.00000
 11
        0.04348
 21
        0.00000
 31
        0.00000
  0
LINE
  5
369
  8
Layer0
 10
        0.04348
 20
        1.00000
 30
        0.00000
 11
        0.01449
 21
        1.00000
 31
        0.00000
  0
LINE
  5
370
  8
Layer0
 10
        0.04348
 20
        0.00000
 30
        0.00000
 11
        0.07246
 21
        0.00000
 31
        0.00000
  0
LINE
  5
371
  8
Layer0
 10
        0.07246
 20
        1.00000
 30
        0.00000
 11
        0.04348
 21
        1.00000
 31
        0.00000
  0
LINE
  5
372
  8
Layer0
 10
        0.07246
 20
        0.00000
 30
        0.00000
 11
        0.10145
 21
        0.00000
 31
        0.00000
  0
LINE
  5
373
  8
Layer0
 10
        0.10145
 20
        1.00000
 30
        0.00000
 11
        0.07246
 21
        1.00000
 31
        0.00000
  0
LINE
  5
374
  8
Layer0
 10
        0.10145
 20
        0.00000
 30
        0.00000
 11
        0.13044
 21
        0.00000
 31
        0.00000
  0
LINE
  5
375
  8
Layer0
 10
        0.13044
 20
        1.00000
 30
        0.00000
 11
        0.10145
 21
        1.00000
 31
        0.00000
  0
LINE
  5
376
  8
Layer0
 10
        0.13044
 20
        0.00000
 30
        0.00000
 11
        0.15942
 21
        0.00000
 31
        0.00000
  0
LINE
  5
377
  8
Layer0
 10
        0.15942
 20
        1.00000
 30
        0.00000
 11
        0.13044
 21
        1.00000
 31
        0.00000
  0
LINE
  5
378
  8
Layer0
 10
        0.15942
 20
        0.00000
 30
        0.00000
 11
        0.18841
 21
        0.00000
 31
        0.00000
  0
LINE
  5
379
  8
Layer0
 10
        0.18841
 20
        1.00000
 30
        0.00000
 11
        0.15942
 21
        1.00000
 31
        0.00000
  0
LINE
  5
380
  8
Layer0
 10
        0.18841
 20
        0.00000
 30
        0.00000
 11
        0.21739
 21
        0.00000
 31
        0.00000
  0
LINE
  5
381
  8
Layer0
 10
        0.21739
 20
        1.00000
 30
        0.00000
 11
        0.18841
 21
        1.00000
 31
        0.00000
  0
LINE
  5
382
  8
Layer0
 10
        0.21739
 20
        0.00000
 30
        0.00000
 11
        0.24638
 21
        0.00000
 31
        0.00000
  0
LINE
  5
383
  8
Layer0
 10
        0.24638
 20
        1.00000
 30
        0.00000
 11
        0.21739
 21
        1.00000
 31
        0.00000
  0
LINE
  5
384
  8
Layer0
 10
        0.24638
 20
        0.00000
 30
        0.00000
 11
        0.27536
 21
        0.00000
 31
        0.00000
  0
LINE
  5
385
  8
Layer0
 10
        0.27536
 20
        1.00000
 30
        0.00000
 11
        0.24638
 21
        1.00000
 31
        0.00000
  0
LINE
  5
386
  8
Layer0
 10
        0.27536
 20
        0.00000
 30
        0.00000
 11
        0.30435
 21
        0.00000
 31
        0.00000
  0
LINE
  5
387
  8
Layer0
 10
        0.30435
 20
        1.00000
 30
        0.00000
 11
        0.27536
 21
        1.00000
 31
        0.00000
  0
LINE
  5
388
  8
Layer0
 10
        0.30435
 20
        0.00000
 30
        0.00000
 11
        0.33333
 21
        0.00000
 31
        0.00000
  0
LINE
  5
389
  8
Layer0
 10
        0.33333
 20
        1.00000
 30
        0.00000
 11
        0.30435
 21
        1.00000
 31
        0.00000
  0
LINE
  5
390
  8
Layer0
 10
        0.33333
 20
        0.00000
 30
        0.00000
 11
        0.36232
 21
        0.00000
 31
        0.00000
  0
LINE
  5
391
  8
Layer0
 10
        0.36232
 20
        1.00000
 30
        0.00000
 11
        0.33333
 21
        1.00000
 31
        0.00000
  0
LINE
  5
392
  8
Layer0
 10
        0.36232
 20
        0.00000
 30
        0.00000
 11
        0.39130
 21
        0.00000
 31
        0.00000
  0
LINE
  5
393
  8
Layer0
 10
        0.39130
 20
        1.00000
 30
        0.00000
 11
        0.36232
 21
        1.00000
 31
        0.00000
  0
LINE
  5
394
  8
Layer0
 10
        0.39130
 20
        0.00000
 30
        0.00000
 11
        0.42029
 21
        0.00000
 31
        0.00000
  0
LINE
  5
395
  8
Layer0
 10
        0.42029
 20
        1.00000
 30
        0.00000
 11
        0.39130
 21
        1.00000
 31
        0.00000
  0
LINE
  5
396
  8
Layer0
 10
        0.42029
 20
        0.00000
 30
        0.00000
 11
        0.44927
 21
        0.00000
 31
        0.00000
  0
LINE
  5
397
  8
Layer0
 10
        0.44927
 20
        1.00000
 30
        0.00000
 11
        0.42029
 21
        1.00000
 31
        0.00000
  0
LINE
  5
398
  8
Layer0
 10
        0.44927
 20
        0.00000
 30
        0.00000
 11
        0.47826
 21
        0.00000
 31
        0.00000
  0
LINE
  5
399
  8
Layer0
 10
        0.47826
 20
        1.00000
 30
        0.00000
 11
        0.44927
 21
        1.00000
 31
        0.00000
  0
LINE
  5
400
  8
Layer0
 10
        0.47826
 20
        0.00000
 30
        0.00000
 11
        0.50725
 21
        0.00000
 31
        0.00000
  0
LINE
  5
401
  8
Layer0
 10
        0.50725
 20
        1.00000
 30
        0.00000
 11
        0.47826
 21
        1.00000
 31
        0.00000
  0
LINE
  5
402
  8
Layer0
 10
        0.50725
 20
        0.00000
 30
        0.00000
 11
        0.53623
 21
        0.00000
 31
        0.00000
  0
LINE
  5
403
  8
Layer0
 10
        0.53623
 20
        1.00000
 30
        0.00000
 11
        0.50725
 21
        1.00000
 31
        0.00000
  0
LINE
  5
404
  8
Layer0
 10
        0.53623
 20
        0.00000
 30
        0.00000
 11
        0.56522
 21
        0.00000
 31
        0.00000
  0
LINE
  5
405
  8
Layer0
 10
        0.56522
 20
        1.00000
 30
        0.00000
 11
        0.53623
 21
        1.00000
 31
        0.00000
  0
LINE
  5
406
  8
Layer0
 10
        0.56522
 20
        0.00000
 30
        0.00000
 11
        0.59420
 21
        0.00000
 31
        0.00000
  0
LINE
  5
407
  8
Layer0
 10
        0.59420
 20
        1.00000
 30
        0.00000
 11
        0.56522
 21
        1.00000
 31
        0.00000
  0
LINE
  5
408
  8
Layer0
 10
        0.59420
 20
        0.00000
 30
        0.00000
 11
        0.62319
 21
        0.00000
 31
        0.00000
  0
LINE
  5
409
  8
Layer0
 10
        0.62319
 20
        1.00000
 30
        0.00000
 11
        0.59420
 21
        1.00000
 31
        0.00000
  0
LINE
  5
410
  8
Layer0
 10
        0.62319
 20
        0.00000
 30
        0.00000
 11
        0.65217
 21
        0.00000
 31
        0.00000
  0
LINE
  5
411
  8
Layer0
 10
        0.65217
 20
        1.00000
 30
        0.00000
 11
        0.62319
 21
        1.00000
 31
        0.00000
  0
LINE
  5
412
  8
Layer0
 10
        0.65217
 20
        0.00000
 30
        0.00000
 11
        0.68116
 21
        0.00000
 31
        0.00000
  0
LINE
  5
413
  8
Layer0
 10
        0.68116
 20
        1.00000
 30
        0.00000
 11
        0.65217
 21
        1.00000
 31
        0.00000
  0
LINE
  5
414
  8
Layer0
 10
        0.68116
 20
        0.00000
 30
        0.00000
 11
        0.71014
 21
        0.00000
 31
        0.00000
  0
LINE
  5
415
  8
Layer0
 10
        0.71014
 20
        1.00000
 30
        0.00000
 11
        0.68116
 21
        1.00000
 31
        0.00000
  0
LINE
  5
416
  8
Layer0
 10
        0.71014
 20
        0.00000
 30
        0.00000
 11
        0.73913
 21
        0.00000
 31
        0.00000
  0
LINE
  5
417
  8
Layer0
 10
        0.73913
 20
        1.00000
 30
        0.00000
 11
        0.71014
 21
        1.00000
 31
        0.00000
  0
LINE
  5
418
  8
Layer0
 10
        0.73913
 20
        0.00000
 30
        0.00000
 11
        0.76812
 21
        0.00000
 31
        0.00000
  0
LINE
  5
419
  8
Layer0
 10
        0.76812
 20
        1.00000
 30
        0.00000
 11
        0.73913
 21
        1.00000
 31
        0.00000
  0
LINE
  5
420
  8
Layer0
 10
        0.76812
 20
        0.00000
 30
        0.00000
 11
        0.79710
 21
        0.00000
 31
        0.00000
  0
LINE
  5
421
  8
Layer0
 10
        0.79710
 20
        1.00000
 30
        0.00000
 11
        0.76812
 21
        1.00000
 31
        0.00000
  0
LINE
  5
422
  8
Layer0
 10
        0.79710
 20
        0.00000
 30
        0.00000
 11
        0.82609
 21
        0.00000
 31
        0.00000
  0
LINE
  5
423
  8
Layer0
 10
        0.82609
 20
        1.00000
 30
        0.00000
 11
        0.79710
 21
        1.00000
 31
        0.00000
  0
LINE
  5
424
  8
Layer0
 10
        0.82609
 20
        0.00000
 30
        0.00000
 11
        0.85507
 21
        0.00000
 31
        0.00000
  0
LINE
  5
425
  8
Layer0
 10
        0.85507
 20
        1.00000
 30
        0.00000
 11
        0.82609
 21
        1.00000
 31
        0.00000
  0
LINE
  5
426
  8
Layer0
 10
        0.85507
 20
        0.00000
 30
        0.00000
 11
        0.88406
 21
        0.00000
 31
        0.00000
  0
LINE
  5
427
  8
Layer0
 10
        0.88406
 20
        1.00000
 30
        0.00000
 11
        0.85507
 21
        1.00000
 31
        0.00000
  0
LINE
  5
428
  8
Layer0
 10
        0.88406
 20
        0.00000
 30
        0.00000
 11
        0.91304
 21
        0.00000
 31
        0.00000
  0
LINE
  5
429
  8
Layer0
 10
        0.91304
 20
        1.00000
 30
        0.00000
 11
        0.88406
 21
        1.00000
 31
        0.00000
  0
LINE
  5
430
  8
Layer0
 10
        0.91304
 20
        0.00000
 30
        0.00000
 11
        0.94203
 21
        0.00000
 31
        0.00000
  0
LINE
  5
431
  8
Layer0
 10
        0.94203
 20
        1.00000
 30
        0.00000
 11
        0.91304
 21
        1.00000
 31
        0.00000
  0
LINE
  5
432
  8
Layer0
 10
        0.94203
 20
        0.00000
 30
        0.00000
 11
        0.97101
 21
        0.00000
 31
        0.00000
  0
LINE
  5
433
  8
Layer0
 10
        0.97101
 20
        1.00000
 30
        0.00000
 11
        0.94203
 21
        1.00000
 31
        0.00000
  0
LINE
  5
434
  8
Layer0
 10
        0.97101
 20
        0.00000
 30
        0.00000
 11
        1.00000
 21
        0.00000
 31
        0.00000
  0
LINE
  5
435
  8
Layer0
 10
        1.00000
 20
        1.00000
 30
        0.00000
 11
        0.97101
 21
        1.00000
 31
        0.00000
  0
LINE
  5
436
  8
Layer0
 10
        1.00000
 20
        0.00000
 30
        0.00000
 11
        1.00000
 21
        0.01449
 31
        0.00000
  0
LINE
  5
437
  8
Layer0
 10
        1.00000
 20
        0.01449
 30
        0.00000
 11
        1.00000
 21
        0.02899
 31
        0.00000
  0
LINE
  5
438
  8
Layer0
 10
        1.00000
 20
        0.02899
 30
        0.00000
 11
        1.00000
 21
        0.04348
 31
        0.00000
  0
LINE
  5
439
  8
Layer0
 10
        1.00000
 20
        0.04348
 30
        0.00000
 11
        1.00000
 21
        0.05797
 31
        0.00000
  0
LINE
  5
440
  8
Layer0
 10
        1.00000
 20
        0.05797
 30
        0.00000
 11
        1.00000
 21
        0.07246
 31
        0.00000
  0
LINE
  5
441
  8
Layer0
 10
        1.00000
 20
        0.07246
 30
        0.00000
 11
        1.00000
 21
        0.08696
 31
        0.00000
  0
LINE
  5
442
  8
Layer0
 10
        1.00000
 20
        0.08696
 30
        0.00000
 11
        1.00000
 21
        0.10145
 31
        0.00000
  0
LINE
  5
443
  8
Layer0
 10
        1.00000
 20
        0.10145
 30
        0.00000
 11
        1.00000
 21
        0.11594
 31
        0.00000
  0
LINE
  5
444
  8
Layer0
 10
        1.00000
 20
        0.11594
 30
        0.00000
 11
        1.00000
 21
        0.13044
 31
        0.00000
  0
LINE
  5
445
  8
Layer0
 10
        1.00000
 20
        0.13044
 30
        0.00000
 11
        1.00000
 21
        0.14493
 31
        0.00000
  0
LINE
  5
446
  8
Layer0
 10
        1.00000
 20
        0.14493
 30
        0.00000
 11
        1.00000
 21
        0.15942
 31
        0.00000
  0
LINE
  5
447
  8
Layer0
 10
        1.00000
 20
        0.15942
 30
        0.00000
 11
        1.00000
 21
        0.17391
 31
        0.00000
  0
LINE
  5
448
  8
Layer0
 10
        1.00000
 20
        0.17391
 30
        0.00000
 11
        1.00000
 21
        0.18841
 31
        0.00000
  0
LINE
  5
449
  8
Layer0
 10
        1.00000
 20
        0.18841
 30
        0.00000
 11
        1.00000
 21
        0.20290
 31
        0.00000
  0
LINE
  5
450
  8
Layer0
 10
        1.00000
 20
        0.20290
 30
        0.00000
 11
        1.00000
 21
        0.21739
 31
        0.00000
  0
LINE
  5
451
  8
Layer0
 10
        1.00000
 20
        0.21739
 30
        0.00000
 11
        1.00000
 21
        0.23188
 31
        0.00000
  0
LINE
  5
452
  8
Layer0
 10
        1.00000
 20
        0.23188
 30
        0.00000
 11
        1.00000
 21
        0.24638
 31
        0.00000
  0
LINE
  5
453
  8
Layer0
 10
        1.00000
 20
        0.24638
 30
        0.00000
 11
        1.00000
 21
        0.26087
 31
        0.00000
  0
LINE
  5
454
  8
Layer0
 10
        1.00000
 20
        0.26087
 30
        0.00000
 11
        1.00000
 21
        0.27536
 31
        0.00000
  0
LINE
  5
455
  8
Layer0
 10
        1.00000
 20
        0.27536
 30
        0.00000
 11
        1.00000
 21
        0.28986
 31
        0.00000
  0
LINE
  5
456
  8
Layer0
 10
        1.00000
 20
        0.28986
 30
        0.00000
 11
        1.00000
 21
        0.30435
 31
        0.00000
  0
LINE
  5
457
  8
Layer0
 10
        1.00000
 20
        0.30435
 30
        0.00000
 11
        1.00000
 21
        0.31884
 31
        0.00000
  0
LINE
  5
458
  8
Layer0
 10
        1.00000
 20
        0.31884
 30
        0.00000
 11
        1.00000
 21
        0.33333
 31
        0.00000
  0
LINE
  5
459
  8
Layer0
 10
        1.00000
 20
        0.33333
 30
        0.00000
 11
        1.00000
 21
        0.34783
 31
        0.00000
  0
LINE
  5
460
  8
Layer0
 10
        1.00000
 20
        0.34783
 30
        0.00000
 11
        1.00000
 21
        0.36232
 31
        0.00000
  0
LINE
  5
461
  8
Layer0
 10
        1.00000
 20
        0.36232
 30
        0.00000
 11
        1.00000
 21
        0.37681
 31
        0.00000
  0
LINE
  5
462
  8
Layer0
 10
        1.00000
 20
        0.37681
 30
        0.00000
 11
        1.00000
 21
        0.39130
 31
        0.00000
  0
LINE
  5
463
  8
Layer0
 10
        1.00000
 20
        0.39130
 30
        0.00000
 11
        1.00000
 21
        0.40580
 31
        0.00000
  0
LINE
  5
464
  8
Layer0
 10
        1.00000
 20
        0.40580
 30
        0.00000
 11
        1.00000
 21
        0.42029
 31
        0.00000
  0
LINE
  5
465
  8
Layer0
 10
        1.00000
 20
        0.42029
 30
        0.00000
 11
        1.00000
 21
        0.43478
 31
        0.00000
  0
LINE
  5
466
  8
Layer0
 10
        1.00000
 20
        0.43478
 30
        0.00000
 11
        1.00000
 21
        0.44927
 31
        0.00000
  0
LINE
  5
467
  8
Layer0
 10
        1.00000
 20
        0.44927
 30
        0.00000
 11
        1.00000
 21
        0.46377
 31
        0.00000
  0
LINE
  5
468
  8
Layer0
 10
        1.00000
 20
        0.46377
 30
        0.00000
 11
        1.00000
 21
        0.47826
 31
        0.00000
  0
LINE
  5
469
  8
Layer0
 10
        1.00000
 20
        0.47826
 30
        0.00000
 11
        1.00000
 21
        0.49275
 31
        0.00000
  0
LINE
  5
470
  8
Layer0
 10
        1.00000
 20
        0.49275
 30
        0.00000
 11
        1.00000
 21
        0.50725
 31
        0.00000
  0
LINE
  5
471
  8
Layer0
 10
        1.00000
 20
        0.50725
 30
        0.00000
 11
        1.00000
 21
        0.52174
 31
        0.00000
  0
LINE
  5
472
  8
Layer0
 10
        1.00000
 20
        0.52174
 30
        0.00000
 11
        1.00000
 21
        0.53623
 31
        0.00000
  0
LINE
  5
473
  8
Layer0
 10
        1.00000
 20
        0.53623
 30
        0.00000
 11
        1.00000
 21
        0.55072
 31
        0.00000
  0
LINE
  5
474
  8
Layer0
 10
        1.00000
 20
        0.55072
 30
        0.00000
 11
        1.00000
 21
        0.56522
 31
        0.00000
  0
LINE
  5
475
  8
Layer0
 10
        1.00000
 20
        0.56522
 30
        0.00000
 11
        1.00000
 21
        0.57971
 31
        0.00000
  0
LINE
  5
476
  8
Layer0
 10
        1.00000
 20
        0.57971
 30
        0.00000
 11
        1.00000
 21
        0.59420
 31
        0.00000
  0
LINE
  5
477
  8
Layer0
 10
        1.00000
 20
        0.59420
 30
        0.00000
 11
        1.00000
 21
        0.60870
 31
        0.00000
  0
LINE
  5
478
  8
Layer0
 10
        1.00000
 20
        0.60870
 30
        0.00000
 11
        1.00000
 21
        0.62319
 31
        0.00000
  0
LINE
  5
479
  8
Layer0
 10
        1.00000
 20
        0.62319
 30
        0.00000
 11
        1.00000
 21
        0.63768
 31
        0.00000
  0
LINE
  5
480
  8
Layer0
 10
        1.00000
 20
        0.63768
 30
        0.00000
 11
        1.00000
 21
        0.65217
 31
        0.00000
  0
LINE
  5
481
  8
Layer0
 10
        1.00000
 20
        0.65217
 30
        0.00000
 11
        1.00000
 21
        0.66667
 31
        0.00000
  0
LINE
  5
482
  8
Layer0
 10
        1.00000
 20
        0.66667
 30
        0.00000
 11
        1.00000
 21
        0.68116
 31
        0.00000
  0
LINE
  5
483
  8
Layer0
 10
        1.00000
 20
        0.68116
 30
        0.00000
 11
        1.00000
 21
        0.69565
 31
        0.00000
  0
LINE
  5
484
  8
Layer0
 10
        1.00000
 20
        0.69565
 30
        0.00000
 11
        1.00000
 21
        0.71014
 31
        0.00000
  0
LINE
  5
485
  8
Layer0
 10
        1.00000
 20
        0.71014
 30
        0.00000
 11
        1.00000
 21
        0.72464
 31
        0.00000
  0
LINE
  5
486
  8
Layer0
 10
        1.00000
 20
        0.72464
 30
        0.00000
 11
        1.00000
 21
        0.73913
 31
        0.00000
  0
LINE
  5
487
  8
Layer0
 10
        1.00000
 20
        0.73913
 30
        0.00000
 11
        1.00000
 21
        0.75362
 31
        0.00000
  0
LINE
  5
488
  8
Layer0
 10
        1.00000
 20
        0.75362
 30
        0.00000
 11
        1.00000
 21
        0.76812
 31
        0.00000
  0
LINE
  5
489
  8
Layer0
 10
        1.00000
 20
        0.76812
 30
        0.00000
 11
        1.00000
 21
        0.78261
 31
        0.00000
  0
LINE
  5
490
  8
Layer0
 10
        1.00000
 20
        0.78261
 30
        0.00000
 11
        1.00000
 21
        0.79710
 31
        0.00000
  0
LINE
  5
491
  8
Layer0
 10
        1.00000
 20
        0.79710
 30
        0.00000
 11
        1.00000
 21
        0.81159
 31
        0.00000
  0
LINE
  5
492
  8
Layer0
 10
        1.00000
 20
        0.81159
 30
        0.00000
 11
        1.00000
 21
        0.82609
 31
        0.00000
  0
LINE
  5
493
  8
Layer0
 10
        1.00000
 20
        0.82609
 30
        0.00000
 11
        1.00000
 21
        0.84058
 31
        0.00000
  0
LINE
  5
494
  8
Layer0
 10
        1.00000
 20
        0.84058
 30
        0.00000
 11
        1.00000
 21
        0.85507
 31
        0.00000
  0
LINE
  5
495
  8
Layer0
 10
        1.00000
 20
        0.85507
 30
        0.00000
 11
        1.00000
 21
        0.86957
 31
        0.00000
  0
LINE
  5
496
  8
Layer0
 10
        1.00000
 20
        0.86957
 30
        0.00000
 11
        1.00000
 21
        0.88406
 31
        0.00000
  0
LINE
  5
497
  8
Layer0
 10
        1.00000
 20
        0.88406
 30
        0.00000
 11
        1.00000
 21
        0.89855
 31
        0.00000
  0
LINE
  5
498
  8
Layer0
 10
        1.00000
 20
        0.89855
 30
        0.00000
 11
        1.00000
 21
        0.91304
 31
        0.00000
  0
LINE
  5
499
  8
Layer0
 10
        1.00000
 20
        0.91304
 30
        0.00000
 11
        1.00000
 21
        0.92754
 31
        0.00000
  0
LINE
  5
500
  8
Layer0
 10
        1.00000
 20
        0.92754
 30
        0.00000
 11
        1.00000
 21
        0.94203
 31
        0.00000
  0
LINE
  5
501
  8
Layer0
 10
        1.00000
 20
        0.94203
 30
        0.00000
 11
        1.00000
 21
        0.95652
 31
        0.00000
  0
LINE
  5
502
  8
Layer0
 10
        1.00000
 20
        0.95652
 30
        0.00000
 11
        1.00000
 21
        0.97101
 31
        0.00000
  0
LINE
  5
503
  8
Layer0
 10
        1.00000
 20
        0.97101
 30
        0.00000
 11
        1.00000
 21
        0.98551
 31
        0.00000
  0
LINE
  5
504
  8
Layer0
 10
        1.00000
 20
        0.98551
 30
        0.00000
 11
        1.00000
 21
        1.00000
 31
        0.00000
  0
ENDSEC
  0
EOF
