NACA4222 : [300panels,Half cosine x-spacing]
          1  -3.038e-17                     
    0.99989  4.0039e-05                     
    0.99957  0.00016011                     
    0.99904  0.00036005                     
    0.99829  0.00063961                     
    0.99733  0.00099844                     
    0.99616   0.0014361                     
    0.99478    0.001952                     
    0.99318   0.0025455                     
    0.99137   0.0032159                     
    0.98936   0.0039622                     
    0.98713   0.0047837                     
     0.9847   0.0056793                     
    0.98205   0.0066478                     
     0.9792   0.0076881                     
    0.97615    0.008799                     
    0.97289   0.0099789                     
    0.96942    0.011227                     
    0.96576    0.012541                     
    0.96189    0.013919                     
    0.95783    0.015361                     
    0.95357    0.016864                     
    0.94911    0.018427                     
    0.94445    0.020047                     
    0.93961    0.021724                     
    0.93457    0.023455                     
    0.92935    0.025237                     
    0.92394     0.02707                     
    0.91834    0.028952                     
    0.91257    0.030879                     
    0.90661     0.03285                     
    0.90048    0.034864                     
    0.89417    0.036917                     
    0.88769    0.039007                     
    0.88103    0.041134                     
    0.87422    0.043293                     
    0.86723    0.045484                     
    0.86009    0.047703                     
    0.85278    0.049949                     
    0.84532     0.05222                     
    0.83771    0.054513                     
    0.82995    0.056826                     
    0.82204    0.059156                     
    0.81399    0.061502                     
     0.8058    0.063861                     
    0.79748    0.066231                     
    0.78902     0.06861                     
    0.78043    0.070995                     
    0.77171    0.073385                     
    0.76288    0.075776                     
    0.75392    0.078167                     
    0.74485    0.080555                     
    0.73568    0.082939                     
    0.72639    0.085315                     
      0.717    0.087682                     
    0.70751    0.090038                     
    0.69793    0.092379                     
    0.68826    0.094704                     
     0.6785    0.097011                     
    0.66866    0.099297                     
    0.65874     0.10156                     
    0.64875      0.1038                     
    0.63869     0.10601                     
    0.62856     0.10819                     
    0.61837     0.11034                     
    0.60813     0.11245                     
    0.59784     0.11453                     
    0.58749     0.11657                     
    0.57711     0.11857                     
    0.56669     0.12052                     
    0.55624     0.12243                     
    0.54575     0.12429                     
    0.53525     0.12611                     
    0.52472     0.12786                     
    0.51418     0.12957                     
    0.50363     0.13122                     
    0.49308     0.13281                     
    0.48252     0.13434                     
    0.47197     0.13581                     
    0.46143     0.13721                     
    0.45091     0.13855                     
     0.4404     0.13982                     
    0.42992     0.14101                     
    0.41946     0.14214                     
    0.40904     0.14319                     
    0.39866     0.14416                     
    0.38832     0.14506                     
    0.37802     0.14588                     
    0.36778     0.14662                     
     0.3576     0.14727                     
    0.34748     0.14785                     
    0.33742     0.14833                     
    0.32744     0.14874                     
    0.31753     0.14905                     
     0.3077     0.14928                     
    0.29796     0.14942                     
    0.28831     0.14947                     
    0.27875     0.14943                     
    0.26929     0.14929                     
    0.25993     0.14907                     
    0.25068     0.14876                     
    0.24154     0.14835                     
    0.23252     0.14785                     
    0.22362     0.14726                     
    0.21484     0.14658                     
    0.20619      0.1458                     
    0.19722     0.14493                     
    0.18723     0.14385                     
    0.17744     0.14254                     
    0.16786     0.14099                     
    0.15849     0.13922                     
    0.14935     0.13724                     
    0.14045     0.13506                     
    0.13178     0.13269                     
    0.12335     0.13014                     
    0.11518     0.12743                     
    0.10726     0.12455                     
   0.099601     0.12154                     
   0.092205     0.11838                     
   0.085077     0.11511                     
   0.078219     0.11171                     
   0.071634     0.10822                     
   0.065325     0.10464                     
   0.059293     0.10097                     
   0.053539    0.097233                     
   0.048066    0.093433                     
   0.042873    0.089581                     
   0.037962    0.085686                     
   0.033331    0.081757                     
   0.028982    0.077803                     
   0.024913    0.073831                     
   0.021125    0.069851                     
   0.017615    0.065868                     
   0.014383    0.061891                     
   0.011428    0.057927                     
  0.0087475    0.053981                     
  0.0063403     0.05006                     
  0.0042045    0.046168                     
  0.0023379    0.042312                     
 0.00073827    0.038496                     
-0.00059668    0.034723                     
 -0.0016695    0.030998                     
 -0.0024827    0.027324                     
 -0.0030392    0.023703                     
 -0.0033417    0.020139                     
 -0.0033934    0.016632                     
 -0.0031972    0.013185                     
 -0.0027563   0.0097975                     
 -0.0020742    0.006471                     
 -0.0011542   0.0032053                     
          0           0                     
  0.0013736  -0.0031176                     
  0.0029514  -0.0061205                     
  0.0047296  -0.0090101                     
  0.0067043   -0.011788                     
  0.0088715   -0.014456                     
   0.011227   -0.017016                     
   0.013767    -0.01947                     
   0.016487    -0.02182                     
   0.019382    -0.02407                     
   0.022449   -0.026221                     
   0.025683   -0.028276                     
   0.029079   -0.030239                     
   0.032633   -0.032112                     
    0.03634   -0.033898                     
   0.040196   -0.035601                     
   0.044196   -0.037224                     
   0.048335   -0.038771                     
   0.052608   -0.040244                     
   0.057012   -0.041648                     
   0.061541   -0.042987                     
   0.066191   -0.044263                     
   0.070957    -0.04548                     
   0.075835   -0.046642                     
    0.08082   -0.047754                     
   0.085909   -0.048818                     
   0.091096   -0.049839                     
   0.096379   -0.050819                     
    0.10175   -0.051764                     
    0.10722   -0.052676                     
    0.11276   -0.053559                     
    0.11839   -0.054417                     
     0.1241   -0.055254                     
    0.12989   -0.056073                     
    0.13574   -0.056877                     
    0.14168   -0.057671                     
    0.14768   -0.058458                     
    0.15375   -0.059241                     
    0.15989   -0.060025                     
     0.1661   -0.060812                     
    0.17238   -0.061607                     
    0.17872   -0.062414                     
    0.18514   -0.063236                     
    0.19162   -0.064077                     
    0.19818   -0.064942                     
    0.20603   -0.065807                     
    0.21445   -0.066604                     
    0.22299   -0.067327                     
    0.23165   -0.067979                     
    0.24043   -0.068559                     
    0.24932   -0.069068                     
    0.25832   -0.069507                     
    0.26742   -0.069878                     
    0.27662    -0.07018                     
    0.28591   -0.070415                     
     0.2953   -0.070585                     
    0.30478    -0.07069                     
    0.31435   -0.070732                     
    0.32399   -0.070712                     
    0.33371   -0.070632                     
    0.34351   -0.070492                     
    0.35337   -0.070296                     
     0.3633   -0.070043                     
    0.37329   -0.069736                     
    0.38333   -0.069377                     
    0.39343   -0.068968                     
    0.40358   -0.068509                     
    0.41377   -0.068003                     
      0.424   -0.067451                     
    0.43427   -0.066856                     
    0.44457   -0.066219                     
    0.45489   -0.065542                     
    0.46524   -0.064827                     
     0.4756   -0.064075                     
    0.48598   -0.063289                     
    0.49637    -0.06247                     
    0.50676    -0.06162                     
    0.51715    -0.06074                     
    0.52754   -0.059833                     
    0.53793     -0.0589                     
    0.54829   -0.057943                     
    0.55864   -0.056963                     
    0.56897   -0.055962                     
    0.57927   -0.054942                     
    0.58955   -0.053904                     
    0.59978    -0.05285                     
    0.60998    -0.05178                     
    0.62013   -0.050698                     
    0.63023   -0.049603                     
    0.64028   -0.048497                     
    0.65028   -0.047382                     
    0.66021   -0.046259                     
    0.67007   -0.045129                     
    0.67987   -0.043994                     
    0.68958   -0.042854                     
    0.69922    -0.04171                     
    0.70878   -0.040564                     
    0.71825   -0.039417                     
    0.72762    -0.03827                     
     0.7369   -0.037124                     
    0.74608    -0.03598                     
    0.75515   -0.034838                     
    0.76411   -0.033701                     
    0.77296   -0.032568                     
     0.7817   -0.031441                     
    0.79031    -0.03032                     
     0.7988   -0.029207                     
    0.80715   -0.028102                     
    0.81538   -0.027007                     
    0.82347   -0.025921                     
    0.83142   -0.024847                     
    0.83922   -0.023784                     
    0.84688   -0.022735                     
    0.85439   -0.021698                     
    0.86174   -0.020676                     
    0.86893   -0.019669                     
    0.87596   -0.018678                     
    0.88283   -0.017704                     
    0.88953   -0.016748                     
    0.89605    -0.01581                     
    0.90241   -0.014892                     
    0.90858   -0.013993                     
    0.91458   -0.013116                     
    0.92039   -0.012261                     
    0.92601   -0.011428                     
    0.93145   -0.010618                     
     0.9367  -0.0098328                     
    0.94175  -0.0090725                     
     0.9466  -0.0083379                     
    0.95126  -0.0076299                     
    0.95572  -0.0069492                     
    0.95997  -0.0062964                     
    0.96402  -0.0056724                     
    0.96786  -0.0050778                     
    0.97149  -0.0045133                     
    0.97491  -0.0039795                     
    0.97812   -0.003477                     
    0.98111  -0.0030065                     
    0.98389  -0.0025685                     
    0.98645  -0.0021634                     
    0.98879  -0.0017919                     
    0.99091  -0.0014544                     
    0.99281  -0.0011512                     
     0.9945  -0.0008828                     
    0.99595 -0.00064949                     
    0.99719 -0.00045156                     
     0.9982 -0.00028928                     
    0.99899 -0.00016284                     
    0.99955 -7.2413e-05                     
    0.99989 -1.8109e-05                     
          1   3.038e-17                     
