0.00 0.00 0.10 -2.50 -0.7216 0.9480 -0.7612
0.00 0.00 0.12 -2.50 -0.7145 1.1722 -0.6096
0.00 0.00 0.14 -2.50 -0.7038 1.4019 -0.5020
0.00 0.00 0.16 -2.50 -0.6951 1.6364 -0.4248
0.00 0.00 0.18 -2.50 -0.6836 1.8807 -0.3635
0.00 0.00 0.20 -2.50 -0.6708 2.1316 -0.3147
0.00 0.00 0.22 -2.50 -0.6583 2.3868 -0.2758
0.00 0.00 0.24 -2.50 -0.6431 2.6461 -0.2430
0.00 0.00 0.26 -2.50 -0.6289 2.9091 -0.2162
0.00 0.00 0.28 -2.50 -0.6141 3.1768 -0.1933
0.00 0.00 0.30 -2.50 -0.5988 3.4484 -0.1737
0.00 0.00 0.32 -2.50 -0.5840 3.7256 -0.1568
0.00 0.00 0.34 -2.50 -0.5676 4.0083 -0.1416
0.00 0.00 0.36 -2.50 -0.5519 4.2963 -0.1285
0.00 0.00 0.38 -2.50 -0.5336 4.5904 -0.1162
0.00 0.00 0.40 -2.50 -0.5186 4.8886 -0.1061
0.01 0.20 0.10 -2.50 -0.7265 0.9605 -0.7563
0.01 0.30 0.10 -2.50 -0.7318 0.9590 -0.7631
0.01 0.40 0.10 -2.50 -0.7346 0.9580 -0.7668
0.01 0.50 0.10 -2.50 -0.7375 0.9575 -0.7703
0.01 0.60 0.10 -2.50 -0.7442 0.9574 -0.7773
0.01 0.70 0.10 -2.50 -0.7583 0.9558 -0.7934
0.01 0.80 0.10 -2.50 -0.7772 0.9576 -0.8117
0.02 0.20 0.10 -2.50 -0.7335 0.9911 -0.7401
0.02 0.30 0.10 -2.50 -0.7458 0.9837 -0.7582
0.02 0.40 0.10 -2.50 -0.7553 0.9780 -0.7723
0.02 0.50 0.10 -2.50 -0.7576 0.9773 -0.7752
0.02 0.60 0.10 -2.50 -0.7652 0.9786 -0.7819
0.02 0.70 0.10 -2.50 -0.7846 0.9828 -0.7984
0.02 0.80 0.10 -2.50 -0.8323 0.9882 -0.8422
0.03 0.20 0.10 -2.50 -0.7370 1.0407 -0.7082
0.03 0.30 0.10 -2.50 -0.7549 1.0254 -0.7362
0.03 0.40 0.10 -2.50 -0.7619 1.0185 -0.7481
0.03 0.50 0.10 -2.50 -0.7703 1.0172 -0.7572
0.03 0.60 0.10 -2.50 -0.7907 1.0203 -0.7750
0.03 0.70 0.10 -2.50 -0.8195 1.0236 -0.8006
0.03 0.80 0.10 -2.50 -0.8853 1.0170 -0.8705
0.04 0.20 0.10 -2.50 -0.7340 1.1157 -0.6579
0.04 0.30 0.10 -2.50 -0.7584 1.0879 -0.6971
0.04 0.40 0.10 -2.50 -0.7728 1.0737 -0.7198
0.04 0.50 0.10 -2.50 -0.7929 1.0714 -0.7401
0.04 0.60 0.10 -2.50 -0.8121 1.0701 -0.7589
0.04 0.70 0.10 -2.50 -0.8638 1.0606 -0.8145
0.04 0.80 0.10 -2.50 -0.9170 1.0863 -0.8441
0.05 0.20 0.10 -2.50 -0.7311 1.2129 -0.6027
0.05 0.30 0.10 -2.50 -0.7689 1.1672 -0.6588
0.05 0.40 0.10 -2.50 -0.7891 1.1454 -0.6889
0.05 0.50 0.10 -2.50 -0.8075 1.1335 -0.7124
0.05 0.60 0.10 -2.50 -0.8355 1.1256 -0.7423
0.05 0.70 0.10 -2.50 -0.8733 1.1362 -0.7686
0.05 0.80 0.10 -2.50 -0.9577 1.1841 -0.8088
0.06 0.20 0.10 -2.50 -0.7275 1.3321 -0.5462
0.06 0.30 0.10 -2.50 -0.7726 1.2618 -0.6123
0.06 0.40 0.10 -2.50 -0.7979 1.2249 -0.6514
0.06 0.50 0.10 -2.50 -0.8232 1.2040 -0.6837
0.06 0.60 0.10 -2.50 -0.8490 1.2005 -0.7072
0.06 0.70 0.10 -2.50 -0.8916 1.2317 -0.7238
0.06 0.80 0.10 -2.50 -1.0378 1.2519 -0.8290
0.07 0.20 0.10 -2.50 -0.7102 1.4671 -0.4841
0.07 0.30 0.10 -2.50 -0.7737 1.3675 -0.5658
0.07 0.40 0.10 -2.50 -0.8072 1.3153 -0.6137
0.07 0.50 0.10 -2.50 -0.8345 1.2900 -0.6469
0.07 0.60 0.10 -2.50 -0.8647 1.2997 -0.6653
0.07 0.70 0.10 -2.50 -0.9150 1.3480 -0.6788
0.07 0.80 0.10 -2.50 -1.1005 1.3282 -0.8285
0.08 0.20 0.10 -2.50 -0.6870 1.6119 -0.4262
0.08 0.30 0.10 -2.50 -0.7722 1.4876 -0.5191
0.08 0.40 0.10 -2.50 -0.8198 1.4197 -0.5774
0.08 0.50 0.10 -2.50 -0.8385 1.3996 -0.5991
0.08 0.60 0.10 -2.50 -0.8722 1.4175 -0.6153
0.08 0.70 0.10 -2.50 -0.9517 1.4686 -0.6481
0.08 0.80 0.10 -2.50 -1.1225 1.4816 -0.7576
0.09 0.20 0.10 -2.50 -0.6530 1.7639 -0.3702
0.09 0.30 0.10 -2.50 -0.7775 1.6168 -0.4809
0.09 0.40 0.10 -2.50 -0.8083 1.5450 -0.5232
0.09 0.50 0.10 -2.50 -0.8417 1.5251 -0.5519
0.09 0.60 0.10 -2.50 -0.8847 1.5515 -0.5702
0.09 0.70 0.10 -2.50 -1.0706 1.5291 -0.7001
0.09 0.80 0.10 -2.50 -1.1762 1.6414 -0.7166
0.01 0.20 0.12 -2.50 -0.7118 1.1829 -0.6018
0.01 0.30 0.12 -2.50 -0.7186 1.1820 -0.6080
0.01 0.40 0.12 -2.50 -0.7221 1.1813 -0.6113
0.01 0.50 0.12 -2.50 -0.7253 1.1811 -0.6141
0.01 0.60 0.12 -2.50 -0.7303 1.1815 -0.6181
0.01 0.70 0.12 -2.50 -0.7389 1.1824 -0.6249
0.01 0.80 0.12 -2.50 -0.7633 1.1825 -0.6455
0.02 0.20 0.12 -2.50 -0.7073 1.2101 -0.5845
0.02 0.30 0.12 -2.50 -0.7222 1.2062 -0.5987
0.02 0.40 0.12 -2.50 -0.7302 1.2038 -0.6066
0.02 0.50 0.12 -2.50 -0.7403 1.2020 -0.6159
0.02 0.60 0.12 -2.50 -0.7510 1.2026 -0.6245
0.02 0.70 0.12 -2.50 -0.7738 1.2072 -0.6410
0.02 0.80 0.12 -2.50 -0.8167 1.2117 -0.6740
0.03 0.20 0.12 -2.50 -0.7037 1.2543 -0.5611
0.03 0.30 0.12 -2.50 -0.7308 1.2431 -0.5879
0.03 0.40 0.12 -2.50 -0.7411 1.2391 -0.5981
0.03 0.50 0.12 -2.50 -0.7552 1.2385 -0.6098
0.03 0.60 0.12 -2.50 -0.7737 1.2422 -0.6229
0.03 0.70 0.12 -2.50 -0.8030 1.2459 -0.6445
0.03 0.80 0.12 -2.50 -0.8699 1.2433 -0.6997
0.04 0.20 0.12 -2.50 -0.6972 1.3190 -0.5286
0.04 0.30 0.12 -2.50 -0.7300 1.2986 -0.5621
0.04 0.40 0.12 -2.50 -0.7523 1.2919 -0.5824
0.04 0.50 0.12 -2.50 -0.7685 1.2900 -0.5957
0.04 0.60 0.12 -2.50 -0.7920 1.2903 -0.6138
0.04 0.70 0.12 -2.50 -0.8324 1.2908 -0.6449
0.04 0.80 0.12 -2.50 -0.9056 1.3043 -0.6943
0.05 0.20 0.12 -2.50 -0.6925 1.4056 -0.4926
0.05 0.30 0.12 -2.50 -0.7355 1.3726 -0.5358
0.05 0.40 0.12 -2.50 -0.7578 1.3567 -0.5586
0.05 0.50 0.12 -2.50 -0.7803 1.3495 -0.5783
0.05 0.60 0.12 -2.50 -0.8124 1.3472 -0.6030
0.05 0.70 0.12 -2.50 -0.8578 1.3548 -0.6331
0.05 0.80 0.12 -2.50 -0.9377 1.3974 -0.6710
0.06 0.20 0.12 -2.50 -0.6817 1.5113 -0.4511
0.06 0.30 0.12 -2.50 -0.7318 1.4596 -0.5014
0.06 0.40 0.12 -2.50 -0.7642 1.4320 -0.5337
0.06 0.50 0.12 -2.50 -0.7940 1.4191 -0.5595
0.06 0.60 0.12 -2.50 -0.8292 1.4180 -0.5848
0.06 0.70 0.12 -2.50 -0.8710 1.4446 -0.6030
0.06 0.80 0.12 -2.50 -1.0149 1.4726 -0.6892
0.07 0.20 0.12 -2.50 -0.6668 1.6361 -0.4076
0.07 0.30 0.12 -2.50 -0.7297 1.5585 -0.4682
0.07 0.40 0.12 -2.50 -0.7711 1.5194 -0.5075
0.07 0.50 0.12 -2.50 -0.8048 1.5017 -0.5359
0.07 0.60 0.12 -2.50 -0.8392 1.5088 -0.5562
0.07 0.70 0.12 -2.50 -0.8923 1.5544 -0.5740
0.07 0.80 0.12 -2.50 -1.0829 1.5417 -0.7024
0.08 0.20 0.12 -2.50 -0.6451 1.7759 -0.3632
0.08 0.30 0.12 -2.50 -0.7270 1.6711 -0.4351
0.08 0.40 0.12 -2.50 -0.7722 1.6197 -0.4767
0.08 0.50 0.12 -2.50 -0.8113 1.6020 -0.5064
0.08 0.60 0.12 -2.50 -0.8447 1.6209 -0.5212
0.08 0.70 0.12 -2.50 -0.9308 1.6695 -0.5575
0.08 0.80 0.12 -2.50 -1.1019 1.6828 -0.6548
0.09 0.20 0.12 -2.50 -0.6165 1.9304 -0.3194
0.09 0.30 0.12 -2.50 -0.7183 1.7988 -0.3993
0.09 0.40 0.12 -2.50 -0.7728 1.7363 -0.4451
0.09 0.50 0.12 -2.50 -0.8121 1.7192 -0.4724
0.09 0.60 0.12 -2.50 -0.8575 1.7480 -0.4906
0.09 0.70 0.12 -2.50 -0.9921 1.7606 -0.5635
0.09 0.80 0.12 -2.50 -1.1496 1.8373 -0.6257
0.01 0.20 0.14 -2.50 -0.6954 1.4109 -0.4929
0.01 0.30 0.14 -2.50 -0.7042 1.4106 -0.4992
0.01 0.40 0.14 -2.50 -0.7088 1.4104 -0.5026
0.01 0.50 0.14 -2.50 -0.7128 1.4104 -0.5054
0.01 0.60 0.14 -2.50 -0.7180 1.4108 -0.5089
0.01 0.70 0.14 -2.50 -0.7272 1.4122 -0.5149
0.01 0.80 0.14 -2.50 -0.7505 1.4145 -0.5306
0.02 0.20 0.14 -2.50 -0.6846 1.4359 -0.4768
0.02 0.30 0.14 -2.50 -0.7023 1.4333 -0.4900
0.02 0.40 0.14 -2.50 -0.7124 1.4319 -0.4975
0.02 0.50 0.14 -2.50 -0.7218 1.4321 -0.5040
0.02 0.60 0.14 -2.50 -0.7351 1.4332 -0.5129
0.02 0.70 0.14 -2.50 -0.7579 1.4365 -0.5276
0.02 0.80 0.14 -2.50 -0.8009 1.4403 -0.5560
0.03 0.20 0.14 -2.50 -0.6735 1.4777 -0.4558
0.03 0.30 0.14 -2.50 -0.7016 1.4710 -0.4769
0.03 0.40 0.14 -2.50 -0.7198 1.4670 -0.4907
0.03 0.50 0.14 -2.50 -0.7347 1.4664 -0.5011
0.03 0.60 0.14 -2.50 -0.7535 1.4692 -0.5129
0.03 0.70 0.14 -2.50 -0.7845 1.4735 -0.5324
0.03 0.80 0.14 -2.50 -0.8524 1.4735 -0.5785
0.04 0.20 0.14 -2.50 -0.6640 1.5347 -0.4327
0.04 0.30 0.14 -2.50 -0.7024 1.5223 -0.4614
0.04 0.40 0.14 -2.50 -0.7263 1.5157 -0.4792
0.04 0.50 0.14 -2.50 -0.7449 1.5142 -0.4919
0.04 0.60 0.14 -2.50 -0.7701 1.5162 -0.5079
0.04 0.70 0.14 -2.50 -0.8142 1.5183 -0.5363
0.04 0.80 0.14 -2.50 -0.8881 1.5291 -0.5808
0.05 0.20 0.14 -2.50 -0.6510 1.6097 -0.4044
0.05 0.30 0.14 -2.50 -0.7003 1.5887 -0.4408
0.05 0.40 0.14 -2.50 -0.7290 1.5773 -0.4622
0.05 0.50 0.14 -2.50 -0.7551 1.5725 -0.4802
0.05 0.60 0.14 -2.50 -0.7883 1.5720 -0.5014
0.05 0.70 0.14 -2.50 -0.8418 1.5795 -0.5329
0.05 0.80 0.14 -2.50 -0.9222 1.6155 -0.5708
0.06 0.20 0.14 -2.50 -0.6345 1.7036 -0.3724
0.06 0.30 0.14 -2.50 -0.6950 1.6678 -0.4167
0.06 0.40 0.14 -2.50 -0.7325 1.6497 -0.4440
0.06 0.50 0.14 -2.50 -0.7652 1.6405 -0.4664
0.06 0.60 0.14 -2.50 -0.8082 1.6416 -0.4923
0.06 0.70 0.14 -2.50 -0.8544 1.6632 -0.5137
0.06 0.80 0.14 -2.50 -0.9909 1.6988 -0.5833
0.07 0.20 0.14 -2.50 -0.6170 1.8157 -0.3398
0.07 0.30 0.14 -2.50 -0.6903 1.7597 -0.3923
0.07 0.40 0.14 -2.50 -0.7349 1.7323 -0.4242
0.07 0.50 0.14 -2.50 -0.7749 1.7222 -0.4500
0.07 0.60 0.14 -2.50 -0.8172 1.7271 -0.4732
0.07 0.70 0.14 -2.50 -0.8720 1.7689 -0.4930
0.07 0.80 0.14 -2.50 -1.0648 1.7625 -0.6041
0.08 0.20 0.14 -2.50 -0.5982 1.9468 -0.3073
0.08 0.30 0.14 -2.50 -0.6817 1.8651 -0.3655
0.08 0.40 0.14 -2.50 -0.7364 1.8285 -0.4027
0.08 0.50 0.14 -2.50 -0.7843 1.8160 -0.4319
0.08 0.60 0.14 -2.50 -0.8234 1.8331 -0.4492
0.08 0.70 0.14 -2.50 -0.9098 1.8848 -0.4827
0.08 0.80 0.14 -2.50 -1.0855 1.8906 -0.5742
0.09 0.20 0.14 -2.50 -0.5692 2.0944 -0.2718
0.09 0.30 0.14 -2.50 -0.6732 1.9858 -0.3390
0.09 0.40 0.14 -2.50 -0.7385 1.9366 -0.3813
0.09 0.50 0.14 -2.50 -0.7822 1.9258 -0.4062
0.09 0.60 0.14 -2.50 -0.8313 1.9556 -0.4251
0.09 0.70 0.14 -2.50 -0.9613 1.9815 -0.4852
0.09 0.80 0.14 -2.50 -1.1290 2.0404 -0.5533
0.01 0.20 0.16 -2.50 -0.6800 1.6441 -0.4136
0.01 0.30 0.16 -2.50 -0.6905 1.6439 -0.4200
0.01 0.40 0.16 -2.50 -0.6967 1.6438 -0.4238
0.01 0.50 0.16 -2.50 -0.7019 1.6440 -0.4269
0.01 0.60 0.16 -2.50 -0.7064 1.6461 -0.4291
0.01 0.70 0.16 -2.50 -0.7167 1.6479 -0.4349
0.01 0.80 0.16 -2.50 -0.7362 1.6511 -0.4459
0.02 0.20 0.16 -2.50 -0.6619 1.6678 -0.3969
0.02 0.30 0.16 -2.50 -0.6837 1.6667 -0.4102
0.02 0.40 0.16 -2.50 -0.6965 1.6663 -0.4180
0.02 0.50 0.16 -2.50 -0.7056 1.6669 -0.4233
0.02 0.60 0.16 -2.50 -0.7182 1.6691 -0.4303
0.02 0.70 0.16 -2.50 -0.7419 1.6713 -0.4439
0.02 0.80 0.16 -2.50 -0.7845 1.6747 -0.4684
0.03 0.20 0.16 -2.50 -0.6435 1.7051 -0.3774
0.03 0.30 0.16 -2.50 -0.6764 1.7021 -0.3974
0.03 0.40 0.16 -2.50 -0.6962 1.7003 -0.4095
0.03 0.50 0.16 -2.50 -0.7134 1.7004 -0.4196
0.03 0.60 0.16 -2.50 -0.7344 1.7022 -0.4314
0.03 0.70 0.16 -2.50 -0.7659 1.7069 -0.4487
0.03 0.80 0.16 -2.50 -0.8374 1.7092 -0.4899
0.04 0.20 0.16 -2.50 -0.6259 1.7579 -0.3560
0.04 0.30 0.16 -2.50 -0.6705 1.7503 -0.3831
0.04 0.40 0.16 -2.50 -0.6973 1.7447 -0.3997
0.04 0.50 0.16 -2.50 -0.7213 1.7447 -0.4134
0.04 0.60 0.16 -2.50 -0.7483 1.7478 -0.4281
0.04 0.70 0.16 -2.50 -0.7950 1.7534 -0.4534
0.04 0.80 0.16 -2.50 -0.8738 1.7594 -0.4966
0.05 0.20 0.16 -2.50 -0.6099 1.8242 -0.3343
0.05 0.30 0.16 -2.50 -0.6645 1.8103 -0.3671
0.05 0.40 0.16 -2.50 -0.6990 1.8025 -0.3878
0.05 0.50 0.16 -2.50 -0.7276 1.8009 -0.4040
0.05 0.60 0.16 -2.50 -0.7646 1.8045 -0.4237
0.05 0.70 0.16 -2.50 -0.8252 1.8099 -0.4559
0.05 0.80 0.16 -2.50 -0.9077 1.8403 -0.4932
0.06 0.20 0.16 -2.50 -0.5888 1.9062 -0.3089
0.06 0.30 0.16 -2.50 -0.6568 1.8845 -0.3485
0.06 0.40 0.16 -2.50 -0.6985 1.8718 -0.3732
0.06 0.50 0.16 -2.50 -0.7359 1.8682 -0.3939
0.06 0.60 0.16 -2.50 -0.7828 1.8720 -0.4182
0.06 0.70 0.16 -2.50 -0.8343 1.8883 -0.4418
0.06 0.80 0.16 -2.50 -0.9657 1.9289 -0.5006
0.07 0.20 0.16 -2.50 -0.5672 2.0085 -0.2824
0.07 0.30 0.16 -2.50 -0.6483 1.9712 -0.3289
0.07 0.40 0.16 -2.50 -0.6984 1.9529 -0.3576
0.07 0.50 0.16 -2.50 -0.7464 1.9462 -0.3835
0.07 0.60 0.16 -2.50 -0.7954 1.9503 -0.4078
0.07 0.70 0.16 -2.50 -0.8527 1.9883 -0.4288
0.07 0.80 0.16 -2.50 -1.0443 1.9878 -0.5254
0.08 0.20 0.16 -2.50 -0.5435 2.1271 -0.2555
0.08 0.30 0.16 -2.50 -0.6382 2.0707 -0.3082
0.08 0.40 0.16 -2.50 -0.7012 2.0449 -0.3429
0.08 0.50 0.16 -2.50 -0.7559 2.0344 -0.3716
0.08 0.60 0.16 -2.50 -0.7976 2.0501 -0.3890
0.08 0.70 0.16 -2.50 -0.8856 2.1025 -0.4212
0.08 0.80 0.16 -2.50 -1.0716 2.1026 -0.5097
0.09 0.20 0.16 -2.50 -0.5182 2.2662 -0.2287
0.09 0.30 0.16 -2.50 -0.6272 2.1829 -0.2873
0.09 0.40 0.16 -2.50 -0.7017 2.1487 -0.3266
0.09 0.50 0.16 -2.50 -0.7524 2.1385 -0.3518
0.09 0.60 0.16 -2.50 -0.8060 2.1672 -0.3719
0.09 0.70 0.16 -2.50 -0.9310 2.2048 -0.4222
0.09 0.80 0.16 -2.50 -1.1061 2.2502 -0.4916
0.01 0.20 0.18 -2.50 -0.6602 1.8854 -0.3502
0.01 0.30 0.18 -2.50 -0.6726 1.8863 -0.3566
0.01 0.40 0.18 -2.50 -0.6801 1.8868 -0.3604
0.01 0.50 0.18 -2.50 -0.6862 1.8874 -0.3636
0.01 0.60 0.18 -2.50 -0.6930 1.8882 -0.3670
0.01 0.70 0.18 -2.50 -0.7021 1.8899 -0.3715
0.01 0.80 0.18 -2.50 -0.7226 1.8928 -0.3818
0.02 0.20 0.18 -2.50 -0.6384 1.9039 -0.3353
0.02 0.30 0.18 -2.50 -0.6619 1.9050 -0.3475
0.02 0.40 0.18 -2.50 -0.6770 1.9056 -0.3553
0.02 0.50 0.18 -2.50 -0.6892 1.9068 -0.3614
0.02 0.60 0.18 -2.50 -0.7011 1.9105 -0.3670
0.02 0.70 0.18 -2.50 -0.7214 1.9144 -0.3768
0.02 0.80 0.18 -2.50 -0.7640 1.9169 -0.3985
0.03 0.20 0.18 -2.50 -0.6153 1.9364 -0.3178
0.03 0.30 0.18 -2.50 -0.6522 1.9363 -0.3368
0.03 0.40 0.18 -2.50 -0.6727 1.9378 -0.3471
0.03 0.50 0.18 -2.50 -0.6907 1.9395 -0.3561
0.03 0.60 0.18 -2.50 -0.7132 1.9426 -0.3672
0.03 0.70 0.18 -2.50 -0.7437 1.9477 -0.3818
0.03 0.80 0.18 -2.50 -0.8183 1.9527 -0.4191
0.04 0.20 0.18 -2.50 -0.5899 1.9844 -0.2972
0.04 0.30 0.18 -2.50 -0.6399 1.9815 -0.3229
0.04 0.40 0.18 -2.50 -0.6695 1.9807 -0.3380
0.04 0.50 0.18 -2.50 -0.6954 1.9806 -0.3511
0.04 0.60 0.18 -2.50 -0.7228 1.9861 -0.3639
0.04 0.70 0.18 -2.50 -0.7735 1.9946 -0.3878
0.04 0.80 0.18 -2.50 -0.8593 1.9963 -0.4305
0.05 0.20 0.18 -2.50 -0.5647 2.0456 -0.2761
0.05 0.30 0.18 -2.50 -0.6295 2.0379 -0.3089
0.05 0.40 0.18 -2.50 -0.6681 2.0331 -0.3286
0.05 0.50 0.18 -2.50 -0.6987 2.0351 -0.3433
0.05 0.60 0.18 -2.50 -0.7402 2.0422 -0.3625
0.05 0.70 0.18 -2.50 -0.8030 2.0484 -0.3920
0.05 0.80 0.18 -2.50 -0.8917 2.0712 -0.4305
0.06 0.20 0.18 -2.50 -0.5443 2.1199 -0.2567
0.06 0.30 0.18 -2.50 -0.6176 2.1060 -0.2933
0.06 0.40 0.18 -2.50 -0.6636 2.0997 -0.3161
0.06 0.50 0.18 -2.50 -0.7071 2.1011 -0.3365
0.06 0.60 0.18 -2.50 -0.7595 2.1058 -0.3607
0.06 0.70 0.18 -2.50 -0.8168 2.1184 -0.3856
0.06 0.80 0.18 -2.50 -0.9407 2.1625 -0.4350
0.07 0.20 0.18 -2.50 -0.5156 2.2100 -0.2333
0.07 0.30 0.18 -2.50 -0.6033 2.1887 -0.2756
0.07 0.40 0.18 -2.50 -0.6638 2.1779 -0.3048
0.07 0.50 0.18 -2.50 -0.7168 2.1755 -0.3295
0.07 0.60 0.18 -2.50 -0.7741 2.1786 -0.3553
0.07 0.70 0.18 -2.50 -0.8338 2.2131 -0.3768
0.07 0.80 0.18 -2.50 -1.0181 2.2204 -0.4585
0.08 0.20 0.18 -2.50 -0.4888 2.3207 -0.2106
0.08 0.30 0.18 -2.50 -0.5939 2.2841 -0.2600
0.08 0.40 0.18 -2.50 -0.6638 2.2659 -0.2930
0.08 0.50 0.18 -2.50 -0.7241 2.2600 -0.3204
0.08 0.60 0.18 -2.50 -0.7743 2.2723 -0.3407
0.08 0.70 0.18 -2.50 -0.8617 2.3225 -0.3710
0.08 0.80 0.18 -2.50 -1.0528 2.3224 -0.4533
0.09 0.20 0.18 -2.50 -0.4630 2.4479 -0.1891
0.09 0.30 0.18 -2.50 -0.5845 2.3906 -0.2445
0.09 0.40 0.18 -2.50 -0.6629 2.3646 -0.2803
0.09 0.50 0.18 -2.50 -0.7261 2.3552 -0.3083
0.09 0.60 0.18 -2.50 -0.7824 2.3837 -0.3282
0.09 0.70 0.18 -2.50 -0.9009 2.4324 -0.3704
0.09 0.80 0.18 -2.50 -1.0841 2.4648 -0.4398
0.01 0.20 0.20 -2.50 -0.6425 2.1338 -0.3011
0.01 0.30 0.20 -2.50 -0.6558 2.1353 -0.3071
0.01 0.40 0.20 -2.50 -0.6635 2.1358 -0.3107
0.01 0.50 0.20 -2.50 -0.6697 2.1365 -0.3135
0.01 0.60 0.20 -2.50 -0.6769 2.1374 -0.3167
0.01 0.70 0.20 -2.50 -0.6872 2.1388 -0.3213
0.01 0.80 0.20 -2.50 -0.7080 2.1411 -0.3307
0.02 0.20 0.20 -2.50 -0.6116 2.1483 -0.2847
0.02 0.30 0.20 -2.50 -0.6396 2.1509 -0.2974
0.02 0.40 0.20 -2.50 -0.6561 2.1525 -0.3048
0.02 0.50 0.20 -2.50 -0.6701 2.1540 -0.3111
0.02 0.60 0.20 -2.50 -0.6855 2.1562 -0.3179
0.02 0.70 0.20 -2.50 -0.7063 2.1600 -0.3270
0.02 0.80 0.20 -2.50 -0.7454 2.1662 -0.3441
0.03 0.20 0.20 -2.50 -0.5827 2.1754 -0.2679
0.03 0.30 0.20 -2.50 -0.6249 2.1784 -0.2869
0.03 0.40 0.20 -2.50 -0.6509 2.1800 -0.2986
0.03 0.50 0.20 -2.50 -0.6712 2.1825 -0.3075
0.03 0.60 0.20 -2.50 -0.6902 2.1888 -0.3153
0.03 0.70 0.20 -2.50 -0.7239 2.1955 -0.3297
0.03 0.80 0.20 -2.50 -0.7991 2.2014 -0.3630
0.04 0.20 0.20 -2.50 -0.5552 2.2154 -0.2506
0.04 0.30 0.20 -2.50 -0.6102 2.2176 -0.2752
0.04 0.40 0.20 -2.50 -0.6435 2.2196 -0.2899
0.04 0.50 0.20 -2.50 -0.6675 2.2250 -0.3000
0.04 0.60 0.20 -2.50 -0.7008 2.2314 -0.3141
0.04 0.70 0.20 -2.50 -0.7530 2.2409 -0.3360
0.04 0.80 0.20 -2.50 -0.8463 2.2399 -0.3778
0.05 0.20 0.20 -2.50 -0.5259 2.2694 -0.2318
0.05 0.30 0.20 -2.50 -0.5928 2.2711 -0.2610
0.05 0.40 0.20 -2.50 -0.6341 2.2722 -0.2791
0.05 0.50 0.20 -2.50 -0.6716 2.2766 -0.2950
0.05 0.60 0.20 -2.50 -0.7163 2.2855 -0.3134
0.05 0.70 0.20 -2.50 -0.7835 2.2918 -0.3419
0.05 0.80 0.20 -2.50 -0.8767 2.3103 -0.3795
0.06 0.20 0.20 -2.50 -0.4924 2.3400 -0.2104
0.06 0.30 0.20 -2.50 -0.5773 2.3348 -0.2473
0.06 0.40 0.20 -2.50 -0.6306 2.3345 -0.2701
0.06 0.50 0.20 -2.50 -0.6780 2.3395 -0.2898
0.06 0.60 0.20 -2.50 -0.7335 2.3467 -0.3126
0.06 0.70 0.20 -2.50 -0.8009 2.3553 -0.3401
0.06 0.80 0.20 -2.50 -0.9171 2.3996 -0.3822
0.07 0.20 0.20 -2.50 -0.4634 2.4225 -0.1913
0.07 0.30 0.20 -2.50 -0.5638 2.4115 -0.2338
0.07 0.40 0.20 -2.50 -0.6281 2.4083 -0.2608
0.07 0.50 0.20 -2.50 -0.6861 2.4106 -0.2846
0.07 0.60 0.20 -2.50 -0.7483 2.4160 -0.3097
0.07 0.70 0.20 -2.50 -0.8163 2.4447 -0.3339
0.07 0.80 0.20 -2.50 -0.9929 2.4636 -0.4030
0.08 0.20 0.20 -2.50 -0.4368 2.5226 -0.1732
0.08 0.30 0.20 -2.50 -0.5498 2.5013 -0.2198
0.08 0.40 0.20 -2.50 -0.6276 2.4915 -0.2519
0.08 0.50 0.20 -2.50 -0.6936 2.4905 -0.2785
0.08 0.60 0.20 -2.50 -0.7530 2.5008 -0.3011
0.08 0.70 0.20 -2.50 -0.8367 2.5504 -0.3281
0.08 0.80 0.20 -2.50 -1.0366 2.5482 -0.4068
0.09 0.20 0.20 -2.50 -0.4088 2.6410 -0.1548
0.09 0.30 0.20 -2.50 -0.5377 2.6023 -0.2066
0.09 0.40 0.20 -2.50 -0.6263 2.5844 -0.2423
0.09 0.50 0.20 -2.50 -0.6989 2.5785 -0.2711
0.09 0.60 0.20 -2.50 -0.7589 2.6058 -0.2912
0.09 0.70 0.20 -2.50 -0.8712 2.6636 -0.3271
0.09 0.80 0.20 -2.50 -1.0636 2.6854 -0.3961
0.01 0.20 0.22 -2.50 -0.6237 2.3881 -0.2612
0.01 0.30 0.22 -2.50 -0.6395 2.3894 -0.2676
0.01 0.40 0.22 -2.50 -0.6492 2.3899 -0.2716
0.01 0.50 0.22 -2.50 -0.6567 2.3902 -0.2747
0.01 0.60 0.22 -2.50 -0.6642 2.3905 -0.2778
0.01 0.70 0.22 -2.50 -0.6737 2.3914 -0.2817
0.01 0.80 0.22 -2.50 -0.6934 2.3925 -0.2898
0.02 0.20 0.22 -2.50 -0.5887 2.3991 -0.2454
0.02 0.30 0.22 -2.50 -0.6196 2.4023 -0.2579
0.02 0.40 0.22 -2.50 -0.6384 2.4041 -0.2656
0.02 0.50 0.22 -2.50 -0.6536 2.4058 -0.2717
0.02 0.60 0.22 -2.50 -0.6685 2.4070 -0.2778
0.02 0.70 0.22 -2.50 -0.6888 2.4106 -0.2857
0.02 0.80 0.22 -2.50 -0.7264 2.4212 -0.3000
0.03 0.20 0.22 -2.50 -0.5523 2.4207 -0.2282
0.03 0.30 0.22 -2.50 -0.5997 2.4271 -0.2471
0.03 0.40 0.22 -2.50 -0.6283 2.4289 -0.2587
0.03 0.50 0.22 -2.50 -0.6512 2.4319 -0.2678
0.03 0.60 0.22 -2.50 -0.6713 2.4376 -0.2754
0.03 0.70 0.22 -2.50 -0.7052 2.4489 -0.2880
0.03 0.80 0.22 -2.50 -0.7817 2.4541 -0.3185
0.04 0.20 0.22 -2.50 -0.5177 2.4537 -0.2110
0.04 0.30 0.22 -2.50 -0.5800 2.4609 -0.2357
0.04 0.40 0.22 -2.50 -0.6167 2.4657 -0.2501
0.04 0.50 0.22 -2.50 -0.6453 2.4724 -0.2610
0.04 0.60 0.22 -2.50 -0.6799 2.4830 -0.2738
0.04 0.70 0.22 -2.50 -0.7345 2.4919 -0.2947
0.04 0.80 0.22 -2.50 -0.8315 2.4912 -0.3338
0.05 0.20 0.22 -2.50 -0.4833 2.5010 -0.1933
0.05 0.30 0.22 -2.50 -0.5566 2.5083 -0.2219
0.05 0.40 0.22 -2.50 -0.6038 2.5168 -0.2399
0.05 0.50 0.22 -2.50 -0.6471 2.5245 -0.2563
0.05 0.60 0.22 -2.50 -0.6948 2.5339 -0.2742
0.05 0.70 0.22 -2.50 -0.7634 2.5425 -0.3002
0.05 0.80 0.22 -2.50 -0.8618 2.5554 -0.3372
0.06 0.20 0.22 -2.50 -0.4474 2.5634 -0.1745
0.06 0.30 0.22 -2.50 -0.5361 2.5704 -0.2086
0.06 0.40 0.22 -2.50 -0.5989 2.5753 -0.2325
0.06 0.50 0.22 -2.50 -0.6518 2.5836 -0.2523
0.06 0.60 0.22 -2.50 -0.7105 2.5933 -0.2740
0.06 0.70 0.22 -2.50 -0.7886 2.5991 -0.3034
0.06 0.80 0.22 -2.50 -0.8992 2.6405 -0.3405
0.07 0.20 0.22 -2.50 -0.4118 2.6431 -0.1558
0.07 0.30 0.22 -2.50 -0.5206 2.6405 -0.1972
0.07 0.40 0.22 -2.50 -0.5949 2.6444 -0.2250
0.07 0.50 0.22 -2.50 -0.6567 2.6512 -0.2477
0.07 0.60 0.22 -2.50 -0.7255 2.6600 -0.2727
0.07 0.70 0.22 -2.50 -0.7990 2.6842 -0.2977
0.07 0.80 0.22 -2.50 -0.9701 2.7120 -0.3577
0.08 0.20 0.22 -2.50 -0.3835 2.7341 -0.1403
0.08 0.30 0.22 -2.50 -0.5077 2.7238 -0.1864
0.08 0.40 0.22 -2.50 -0.5908 2.7228 -0.2170
0.08 0.50 0.22 -2.50 -0.6625 2.7277 -0.2429
0.08 0.60 0.22 -2.50 -0.7353 2.7363 -0.2687
0.08 0.70 0.22 -2.50 -0.8166 2.7848 -0.2932
0.08 0.80 0.22 -2.50 -1.0228 2.7816 -0.3677
0.09 0.20 0.22 -2.50 -0.3554 2.8413 -0.1251
0.09 0.30 0.22 -2.50 -0.4936 2.8184 -0.1751
0.09 0.40 0.22 -2.50 -0.5874 2.8112 -0.2089
0.09 0.50 0.22 -2.50 -0.6660 2.8125 -0.2368
0.09 0.60 0.22 -2.50 -0.7374 2.8361 -0.2600
0.09 0.70 0.22 -2.50 -0.8450 2.8971 -0.2917
0.09 0.80 0.22 -2.50 -1.0460 2.9128 -0.3591
0.01 0.20 0.24 -2.50 -0.6050 2.6459 -0.2287
0.01 0.30 0.24 -2.50 -0.6224 2.6474 -0.2351
0.01 0.40 0.24 -2.50 -0.6333 2.6481 -0.2392
0.01 0.50 0.24 -2.50 -0.6419 2.6484 -0.2424
0.01 0.60 0.24 -2.50 -0.6505 2.6486 -0.2456
0.01 0.70 0.24 -2.50 -0.6611 2.6480 -0.2497
0.01 0.80 0.24 -2.50 -0.6794 2.6493 -0.2564
0.02 0.20 0.24 -2.50 -0.5664 2.6547 -0.2134
0.02 0.30 0.24 -2.50 -0.6003 2.6573 -0.2259
0.02 0.40 0.24 -2.50 -0.6219 2.6590 -0.2339
0.02 0.50 0.24 -2.50 -0.6386 2.6605 -0.2400
0.02 0.60 0.24 -2.50 -0.6527 2.6627 -0.2451
0.02 0.70 0.24 -2.50 -0.6721 2.6672 -0.2520
0.02 0.80 0.24 -2.50 -0.7138 2.6767 -0.2667
0.03 0.20 0.24 -2.50 -0.5262 2.6723 -0.1969
0.03 0.30 0.24 -2.50 -0.5764 2.6790 -0.2152
0.03 0.40 0.24 -2.50 -0.6072 2.6825 -0.2264
0.03 0.50 0.24 -2.50 -0.6298 2.6864 -0.2344
0.03 0.60 0.24 -2.50 -0.6554 2.6930 -0.2434
0.03 0.70 0.24 -2.50 -0.6893 2.7048 -0.2548
0.03 0.80 0.24 -2.50 -0.7645 2.7099 -0.2821
0.04 0.20 0.24 -2.50 -0.4829 2.7013 -0.1788
0.04 0.30 0.24 -2.50 -0.5498 2.7116 -0.2028
0.04 0.40 0.24 -2.50 -0.5929 2.7181 -0.2181
0.04 0.50 0.24 -2.50 -0.6270 2.7254 -0.2301
0.04 0.60 0.24 -2.50 -0.6609 2.7375 -0.2414
0.04 0.70 0.24 -2.50 -0.7172 2.7457 -0.2612
0.04 0.80 0.24 -2.50 -0.8172 2.7460 -0.2976
0.05 0.20 0.24 -2.50 -0.4410 2.7420 -0.1608
0.05 0.30 0.24 -2.50 -0.5271 2.7563 -0.1912
0.05 0.40 0.24 -2.50 -0.5813 2.7652 -0.2102
0.05 0.50 0.24 -2.50 -0.6238 2.7769 -0.2246
0.05 0.60 0.24 -2.50 -0.6765 2.7857 -0.2428
0.05 0.70 0.24 -2.50 -0.7443 2.7957 -0.2662
0.05 0.80 0.24 -2.50 -0.8475 2.8035 -0.3023
0.06 0.20 0.24 -2.50 -0.4044 2.7974 -0.1446
0.06 0.30 0.24 -2.50 -0.5042 2.8114 -0.1793
0.06 0.40 0.24 -2.50 -0.5696 2.8242 -0.2017
0.06 0.50 0.24 -2.50 -0.6283 2.8322 -0.2218
0.06 0.60 0.24 -2.50 -0.6887 2.8439 -0.2422
0.06 0.70 0.24 -2.50 -0.7714 2.8505 -0.2706
0.06 0.80 0.24 -2.50 -0.8843 2.8862 -0.3064
0.07 0.20 0.24 -2.50 -0.3679 2.8675 -0.1283
0.07 0.30 0.24 -2.50 -0.4817 2.8792 -0.1673
0.07 0.40 0.24 -2.50 -0.5638 2.8873 -0.1953
0.07 0.50 0.24 -2.50 -0.6317 2.8977 -0.2180
0.07 0.60 0.24 -2.50 -0.7041 2.9085 -0.2421
0.07 0.70 0.24 -2.50 -0.7851 2.9269 -0.2682
0.07 0.80 0.24 -2.50 -0.9482 2.9633 -0.3200
0.08 0.20 0.24 -2.50 -0.3314 2.9540 -0.1122
0.08 0.30 0.24 -2.50 -0.4655 2.9534 -0.1576
0.08 0.40 0.24 -2.50 -0.5573 2.9610 -0.1882
0.08 0.50 0.24 -2.50 -0.6349 2.9717 -0.2136
0.08 0.60 0.24 -2.50 -0.7179 2.9791 -0.2410
0.08 0.70 0.24 -2.50 -0.8000 3.0241 -0.2645
0.08 0.80 0.24 -2.50 -1.0109 3.0205 -0.3347
0.09 0.20 0.24 -2.50 -0.3019 3.0514 -0.0990
0.09 0.30 0.24 -2.50 -0.4505 3.0412 -0.1481
0.09 0.40 0.24 -2.50 -0.5506 3.0444 -0.1808
0.09 0.50 0.24 -2.50 -0.6403 3.0519 -0.2098
0.09 0.60 0.24 -2.50 -0.7197 3.0727 -0.2342
0.09 0.70 0.24 -2.50 -0.8256 3.1326 -0.2636
0.09 0.80 0.24 -2.50 -1.0340 3.1435 -0.3289
0.01 0.20 0.26 -2.50 -0.5866 2.9083 -0.2017
0.01 0.30 0.26 -2.50 -0.6055 2.9101 -0.2081
0.01 0.40 0.26 -2.50 -0.6176 2.9110 -0.2122
0.01 0.50 0.26 -2.50 -0.6266 2.9106 -0.2153
0.01 0.60 0.26 -2.50 -0.6361 2.9110 -0.2185
0.01 0.70 0.26 -2.50 -0.6479 2.9111 -0.2226
0.01 0.80 0.26 -2.50 -0.6646 2.9117 -0.2282
0.02 0.20 0.26 -2.50 -0.5435 2.9148 -0.1865
0.02 0.30 0.26 -2.50 -0.5813 2.9188 -0.1992
0.02 0.40 0.26 -2.50 -0.6048 2.9207 -0.2071
0.02 0.50 0.26 -2.50 -0.6216 2.9221 -0.2127
0.02 0.60 0.26 -2.50 -0.6372 2.9243 -0.2179
0.02 0.70 0.26 -2.50 -0.6590 2.9293 -0.2250
0.02 0.80 0.26 -2.50 -0.7019 2.9376 -0.2389
0.03 0.20 0.26 -2.50 -0.4980 2.9301 -0.1700
0.03 0.30 0.26 -2.50 -0.5529 2.9375 -0.1882
0.03 0.40 0.26 -2.50 -0.5873 2.9420 -0.1996
0.03 0.50 0.26 -2.50 -0.6134 2.9468 -0.2082
0.03 0.60 0.26 -2.50 -0.6408 2.9535 -0.2170
0.03 0.70 0.26 -2.50 -0.6775 2.9629 -0.2287
0.03 0.80 0.26 -2.50 -0.7489 2.9705 -0.2521
0.04 0.20 0.26 -2.50 -0.4508 2.9556 -0.1525
0.04 0.30 0.26 -2.50 -0.5243 2.9679 -0.1767
0.04 0.40 0.26 -2.50 -0.5719 2.9758 -0.1922
0.04 0.50 0.26 -2.50 -0.6098 2.9835 -0.2044
0.04 0.60 0.26 -2.50 -0.6475 2.9936 -0.2163
0.04 0.70 0.26 -2.50 -0.7011 3.0045 -0.2333
0.04 0.80 0.26 -2.50 -0.8010 3.0062 -0.2665
0.05 0.20 0.26 -2.50 -0.4051 2.9922 -0.1354
0.05 0.30 0.26 -2.50 -0.4988 3.0092 -0.1658
0.05 0.40 0.26 -2.50 -0.5594 3.0195 -0.1853
0.05 0.50 0.26 -2.50 -0.6066 3.0303 -0.2002
0.05 0.60 0.26 -2.50 -0.6579 3.0428 -0.2162
0.05 0.70 0.26 -2.50 -0.7274 3.0529 -0.2383
0.05 0.80 0.26 -2.50 -0.8366 3.0565 -0.2737
0.06 0.20 0.26 -2.50 -0.3620 3.0395 -0.1191
0.06 0.30 0.26 -2.50 -0.4745 3.0598 -0.1551
0.06 0.40 0.26 -2.50 -0.5461 3.0731 -0.1777
0.06 0.50 0.26 -2.50 -0.6049 3.0867 -0.1960
0.06 0.60 0.26 -2.50 -0.6689 3.0980 -0.2159
0.06 0.70 0.26 -2.50 -0.7568 3.1055 -0.2437
0.06 0.80 0.26 -2.50 -0.8715 3.1365 -0.2779
0.07 0.20 0.26 -2.50 -0.3232 3.1008 -0.1042
0.07 0.30 0.26 -2.50 -0.4497 3.1209 -0.1441
0.07 0.40 0.26 -2.50 -0.5341 3.1370 -0.1703
0.07 0.50 0.26 -2.50 -0.6073 3.1480 -0.1929
0.07 0.60 0.26 -2.50 -0.6838 3.1609 -0.2163
0.07 0.70 0.26 -2.50 -0.7736 3.1744 -0.2437
0.07 0.80 0.26 -2.50 -0.9262 3.2182 -0.2878
0.08 0.20 0.26 -2.50 -0.2847 3.1774 -0.0896
0.08 0.30 0.26 -2.50 -0.4242 3.1935 -0.1328
0.08 0.40 0.26 -2.50 -0.5266 3.2054 -0.1643
0.08 0.50 0.26 -2.50 -0.6092 3.2191 -0.1893
0.08 0.60 0.26 -2.50 -0.6982 3.2300 -0.2162
0.08 0.70 0.26 -2.50 -0.7854 3.2686 -0.2403
0.08 0.80 0.26 -2.50 -0.9997 3.2644 -0.3062
0.09 0.20 0.26 -2.50 -0.2469 3.2705 -0.0755
0.09 0.30 0.26 -2.50 -0.4058 3.2716 -0.1240
0.09 0.40 0.26 -2.50 -0.5174 3.2847 -0.1575
0.09 0.50 0.26 -2.50 -0.6136 3.2967 -0.1861
0.09 0.60 0.26 -2.50 -0.7050 3.3135 -0.2128
0.09 0.70 0.26 -2.50 -0.8082 3.3734 -0.2396
0.09 0.80 0.26 -2.50 -1.0241 3.3782 -0.3031
0.01 0.20 0.28 -2.50 -0.5671 3.1749 -0.1786
0.01 0.30 0.28 -2.50 -0.5871 3.1770 -0.1848
0.01 0.40 0.28 -2.50 -0.5999 3.1782 -0.1888
0.01 0.50 0.28 -2.50 -0.6098 3.1790 -0.1918
0.01 0.60 0.28 -2.50 -0.6188 3.1794 -0.1946
0.01 0.70 0.28 -2.50 -0.6293 3.1799 -0.1979
0.01 0.80 0.28 -2.50 -0.6505 3.1814 -0.2045
0.02 0.20 0.28 -2.50 -0.5189 3.1802 -0.1632
0.02 0.30 0.28 -2.50 -0.5584 3.1853 -0.1753
0.02 0.40 0.28 -2.50 -0.5832 3.1883 -0.1829
0.02 0.50 0.28 -2.50 -0.6032 3.1906 -0.1891
0.02 0.60 0.28 -2.50 -0.6227 3.1932 -0.1950
0.02 0.70 0.28 -2.50 -0.6469 3.1973 -0.2023
0.02 0.80 0.28 -2.50 -0.6889 3.2041 -0.2150
0.03 0.20 0.28 -2.50 -0.4694 3.1937 -0.1470
0.03 0.30 0.28 -2.50 -0.5299 3.2026 -0.1655
0.03 0.40 0.28 -2.50 -0.5687 3.2083 -0.1773
0.03 0.50 0.28 -2.50 -0.5989 3.2133 -0.1864
0.03 0.60 0.28 -2.50 -0.6270 3.2194 -0.1948
0.03 0.70 0.28 -2.50 -0.6648 3.2279 -0.2060
0.03 0.80 0.28 -2.50 -0.7325 3.2364 -0.2263
0.04 0.20 0.28 -2.50 -0.4212 3.2167 -0.1309
0.04 0.30 0.28 -2.50 -0.5023 3.2297 -0.1555
0.04 0.40 0.28 -2.50 -0.5528 3.2382 -0.1707
0.04 0.50 0.28 -2.50 -0.5931 3.2465 -0.1827
0.04 0.60 0.28 -2.50 -0.6331 3.2563 -0.1944
0.04 0.70 0.28 -2.50 -0.6823 3.2706 -0.2086
0.04 0.80 0.28 -2.50 -0.7856 3.2712 -0.2402
0.05 0.20 0.28 -2.50 -0.3728 3.2484 -0.1148
0.05 0.30 0.28 -2.50 -0.4730 3.2666 -0.1448
0.05 0.40 0.28 -2.50 -0.5379 3.2783 -0.1641
0.05 0.50 0.28 -2.50 -0.5895 3.2895 -0.1792
0.05 0.60 0.28 -2.50 -0.6374 3.3053 -0.1928
0.05 0.70 0.28 -2.50 -0.7110 3.3149 -0.2145
0.05 0.80 0.28 -2.50 -0.8285 3.3153 -0.2499
0.06 0.20 0.28 -2.50 -0.3247 3.2900 -0.0987
0.06 0.30 0.28 -2.50 -0.4450 3.3130 -0.1343
0.06 0.40 0.28 -2.50 -0.5240 3.3276 -0.1575
0.06 0.50 0.28 -2.50 -0.5833 3.3441 -0.1744
0.06 0.60 0.28 -2.50 -0.6511 3.3565 -0.1940
0.06 0.70 0.28 -2.50 -0.7405 3.3668 -0.2199
0.06 0.80 0.28 -2.50 -0.8595 3.3918 -0.2534
0.07 0.20 0.28 -2.50 -0.2790 3.3425 -0.0835
0.07 0.30 0.28 -2.50 -0.4184 3.3690 -0.1242
0.07 0.40 0.28 -2.50 -0.5074 3.3886 -0.1497
0.07 0.50 0.28 -2.50 -0.5843 3.4022 -0.1718
0.07 0.60 0.28 -2.50 -0.6636 3.4175 -0.1942
0.07 0.70 0.28 -2.50 -0.7636 3.4279 -0.2228
0.07 0.80 0.28 -2.50 -0.9062 3.4740 -0.2609
0.08 0.20 0.28 -2.50 -0.2381 3.4099 -0.0698
0.08 0.30 0.28 -2.50 -0.3894 3.4366 -0.1133
0.08 0.40 0.28 -2.50 -0.4969 3.4549 -0.1438
0.08 0.50 0.28 -2.50 -0.5859 3.4702 -0.1688
0.08 0.60 0.28 -2.50 -0.6797 3.4842 -0.1951
0.08 0.70 0.28 -2.50 -0.7711 3.5181 -0.2192
0.08 0.80 0.28 -2.50 -0.9818 3.5179 -0.2791
0.09 0.20 0.28 -2.50 -0.1971 3.4931 -0.0564
0.09 0.30 0.28 -2.50 -0.3651 3.5122 -0.1039
0.09 0.40 0.28 -2.50 -0.4871 3.5289 -0.1380
0.09 0.50 0.28 -2.50 -0.5877 3.5457 -0.1658
0.09 0.60 0.28 -2.50 -0.6906 3.5600 -0.1940
0.09 0.70 0.28 -2.50 -0.7936 3.6182 -0.2193
0.09 0.80 0.28 -2.50 -1.0125 3.6202 -0.2797
0.01 0.20 0.30 -2.50 -0.5470 3.4462 -0.1587
0.01 0.30 0.30 -2.50 -0.5677 3.4485 -0.1646
0.01 0.40 0.30 -2.50 -0.5810 3.4499 -0.1684
0.01 0.50 0.30 -2.50 -0.5908 3.4511 -0.1712
0.01 0.60 0.30 -2.50 -0.6007 3.4522 -0.1740
0.01 0.70 0.30 -2.50 -0.6134 3.4539 -0.1776
0.01 0.80 0.30 -2.50 -0.6363 3.4560 -0.1841
0.02 0.20 0.30 -2.50 -0.4940 3.4513 -0.1431
0.02 0.30 0.30 -2.50 -0.5362 3.4572 -0.1551
0.02 0.40 0.30 -2.50 -0.5643 3.4610 -0.1631
0.02 0.50 0.30 -2.50 -0.5867 3.4639 -0.1694
0.02 0.60 0.30 -2.50 -0.6084 3.4666 -0.1755
0.02 0.70 0.30 -2.50 -0.6346 3.4698 -0.1829
0.02 0.80 0.30 -2.50 -0.6757 3.4750 -0.1945
0.03 0.20 0.30 -2.50 -0.4435 3.4635 -0.1281
0.03 0.30 0.30 -2.50 -0.5083 3.4739 -0.1463
0.03 0.40 0.30 -2.50 -0.5507 3.4800 -0.1582
0.03 0.50 0.30 -2.50 -0.5836 3.4847 -0.1675
0.03 0.60 0.30 -2.50 -0.6143 3.4899 -0.1760
0.03 0.70 0.30 -2.50 -0.6509 3.4973 -0.1861
0.03 0.80 0.30 -2.50 -0.7144 3.5088 -0.2036
0.04 0.20 0.30 -2.50 -0.3932 3.4827 -0.1129
0.04 0.30 0.30 -2.50 -0.4796 3.4975 -0.1371
0.04 0.40 0.30 -2.50 -0.5354 3.5069 -0.1527
0.04 0.50 0.30 -2.50 -0.5775 3.5146 -0.1643
0.04 0.60 0.30 -2.50 -0.6181 3.5241 -0.1754
0.04 0.70 0.30 -2.50 -0.6674 3.5384 -0.1886
0.04 0.80 0.30 -2.50 -0.7696 3.5410 -0.2173
0.05 0.20 0.30 -2.50 -0.3419 3.5102 -0.0974
0.05 0.30 0.30 -2.50 -0.4495 3.5294 -0.1274
0.05 0.40 0.30 -2.50 -0.5182 3.5428 -0.1463
0.05 0.50 0.30 -2.50 -0.5717 3.5550 -0.1608
0.05 0.60 0.30 -2.50 -0.6217 3.5704 -0.1741
0.05 0.70 0.30 -2.50 -0.6959 3.5814 -0.1943
0.05 0.80 0.30 -2.50 -0.8188 3.5807 -0.2287
0.06 0.20 0.30 -2.50 -0.2904 3.5466 -0.0819
0.06 0.30 0.30 -2.50 -0.4184 3.5709 -0.1172
0.06 0.40 0.30 -2.50 -0.5013 3.5882 -0.1397
0.06 0.50 0.30 -2.50 -0.5659 3.6045 -0.1570
0.06 0.60 0.30 -2.50 -0.6328 3.6207 -0.1748
0.06 0.70 0.30 -2.50 -0.7235 3.6331 -0.1991
0.06 0.80 0.30 -2.50 -0.8470 3.6531 -0.2319
0.07 0.20 0.30 -2.50 -0.2393 3.5929 -0.0666
0.07 0.30 0.30 -2.50 -0.3875 3.6223 -0.1070
0.07 0.40 0.30 -2.50 -0.4847 3.6429 -0.1331
0.07 0.50 0.30 -2.50 -0.5615 3.6645 -0.1532
0.07 0.60 0.30 -2.50 -0.6469 3.6790 -0.1758
0.07 0.70 0.30 -2.50 -0.7492 3.6912 -0.2030
0.07 0.80 0.30 -2.50 -0.8870 3.7327 -0.2376
0.08 0.20 0.30 -2.50 -0.1913 3.6513 -0.0524
0.08 0.30 0.30 -2.50 -0.3578 3.6835 -0.0971
0.08 0.40 0.30 -2.50 -0.4679 3.7090 -0.1261
0.08 0.50 0.30 -2.50 -0.5644 3.7262 -0.1515
0.08 0.60 0.30 -2.50 -0.6594 3.7446 -0.1761
0.08 0.70 0.30 -2.50 -0.7610 3.7727 -0.2017
0.08 0.80 0.30 -2.50 -0.9630 3.7841 -0.2545
0.09 0.20 0.30 -2.50 -0.1483 3.7256 -0.0398
0.09 0.30 0.30 -2.50 -0.3274 3.7562 -0.0872
0.09 0.40 0.30 -2.50 -0.4585 3.7777 -0.1214
0.09 0.50 0.30 -2.50 -0.5662 3.7982 -0.1491
0.09 0.60 0.30 -2.50 -0.6713 3.8171 -0.1759
0.09 0.70 0.30 -2.50 -0.7801 3.8689 -0.2016
0.09 0.80 0.30 -2.50 -1.0045 3.8680 -0.2597
0.01 0.20 0.32 -2.50 -0.5273 3.7232 -0.1416
0.01 0.30 0.32 -2.50 -0.5497 3.7259 -0.1475
0.01 0.40 0.32 -2.50 -0.5647 3.7276 -0.1515
0.01 0.50 0.32 -2.50 -0.5763 3.7291 -0.1545
0.01 0.60 0.32 -2.50 -0.5873 3.7305 -0.1574
0.01 0.70 0.32 -2.50 -0.6008 3.7323 -0.1610
0.01 0.80 0.32 -2.50 -0.6233 3.7347 -0.1669
0.02 0.20 0.32 -2.50 -0.4734 3.7278 -0.1270
0.02 0.30 0.32 -2.50 -0.5187 3.7342 -0.1389
0.02 0.40 0.32 -2.50 -0.5487 3.7385 -0.1468
0.02 0.50 0.32 -2.50 -0.5721 3.7418 -0.1529
0.02 0.60 0.32 -2.50 -0.5948 3.7448 -0.1588
0.02 0.70 0.32 -2.50 -0.6228 3.7477 -0.1662
0.02 0.80 0.32 -2.50 -0.6637 3.7512 -0.1769
0.03 0.20 0.32 -2.50 -0.4194 3.7382 -0.1122
0.03 0.30 0.32 -2.50 -0.4874 3.7493 -0.1300
0.03 0.40 0.32 -2.50 -0.5332 3.7562 -0.1420
0.03 0.50 0.32 -2.50 -0.5692 3.7613 -0.1513
0.03 0.60 0.32 -2.50 -0.6025 3.7660 -0.1600
0.03 0.70 0.32 -2.50 -0.6391 3.7724 -0.1694
0.03 0.80 0.32 -2.50 -0.7024 3.7836 -0.1856
0.04 0.20 0.32 -2.50 -0.3656 3.7546 -0.0974
0.04 0.30 0.32 -2.50 -0.4573 3.7705 -0.1213
0.04 0.40 0.32 -2.50 -0.5179 3.7806 -0.1370
0.04 0.50 0.32 -2.50 -0.5640 3.7884 -0.1489
0.04 0.60 0.32 -2.50 -0.6050 3.7974 -0.1593
0.04 0.70 0.32 -2.50 -0.6575 3.8097 -0.1726
0.04 0.80 0.32 -2.50 -0.7539 3.8159 -0.1976
0.05 0.20 0.32 -2.50 -0.3119 3.7776 -0.0826
0.05 0.30 0.32 -2.50 -0.4263 3.7990 -0.1122
0.05 0.40 0.32 -2.50 -0.5001 3.8130 -0.1312
0.05 0.50 0.32 -2.50 -0.5556 3.8254 -0.1452
0.05 0.60 0.32 -2.50 -0.6099 3.8396 -0.1588
0.05 0.70 0.32 -2.50 -0.6827 3.8535 -0.1772
0.05 0.80 0.32 -2.50 -0.8059 3.8549 -0.2091
0.06 0.20 0.32 -2.50 -0.2569 3.8092 -0.0674
0.06 0.30 0.32 -2.50 -0.3928 3.8355 -0.1024
0.06 0.40 0.32 -2.50 -0.4803 3.8548 -0.1246
0.06 0.50 0.32 -2.50 -0.5495 3.8719 -0.1419
0.06 0.60 0.32 -2.50 -0.6150 3.8926 -0.1580
0.06 0.70 0.32 -2.50 -0.7080 3.9037 -0.1814
0.06 0.80 0.32 -2.50 -0.8355 3.9196 -0.2131
0.07 0.20 0.32 -2.50 -0.2013 3.8501 -0.0523
0.07 0.30 0.32 -2.50 -0.3586 3.8815 -0.0924
0.07 0.40 0.32 -2.50 -0.4628 3.9056 -0.1185
0.07 0.50 0.32 -2.50 -0.5437 3.9292 -0.1384
0.07 0.60 0.32 -2.50 -0.6306 3.9459 -0.1598
0.07 0.70 0.32 -2.50 -0.7365 3.9596 -0.1860
0.07 0.80 0.32 -2.50 -0.8753 3.9956 -0.2191
0.08 0.20 0.32 -2.50 -0.1482 3.9024 -0.0380
0.08 0.30 0.32 -2.50 -0.3266 3.9374 -0.0829
0.08 0.40 0.32 -2.50 -0.4453 3.9668 -0.1123
0.08 0.50 0.32 -2.50 -0.5448 3.9884 -0.1366
0.08 0.60 0.32 -2.50 -0.6414 4.0095 -0.1600
0.08 0.70 0.32 -2.50 -0.7534 4.0327 -0.1868
0.08 0.80 0.32 -2.50 -0.9448 4.0538 -0.2331
0.09 0.20 0.32 -2.50 -0.1001 3.9668 -0.0252
0.09 0.30 0.32 -2.50 -0.2961 4.0034 -0.0740
0.09 0.40 0.32 -2.50 -0.4298 4.0346 -0.1065
0.09 0.50 0.32 -2.50 -0.5441 4.0573 -0.1341
0.09 0.60 0.32 -2.50 -0.6558 4.0788 -0.1608
0.09 0.70 0.32 -2.50 -0.7681 4.1251 -0.1862
0.09 0.80 0.32 -2.50 -0.9973 4.1230 -0.2419
0.01 0.20 0.34 -2.50 -0.5116 4.0061 -0.1277
0.01 0.30 0.34 -2.50 -0.5350 4.0089 -0.1335
0.01 0.40 0.34 -2.50 -0.5508 4.0108 -0.1373
0.01 0.50 0.34 -2.50 -0.5630 4.0121 -0.1403
0.01 0.60 0.34 -2.50 -0.5743 4.0136 -0.1431
0.01 0.70 0.34 -2.50 -0.5883 4.0153 -0.1465
0.01 0.80 0.34 -2.50 -0.6106 4.0177 -0.1520
0.02 0.20 0.34 -2.50 -0.4542 4.0090 -0.1133
0.02 0.30 0.34 -2.50 -0.5019 4.0158 -0.1250
0.02 0.40 0.34 -2.50 -0.5341 4.0204 -0.1328
0.02 0.50 0.34 -2.50 -0.5589 4.0239 -0.1389
0.02 0.60 0.34 -2.50 -0.5820 4.0271 -0.1445
0.02 0.70 0.34 -2.50 -0.6100 4.0303 -0.1514
0.02 0.80 0.34 -2.50 -0.6525 4.0332 -0.1618
0.03 0.20 0.34 -2.50 -0.3969 4.0174 -0.0988
0.03 0.30 0.34 -2.50 -0.4688 4.0289 -0.1163
0.03 0.40 0.34 -2.50 -0.5169 4.0366 -0.1281
0.03 0.50 0.34 -2.50 -0.5545 4.0424 -0.1372
0.03 0.60 0.34 -2.50 -0.5898 4.0473 -0.1457
0.03 0.70 0.34 -2.50 -0.6286 4.0529 -0.1551
0.03 0.80 0.34 -2.50 -0.6937 4.0618 -0.1708
0.04 0.20 0.34 -2.50 -0.3388 4.0314 -0.0840
0.04 0.30 0.34 -2.50 -0.4354 4.0485 -0.1076
0.04 0.40 0.34 -2.50 -0.5002 4.0593 -0.1232
0.04 0.50 0.34 -2.50 -0.5498 4.0676 -0.1352
0.04 0.60 0.34 -2.50 -0.5936 4.0760 -0.1456
0.04 0.70 0.34 -2.50 -0.6472 4.0878 -0.1583
0.04 0.80 0.34 -2.50 -0.7410 4.0951 -0.1809
0.05 0.20 0.34 -2.50 -0.2810 4.0510 -0.0694
0.05 0.30 0.34 -2.50 -0.4021 4.0740 -0.0987
0.05 0.40 0.34 -2.50 -0.4821 4.0890 -0.1179
0.05 0.50 0.34 -2.50 -0.5414 4.1012 -0.1320
0.05 0.60 0.34 -2.50 -0.5989 4.1156 -0.1455
0.05 0.70 0.34 -2.50 -0.6671 4.1334 -0.1614
0.05 0.80 0.34 -2.50 -0.7934 4.1339 -0.1919
0.06 0.20 0.34 -2.50 -0.2236 4.0780 -0.0548
0.06 0.30 0.34 -2.50 -0.3674 4.1065 -0.0895
0.06 0.40 0.34 -2.50 -0.4611 4.1269 -0.1117
0.06 0.50 0.34 -2.50 -0.5352 4.1452 -0.1291
0.06 0.60 0.34 -2.50 -0.6049 4.1658 -0.1452
0.06 0.70 0.34 -2.50 -0.6947 4.1790 -0.1662
0.06 0.80 0.34 -2.50 -0.8277 4.1908 -0.1975
0.07 0.20 0.34 -2.50 -0.1655 4.1142 -0.0402
0.07 0.30 0.34 -2.50 -0.3307 4.1476 -0.0797
0.07 0.40 0.34 -2.50 -0.4423 4.1742 -0.1060
0.07 0.50 0.34 -2.50 -0.5301 4.1968 -0.1263
0.07 0.60 0.34 -2.50 -0.6148 4.2182 -0.1457
0.07 0.70 0.34 -2.50 -0.7236 4.2339 -0.1709
0.07 0.80 0.34 -2.50 -0.8648 4.2640 -0.2028
0.08 0.20 0.34 -2.50 -0.1079 4.1601 -0.0259
0.08 0.30 0.34 -2.50 -0.2971 4.1979 -0.0708
0.08 0.40 0.34 -2.50 -0.4246 4.2294 -0.1004
0.08 0.50 0.34 -2.50 -0.5236 4.2592 -0.1229
0.08 0.60 0.34 -2.50 -0.6262 4.2790 -0.1463
0.08 0.70 0.34 -2.50 -0.7484 4.2986 -0.1741
0.08 0.80 0.34 -2.50 -0.9278 4.3276 -0.2144
0.09 0.20 0.34 -2.50 -0.0551 4.2179 -0.0131
0.09 0.30 0.34 -2.50 -0.2647 4.2579 -0.0622
0.09 0.40 0.34 -2.50 -0.4068 4.2949 -0.0947
0.09 0.50 0.34 -2.50 -0.5240 4.3213 -0.1213
0.09 0.60 0.34 -2.50 -0.6393 4.3467 -0.1471
0.09 0.70 0.34 -2.50 -0.7574 4.3875 -0.1726
0.09 0.80 0.34 -2.50 -0.9912 4.3843 -0.2261
0.01 0.20 0.36 -2.50 -0.4951 4.2933 -0.1153
0.01 0.30 0.36 -2.50 -0.5196 4.2960 -0.1209
0.01 0.40 0.36 -2.50 -0.5364 4.2979 -0.1248
0.01 0.50 0.36 -2.50 -0.5494 4.2994 -0.1278
0.01 0.60 0.36 -2.50 -0.5613 4.3008 -0.1305
0.01 0.70 0.36 -2.50 -0.5750 4.3024 -0.1336
0.01 0.80 0.36 -2.50 -0.5969 4.3044 -0.1387
0.02 0.20 0.36 -2.50 -0.4363 4.2953 -0.1016
0.02 0.30 0.36 -2.50 -0.4854 4.3019 -0.1128
0.02 0.40 0.36 -2.50 -0.5187 4.3065 -0.1204
0.02 0.50 0.36 -2.50 -0.5448 4.3100 -0.1264
0.02 0.60 0.36 -2.50 -0.5688 4.3132 -0.1319
0.02 0.70 0.36 -2.50 -0.5959 4.3167 -0.1380
0.02 0.80 0.36 -2.50 -0.6403 4.3196 -0.1482
0.03 0.20 0.36 -2.50 -0.3756 4.3016 -0.0873
0.03 0.30 0.36 -2.50 -0.4508 4.3135 -0.1045
0.03 0.40 0.36 -2.50 -0.5012 4.3215 -0.1160
0.03 0.50 0.36 -2.50 -0.5397 4.3276 -0.1247
0.03 0.60 0.36 -2.50 -0.5752 4.3331 -0.1327
0.03 0.70 0.36 -2.50 -0.6176 4.3383 -0.1424
0.03 0.80 0.36 -2.50 -0.6827 4.3464 -0.1571
0.04 0.20 0.36 -2.50 -0.3140 4.3132 -0.0728
0.04 0.30 0.36 -2.50 -0.4148 4.3307 -0.0958
0.04 0.40 0.36 -2.50 -0.4821 4.3429 -0.1110
0.04 0.50 0.36 -2.50 -0.5346 4.3518 -0.1228
0.04 0.60 0.36 -2.50 -0.5831 4.3601 -0.1337
0.04 0.70 0.36 -2.50 -0.6384 4.3710 -0.1460
0.04 0.80 0.36 -2.50 -0.7277 4.3792 -0.1662
0.05 0.20 0.36 -2.50 -0.2515 4.3303 -0.0581
0.05 0.30 0.36 -2.50 -0.3784 4.3542 -0.0869
0.05 0.40 0.36 -2.50 -0.4639 4.3703 -0.1061
0.05 0.50 0.36 -2.50 -0.5297 4.3834 -0.1208
0.05 0.60 0.36 -2.50 -0.5879 4.3971 -0.1337
0.05 0.70 0.36 -2.50 -0.6555 4.4147 -0.1485
0.05 0.80 0.36 -2.50 -0.7805 4.4172 -0.1767
0.06 0.20 0.36 -2.50 -0.1903 4.3537 -0.0437
0.06 0.30 0.36 -2.50 -0.3430 4.3836 -0.0782
0.06 0.40 0.36 -2.50 -0.4451 4.4051 -0.1010
0.06 0.50 0.36 -2.50 -0.5222 4.4235 -0.1181
0.06 0.60 0.36 -2.50 -0.5948 4.4430 -0.1339
0.06 0.70 0.36 -2.50 -0.6825 4.4592 -0.1530
0.06 0.80 0.36 -2.50 -0.8217 4.4672 -0.1839
0.07 0.20 0.36 -2.50 -0.1305 4.3846 -0.0298
0.07 0.30 0.36 -2.50 -0.3067 4.4205 -0.0694
0.07 0.40 0.36 -2.50 -0.4245 4.4483 -0.0954
0.07 0.50 0.36 -2.50 -0.5174 4.4725 -0.1157
0.07 0.60 0.36 -2.50 -0.5991 4.4976 -0.1332
0.07 0.70 0.36 -2.50 -0.7117 4.5126 -0.1577
0.07 0.80 0.36 -2.50 -0.8564 4.5376 -0.1887
0.08 0.20 0.36 -2.50 -0.0719 4.4259 -0.0163
0.08 0.30 0.36 -2.50 -0.2697 4.4657 -0.0604
0.08 0.40 0.36 -2.50 -0.4066 4.4999 -0.0904
0.08 0.50 0.36 -2.50 -0.5081 4.5309 -0.1121
0.08 0.60 0.36 -2.50 -0.6117 4.5533 -0.1343
0.08 0.70 0.36 -2.50 -0.7396 4.5725 -0.1617
0.08 0.80 0.36 -2.50 -0.9118 4.6053 -0.1980
0.09 0.20 0.36 -2.50 -0.0151 4.4775 -0.0034
0.09 0.30 0.36 -2.50 -0.2361 4.5198 -0.0522
0.09 0.40 0.36 -2.50 -0.3860 4.5592 -0.0847
0.09 0.50 0.36 -2.50 -0.5051 4.5909 -0.1100
0.09 0.60 0.36 -2.50 -0.6255 4.6187 -0.1354
0.09 0.70 0.36 -2.50 -0.7493 4.6546 -0.1610
0.09 0.80 0.36 -2.50 -0.9849 4.6520 -0.2117
0.01 0.20 0.38 -2.50 -0.4778 4.5856 -0.1042
0.01 0.30 0.38 -2.50 -0.5033 4.5885 -0.1097
0.01 0.40 0.38 -2.50 -0.5211 4.5905 -0.1135
0.01 0.50 0.38 -2.50 -0.5352 4.5920 -0.1165
0.01 0.60 0.38 -2.50 -0.5479 4.5933 -0.1193
0.01 0.70 0.38 -2.50 -0.5623 4.5947 -0.1224
0.01 0.80 0.38 -2.50 -0.5832 4.5966 -0.1269
0.02 0.20 0.38 -2.50 -0.4181 4.5860 -0.0912
0.02 0.30 0.38 -2.50 -0.4691 4.5926 -0.1021
0.02 0.40 0.38 -2.50 -0.5041 4.5974 -0.1096
0.02 0.50 0.38 -2.50 -0.5308 4.6011 -0.1154
0.02 0.60 0.38 -2.50 -0.5547 4.6046 -0.1205
0.02 0.70 0.38 -2.50 -0.5822 4.6081 -0.1263
0.02 0.80 0.38 -2.50 -0.6277 4.6120 -0.1361
0.03 0.20 0.38 -2.50 -0.3556 4.5912 -0.0774
0.03 0.30 0.38 -2.50 -0.4323 4.6026 -0.0939
0.03 0.40 0.38 -2.50 -0.4845 4.6108 -0.1051
0.03 0.50 0.38 -2.50 -0.5249 4.6173 -0.1137
0.03 0.60 0.38 -2.50 -0.5614 4.6234 -0.1214
0.03 0.70 0.38 -2.50 -0.6066 4.6294 -0.1310
0.03 0.80 0.38 -2.50 -0.6705 4.6366 -0.1446
0.04 0.20 0.38 -2.50 -0.2902 4.6005 -0.0631
0.04 0.30 0.38 -2.50 -0.3950 4.6184 -0.0855
0.04 0.40 0.38 -2.50 -0.4651 4.6307 -0.1004
0.04 0.50 0.38 -2.50 -0.5195 4.6407 -0.1120
0.04 0.60 0.38 -2.50 -0.5717 4.6494 -0.1230
0.04 0.70 0.38 -2.50 -0.6283 4.6595 -0.1348
0.04 0.80 0.38 -2.50 -0.7113 4.6699 -0.1523
0.05 0.20 0.38 -2.50 -0.2244 4.6154 -0.0486
0.05 0.30 0.38 -2.50 -0.3568 4.6395 -0.0769
0.05 0.40 0.38 -2.50 -0.4466 4.6572 -0.0959
0.05 0.50 0.38 -2.50 -0.5172 4.6704 -0.1107
0.05 0.60 0.38 -2.50 -0.5794 4.6836 -0.1237
0.05 0.70 0.38 -2.50 -0.6464 4.6990 -0.1376
0.05 0.80 0.38 -2.50 -0.7676 4.7054 -0.1631
0.06 0.20 0.38 -2.50 -0.1587 4.6354 -0.0342
0.06 0.30 0.38 -2.50 -0.3198 4.6665 -0.0685
0.06 0.40 0.38 -2.50 -0.4296 4.6893 -0.0916
0.06 0.50 0.38 -2.50 -0.5129 4.7082 -0.1089
0.06 0.60 0.38 -2.50 -0.5839 4.7268 -0.1235
0.06 0.70 0.38 -2.50 -0.6708 4.7441 -0.1414
0.06 0.80 0.38 -2.50 -0.8166 4.7491 -0.1719
0.07 0.20 0.38 -2.50 -0.0967 4.6626 -0.0207
0.07 0.30 0.38 -2.50 -0.2838 4.6998 -0.0604
0.07 0.40 0.38 -2.50 -0.4107 4.7287 -0.0869
0.07 0.50 0.38 -2.50 -0.5040 4.7538 -0.1060
0.07 0.60 0.38 -2.50 -0.5877 4.7792 -0.1230
0.07 0.70 0.38 -2.50 -0.7002 4.7958 -0.1460
0.07 0.80 0.38 -2.50 -0.8482 4.8164 -0.1761
0.08 0.20 0.38 -2.50 -0.0363 4.6984 -0.0077
0.08 0.30 0.38 -2.50 -0.2468 4.7404 -0.0521
0.08 0.40 0.38 -2.50 -0.3884 4.7761 -0.0813
0.08 0.50 0.38 -2.50 -0.4961 4.8064 -0.1032
0.08 0.60 0.38 -2.50 -0.6006 4.8331 -0.1243
0.08 0.70 0.38 -2.50 -0.7301 4.8530 -0.1504
0.08 0.80 0.38 -2.50 -0.8960 4.8859 -0.1834
0.09 0.20 0.38 -2.50 0.0223 4.7442 0.0047
0.09 0.30 0.38 -2.50 -0.2079 4.7891 -0.0434
0.09 0.40 0.38 -2.50 -0.3666 4.8309 -0.0759
0.09 0.50 0.38 -2.50 -0.4874 4.8686 -0.1001
0.09 0.60 0.38 -2.50 -0.6131 4.8958 -0.1252
0.09 0.70 0.38 -2.50 -0.7451 4.9271 -0.1512
0.09 0.80 0.38 -2.50 -0.9732 4.9285 -0.1975
0.01 0.20 0.40 -2.50 -0.4584 4.8842 -0.0939
0.01 0.30 0.40 -2.50 -0.4852 4.8868 -0.0993
0.01 0.40 0.40 -2.50 -0.5044 4.8885 -0.1032
0.01 0.50 0.40 -2.50 -0.5198 4.8895 -0.1063
0.01 0.60 0.40 -2.50 -0.5341 4.8910 -0.1092
0.01 0.70 0.40 -2.50 -0.5490 4.8922 -0.1122
0.01 0.80 0.40 -2.50 -0.5702 4.8937 -0.1165
0.02 0.20 0.40 -2.50 -0.3989 4.8826 -0.0817
0.02 0.30 0.40 -2.50 -0.4522 4.8895 -0.0925
0.02 0.40 0.40 -2.50 -0.4893 4.8943 -0.1000
0.02 0.50 0.40 -2.50 -0.5175 4.8979 -0.1057
0.02 0.60 0.40 -2.50 -0.5424 4.9012 -0.1107
0.02 0.70 0.40 -2.50 -0.5701 4.9049 -0.1162
0.02 0.80 0.40 -2.50 -0.6151 4.9094 -0.1253
0.03 0.20 0.40 -2.50 -0.3347 4.8858 -0.0685
0.03 0.30 0.40 -2.50 -0.4144 4.8974 -0.0846
0.03 0.40 0.40 -2.50 -0.4692 4.9062 -0.0956
0.03 0.50 0.40 -2.50 -0.5111 4.9132 -0.1040
0.03 0.60 0.40 -2.50 -0.5501 4.9196 -0.1118
0.03 0.70 0.40 -2.50 -0.5950 4.9261 -0.1208
0.03 0.80 0.40 -2.50 -0.6601 4.9321 -0.1338
0.04 0.20 0.40 -2.50 -0.2677 4.8939 -0.0547
0.04 0.30 0.40 -2.50 -0.3750 4.9110 -0.0764
0.04 0.40 0.40 -2.50 -0.4491 4.9243 -0.0912
0.04 0.50 0.40 -2.50 -0.5071 4.9351 -0.1028
0.04 0.60 0.40 -2.50 -0.5599 4.9447 -0.1132
0.04 0.70 0.40 -2.50 -0.6184 4.9547 -0.1248
0.04 0.80 0.40 -2.50 -0.6998 4.9652 -0.1409
0.05 0.20 0.40 -2.50 -0.1987 4.9059 -0.0405
0.05 0.30 0.40 -2.50 -0.3368 4.9303 -0.0683
0.05 0.40 0.40 -2.50 -0.4307 4.9487 -0.0870
0.05 0.50 0.40 -2.50 -0.5042 4.9631 -0.1016
0.05 0.60 0.40 -2.50 -0.5699 4.9765 -0.1145
0.05 0.70 0.40 -2.50 -0.6375 4.9908 -0.1277
0.05 0.80 0.40 -2.50 -0.7550 4.9989 -0.1510
0.06 0.20 0.40 -2.50 -0.1311 4.9239 -0.0266
0.06 0.30 0.40 -2.50 -0.2985 4.9552 -0.0602
0.06 0.40 0.40 -2.50 -0.4134 4.9787 -0.0830
0.06 0.50 0.40 -2.50 -0.5008 4.9978 -0.1002
0.06 0.60 0.40 -2.50 -0.5736 5.0163 -0.1144
0.06 0.70 0.40 -2.50 -0.6574 5.0372 -0.1305
0.06 0.80 0.40 -2.50 -0.8087 5.0392 -0.1605
0.07 0.20 0.40 -2.50 -0.0642 4.9475 -0.0130
0.07 0.30 0.40 -2.50 -0.2611 4.9851 -0.0524
0.07 0.40 0.40 -2.50 -0.3952 5.0153 -0.0788
0.07 0.50 0.40 -2.50 -0.4916 5.0399 -0.0975
0.07 0.60 0.40 -2.50 -0.5789 5.0640 -0.1143
0.07 0.70 0.40 -2.50 -0.6887 5.0844 -0.1355
0.07 0.80 0.40 -2.50 -0.8393 5.1024 -0.1645
0.08 0.20 0.40 -2.50 -0.0019 4.9783 -0.0004
0.08 0.30 0.40 -2.50 -0.2232 5.0216 -0.0445
0.08 0.40 0.40 -2.50 -0.3711 5.0584 -0.0734
0.08 0.50 0.40 -2.50 -0.4843 5.0893 -0.0952
0.08 0.60 0.40 -2.50 -0.5874 5.1195 -0.1147
0.08 0.70 0.40 -2.50 -0.7193 5.1391 -0.1400
0.08 0.80 0.40 -2.50 -0.8822 5.1695 -0.1707
0.09 0.20 0.40 -2.50 0.0590 5.0192 0.0118
0.09 0.30 0.40 -2.50 -0.1813 5.0659 -0.0358
0.09 0.40 0.40 -2.50 -0.3485 5.1086 -0.0682
0.09 0.50 0.40 -2.50 -0.4754 5.1480 -0.0924
0.09 0.60 0.40 -2.50 -0.6010 5.1779 -0.1161
0.09 0.70 0.40 -2.50 -0.7426 5.2048 -0.1427
0.09 0.80 0.40 -2.50 -0.9596 5.2161 -0.1840
