0.00 0.00 0.10 15.00 4.2245 2.0436 2.0672
0.00 0.00 0.12 15.00 4.1567 2.2559 1.8426
0.00 0.00 0.14 15.00 4.0873 2.4762 1.6506
0.00 0.00 0.16 15.00 4.0144 2.6956 1.4892
0.00 0.00 0.18 15.00 3.9339 2.9154 1.3493
0.00 0.00 0.20 15.00 3.8515 3.1415 1.2260
0.00 0.00 0.22 15.00 3.7696 3.3752 1.1169
0.00 0.00 0.24 15.00 3.6887 3.6149 1.0204
0.00 0.00 0.26 15.00 3.6074 3.8591 0.9348
0.00 0.00 0.28 15.00 3.5209 4.1038 0.8579
0.00 0.00 0.30 15.00 3.4342 4.3549 0.7886
0.00 0.00 0.32 15.00 3.3477 4.6105 0.7261
0.00 0.00 0.34 15.00 3.2621 4.8722 0.6695
0.00 0.00 0.36 15.00 3.1772 5.1394 0.6182
0.00 0.00 0.38 15.00 3.0898 5.4097 0.5712
0.00 0.00 0.40 15.00 3.0044 5.6893 0.5281
0.01 0.20 0.10 15.00 4.2110 2.0371 2.0672
0.01 0.30 0.10 15.00 4.2058 2.0342 2.0676
0.01 0.40 0.10 15.00 4.2030 2.0334 2.0670
0.01 0.50 0.10 15.00 4.2004 2.0332 2.0659
0.01 0.60 0.10 15.00 4.1967 2.0330 2.0643
0.01 0.70 0.10 15.00 4.1896 2.0329 2.0609
0.01 0.80 0.10 15.00 4.1794 2.0301 2.0587
0.02 0.20 0.10 15.00 4.2014 2.0547 2.0448
0.02 0.30 0.10 15.00 4.1938 2.0471 2.0487
0.02 0.40 0.10 15.00 4.1897 2.0468 2.0469
0.02 0.50 0.10 15.00 4.1882 2.0488 2.0442
0.02 0.60 0.10 15.00 4.1847 2.0521 2.0392
0.02 0.70 0.10 15.00 4.1734 2.0561 2.0298
0.02 0.80 0.10 15.00 4.1372 2.0529 2.0153
0.03 0.20 0.10 15.00 4.1910 2.0982 1.9975
0.03 0.30 0.10 15.00 4.1819 2.0815 2.0091
0.03 0.40 0.10 15.00 4.1790 2.0785 2.0106
0.03 0.50 0.10 15.00 4.1752 2.0818 2.0055
0.03 0.60 0.10 15.00 4.1611 2.0868 1.9940
0.03 0.70 0.10 15.00 4.1361 2.0923 1.9769
0.03 0.80 0.10 15.00 4.0654 2.0710 1.9630
0.04 0.20 0.10 15.00 4.1785 2.1630 1.9318
0.04 0.30 0.10 15.00 4.1667 2.1338 1.9527
0.04 0.40 0.10 15.00 4.1586 2.1256 1.9564
0.04 0.50 0.10 15.00 4.1485 2.1268 1.9505
0.04 0.60 0.10 15.00 4.1282 2.1335 1.9349
0.04 0.70 0.10 15.00 4.0604 2.1227 1.9128
0.04 0.80 0.10 15.00 3.9921 2.0698 1.9288
0.05 0.20 0.10 15.00 4.1587 2.2496 1.8487
0.05 0.30 0.10 15.00 4.1396 2.2009 1.8809
0.05 0.40 0.10 15.00 4.1308 2.1855 1.8901
0.05 0.50 0.10 15.00 4.1142 2.1847 1.8832
0.05 0.60 0.10 15.00 4.0655 2.1819 1.8633
0.05 0.70 0.10 15.00 4.0100 2.1584 1.8579
0.05 0.80 0.10 15.00 3.9523 2.1420 1.8452
0.06 0.20 0.10 15.00 4.1334 2.3540 1.7559
0.06 0.30 0.10 15.00 4.1112 2.2846 1.7995
0.06 0.40 0.10 15.00 4.0947 2.2589 1.8127
0.06 0.50 0.10 15.00 4.0584 2.2483 1.8051
0.06 0.60 0.10 15.00 4.0253 2.2383 1.7983
0.06 0.70 0.10 15.00 3.9682 2.2112 1.7946
0.06 0.80 0.10 15.00 3.8804 2.2350 1.7362
0.07 0.20 0.10 15.00 4.1064 2.4821 1.6544
0.07 0.30 0.10 15.00 4.0731 2.3833 1.7090
0.07 0.40 0.10 15.00 4.0421 2.3410 1.7267
0.07 0.50 0.10 15.00 4.0195 2.3252 1.7287
0.07 0.60 0.10 15.00 3.9588 2.2832 1.7339
0.07 0.70 0.10 15.00 3.9289 2.3056 1.7041
0.07 0.80 0.10 15.00 3.7581 2.2241 1.6897
0.08 0.20 0.10 15.00 4.0722 2.6287 1.5491
0.08 0.30 0.10 15.00 4.0241 2.4936 1.6138
0.08 0.40 0.10 15.00 4.0023 2.4377 1.6418
0.08 0.50 0.10 15.00 3.9565 2.3938 1.6529
0.08 0.60 0.10 15.00 3.9252 2.3765 1.6517
0.08 0.70 0.10 15.00 3.8693 2.4166 1.6011
0.08 0.80 0.10 15.00 3.6792 2.3046 1.5964
0.09 0.20 0.10 15.00 4.0335 2.7932 1.4441
0.09 0.30 0.10 15.00 3.9658 2.6079 1.5207
0.09 0.40 0.10 15.00 3.9480 2.5364 1.5565
0.09 0.50 0.10 15.00 3.9078 2.4757 1.5785
0.09 0.60 0.10 15.00 3.8841 2.4896 1.5601
0.09 0.70 0.10 15.00 3.7747 2.5301 1.4919
0.09 0.80 0.10 15.00 3.5922 2.4559 1.4627
0.01 0.20 0.12 15.00 4.1531 2.2554 1.8414
0.01 0.30 0.12 15.00 4.1451 2.2513 1.8412
0.01 0.40 0.12 15.00 4.1396 2.2493 1.8404
0.01 0.50 0.12 15.00 4.1341 2.2480 1.8390
0.01 0.60 0.12 15.00 4.1291 2.2466 1.8380
0.01 0.70 0.12 15.00 4.1225 2.2447 1.8365
0.01 0.80 0.12 15.00 4.1088 2.2403 1.8341
0.02 0.20 0.12 15.00 4.1468 2.2727 1.8246
0.02 0.30 0.12 15.00 4.1347 2.2640 1.8263
0.02 0.40 0.12 15.00 4.1287 2.2617 1.8255
0.02 0.50 0.12 15.00 4.1228 2.2622 1.8224
0.02 0.60 0.12 15.00 4.1169 2.2635 1.8188
0.02 0.70 0.12 15.00 4.1039 2.2650 1.8119
0.02 0.80 0.12 15.00 4.0659 2.2602 1.7989
0.03 0.20 0.12 15.00 4.1450 2.3130 1.7920
0.03 0.30 0.12 15.00 4.1269 2.2968 1.7968
0.03 0.40 0.12 15.00 4.1192 2.2920 1.7972
0.03 0.50 0.12 15.00 4.1112 2.2929 1.7930
0.03 0.60 0.12 15.00 4.0976 2.2975 1.7835
0.03 0.70 0.12 15.00 4.0692 2.3006 1.7688
0.03 0.80 0.12 15.00 3.9870 2.2729 1.7542
0.04 0.20 0.12 15.00 4.1383 2.3713 1.7452
0.04 0.30 0.12 15.00 4.1158 2.3455 1.7548
0.04 0.40 0.12 15.00 4.1035 2.3372 1.7557
0.04 0.50 0.12 15.00 4.0872 2.3377 1.7484
0.04 0.60 0.12 15.00 4.0670 2.3428 1.7360
0.04 0.70 0.12 15.00 4.0115 2.3410 1.7136
0.04 0.80 0.12 15.00 3.9317 2.2871 1.7191
0.05 0.20 0.12 15.00 4.1258 2.4498 1.6841
0.05 0.30 0.12 15.00 4.0980 2.4099 1.7005
0.05 0.40 0.12 15.00 4.0764 2.3954 1.7018
0.05 0.50 0.12 15.00 4.0596 2.3941 1.6957
0.05 0.60 0.12 15.00 4.0185 2.3962 1.6770
0.05 0.70 0.12 15.00 3.9626 2.3844 1.6619
0.05 0.80 0.12 15.00 3.8928 2.3496 1.6568
0.06 0.20 0.12 15.00 4.1051 2.5494 1.6102
0.06 0.30 0.12 15.00 4.0707 2.4878 1.6363
0.06 0.40 0.12 15.00 4.0502 2.4663 1.6422
0.06 0.50 0.12 15.00 4.0164 2.4605 1.6323
0.06 0.60 0.12 15.00 3.9718 2.4550 1.6178
0.06 0.70 0.12 15.00 3.9143 2.4258 1.6136
0.06 0.80 0.12 15.00 3.8186 2.4349 1.5682
0.07 0.20 0.12 15.00 4.0815 2.6670 1.5304
0.07 0.30 0.12 15.00 4.0434 2.5809 1.5667
0.07 0.40 0.12 15.00 4.0097 2.5481 1.5736
0.07 0.50 0.12 15.00 3.9615 2.5275 1.5674
0.07 0.60 0.12 15.00 3.9202 2.5119 1.5607
0.07 0.70 0.12 15.00 3.8756 2.5121 1.5427
0.07 0.80 0.12 15.00 3.7129 2.4611 1.5086
0.08 0.20 0.12 15.00 4.0601 2.8031 1.4484
0.08 0.30 0.12 15.00 4.0045 2.6879 1.4898
0.08 0.40 0.12 15.00 3.9582 2.6352 1.5020
0.08 0.50 0.12 15.00 3.9248 2.6135 1.5018
0.08 0.60 0.12 15.00 3.8810 2.5887 1.4992
0.08 0.70 0.12 15.00 3.8184 2.6173 1.4589
0.08 0.80 0.12 15.00 3.6304 2.5136 1.4443
0.09 0.20 0.12 15.00 4.0294 2.9582 1.3621
0.09 0.30 0.12 15.00 3.9556 2.8063 1.4095
0.09 0.40 0.12 15.00 3.9199 2.7388 1.4313
0.09 0.50 0.12 15.00 3.8743 2.6895 1.4405
0.09 0.60 0.12 15.00 3.8405 2.6929 1.4261
0.09 0.70 0.12 15.00 3.7228 2.7204 1.3685
0.09 0.80 0.12 15.00 3.5370 2.6436 1.3379
0.01 0.20 0.14 15.00 4.0921 2.4798 1.6502
0.01 0.30 0.14 15.00 4.0828 2.4753 1.6494
0.01 0.40 0.14 15.00 4.0769 2.4731 1.6485
0.01 0.50 0.14 15.00 4.0714 2.4715 1.6473
0.01 0.60 0.14 15.00 4.0642 2.4696 1.6457
0.01 0.70 0.14 15.00 4.0535 2.4661 1.6437
0.01 0.80 0.14 15.00 4.0389 2.4585 1.6428
0.02 0.20 0.14 15.00 4.0926 2.4984 1.6381
0.02 0.30 0.14 15.00 4.0748 2.4886 1.6374
0.02 0.40 0.14 15.00 4.0647 2.4845 1.6360
0.02 0.50 0.14 15.00 4.0575 2.4828 1.6342
0.02 0.60 0.14 15.00 4.0492 2.4822 1.6313
0.02 0.70 0.14 15.00 4.0325 2.4819 1.6247
0.02 0.80 0.14 15.00 3.9942 2.4748 1.6140
0.03 0.20 0.14 15.00 4.0938 2.5337 1.6157
0.03 0.30 0.14 15.00 4.0704 2.5182 1.6164
0.03 0.40 0.14 15.00 4.0580 2.5123 1.6152
0.03 0.50 0.14 15.00 4.0452 2.5117 1.6105
0.03 0.60 0.14 15.00 4.0287 2.5138 1.6026
0.03 0.70 0.14 15.00 4.0000 2.5147 1.5906
0.03 0.80 0.14 15.00 3.9275 2.4861 1.5798
0.04 0.20 0.14 15.00 4.0938 2.5875 1.5821
0.04 0.30 0.14 15.00 4.0617 2.5635 1.5844
0.04 0.40 0.14 15.00 4.0434 2.5554 1.5823
0.04 0.50 0.14 15.00 4.0257 2.5546 1.5759
0.04 0.60 0.14 15.00 4.0021 2.5572 1.5650
0.04 0.70 0.14 15.00 3.9543 2.5544 1.5480
0.04 0.80 0.14 15.00 3.8717 2.5123 1.5411
0.05 0.20 0.14 15.00 4.0873 2.6599 1.5367
0.05 0.30 0.14 15.00 4.0478 2.6241 1.5425
0.05 0.40 0.14 15.00 4.0242 2.6110 1.5413
0.05 0.50 0.14 15.00 4.0010 2.6082 1.5340
0.05 0.60 0.14 15.00 3.9636 2.6103 1.5185
0.05 0.70 0.14 15.00 3.9037 2.5990 1.5020
0.05 0.80 0.14 15.00 3.8299 2.5621 1.4949
0.06 0.20 0.14 15.00 4.0756 2.7497 1.4822
0.06 0.30 0.14 15.00 4.0290 2.6987 1.4929
0.06 0.40 0.14 15.00 4.0002 2.6778 1.4939
0.06 0.50 0.14 15.00 3.9672 2.6724 1.4845
0.06 0.60 0.14 15.00 3.9081 2.6548 1.4721
0.06 0.70 0.14 15.00 3.8565 2.6453 1.4578
0.06 0.80 0.14 15.00 3.7540 2.6377 1.4232
0.07 0.20 0.14 15.00 4.0575 2.8602 1.4186
0.07 0.30 0.14 15.00 4.0067 2.7858 1.4383
0.07 0.40 0.14 15.00 3.9686 2.7569 1.4395
0.07 0.50 0.14 15.00 3.9184 2.7322 1.4342
0.07 0.60 0.14 15.00 3.8749 2.7339 1.4174
0.07 0.70 0.14 15.00 3.8197 2.7238 1.4023
0.07 0.80 0.14 15.00 3.6566 2.6838 1.3625
0.08 0.20 0.14 15.00 4.0389 2.9886 1.3514
0.08 0.30 0.14 15.00 3.9780 2.8872 1.3778
0.08 0.40 0.14 15.00 3.9250 2.8338 1.3850
0.08 0.50 0.14 15.00 3.8809 2.8212 1.3756
0.08 0.60 0.14 15.00 3.8310 2.8031 1.3667
0.08 0.70 0.14 15.00 3.7640 2.8216 1.3340
0.08 0.80 0.14 15.00 3.5771 2.7254 1.3125
0.09 0.20 0.14 15.00 4.0166 3.1362 1.2807
0.09 0.30 0.14 15.00 3.9394 2.9968 1.3146
0.09 0.40 0.14 15.00 3.8838 2.9329 1.3242
0.09 0.50 0.14 15.00 3.8388 2.9102 1.3191
0.09 0.60 0.14 15.00 3.7936 2.9011 1.3076
0.09 0.70 0.14 15.00 3.6753 2.9194 1.2589
0.09 0.80 0.14 15.00 3.4848 2.8386 1.2276
0.01 0.20 0.16 15.00 4.0269 2.7029 1.4898
0.01 0.30 0.16 15.00 4.0165 2.6984 1.4885
0.01 0.40 0.16 15.00 4.0100 2.6963 1.4872
0.01 0.50 0.16 15.00 4.0041 2.6949 1.4858
0.01 0.60 0.16 15.00 3.9969 2.6931 1.4841
0.01 0.70 0.16 15.00 3.9855 2.6892 1.4820
0.01 0.80 0.16 15.00 3.9645 2.6795 1.4796
0.02 0.20 0.16 15.00 4.0350 2.7240 1.4813
0.02 0.30 0.16 15.00 4.0143 2.7137 1.4793
0.02 0.40 0.16 15.00 4.0010 2.7087 1.4770
0.02 0.50 0.16 15.00 3.9892 2.7057 1.4744
0.02 0.60 0.16 15.00 3.9769 2.7034 1.4711
0.02 0.70 0.16 15.00 3.9592 2.7003 1.4662
0.02 0.80 0.16 15.00 3.9227 2.6908 1.4578
0.03 0.20 0.16 15.00 4.0387 2.7600 1.4633
0.03 0.30 0.16 15.00 4.0083 2.7419 1.4619
0.03 0.40 0.16 15.00 3.9912 2.7340 1.4598
0.03 0.50 0.16 15.00 3.9764 2.7312 1.4559
0.03 0.60 0.16 15.00 3.9573 2.7311 1.4490
0.03 0.70 0.16 15.00 3.9301 2.7299 1.4397
0.03 0.80 0.16 15.00 3.8627 2.7031 1.4290
0.04 0.20 0.16 15.00 4.0425 2.8115 1.4378
0.04 0.30 0.16 15.00 4.0018 2.7853 1.4368
0.04 0.40 0.16 15.00 3.9801 2.7743 1.4346
0.04 0.50 0.16 15.00 3.9586 2.7713 1.4284
0.04 0.60 0.16 15.00 3.9342 2.7714 1.4196
0.04 0.70 0.16 15.00 3.8879 2.7603 1.4085
0.04 0.80 0.16 15.00 3.8093 2.7339 1.3934
0.05 0.20 0.16 15.00 4.0435 2.8796 1.4042
0.05 0.30 0.16 15.00 3.9929 2.8433 1.4043
0.05 0.40 0.16 15.00 3.9630 2.8280 1.4014
0.05 0.50 0.16 15.00 3.9370 2.8221 1.3951
0.05 0.60 0.16 15.00 3.9006 2.8145 1.3859
0.05 0.70 0.16 15.00 3.8376 2.8070 1.3672
0.05 0.80 0.16 15.00 3.7641 2.7738 1.3570
0.06 0.20 0.16 15.00 4.0389 2.9640 1.3626
0.06 0.30 0.16 15.00 3.9801 2.9149 1.3654
0.06 0.40 0.16 15.00 3.9434 2.8917 1.3637
0.06 0.50 0.16 15.00 3.9089 2.8806 1.3570
0.06 0.60 0.16 15.00 3.8533 2.8712 1.3421
0.06 0.70 0.16 15.00 3.7963 2.8652 1.3250
0.06 0.80 0.16 15.00 3.6883 2.8394 1.2990
0.07 0.20 0.16 15.00 4.0308 3.0642 1.3154
0.07 0.30 0.16 15.00 3.9627 2.9974 1.3221
0.07 0.40 0.16 15.00 3.9193 2.9656 1.3216
0.07 0.50 0.16 15.00 3.8684 2.9474 1.3125
0.07 0.60 0.16 15.00 3.8173 2.9464 1.2955
0.07 0.70 0.16 15.00 3.7589 2.9341 1.2811
0.07 0.80 0.16 15.00 3.5988 2.8938 1.2436
0.08 0.20 0.16 15.00 4.0163 3.1818 1.2623
0.08 0.30 0.16 15.00 3.9420 3.0924 1.2747
0.08 0.40 0.16 15.00 3.8833 3.0462 1.2748
0.08 0.50 0.16 15.00 3.8282 3.0268 1.2648
0.08 0.60 0.16 15.00 3.7755 3.0192 1.2505
0.08 0.70 0.16 15.00 3.7039 3.0263 1.2239
0.08 0.80 0.16 15.00 3.5194 2.9354 1.1989
0.09 0.20 0.16 15.00 3.9981 3.3201 1.2042
0.09 0.30 0.16 15.00 3.9111 3.1948 1.2242
0.09 0.40 0.16 15.00 3.8420 3.1400 1.2236
0.09 0.50 0.16 15.00 3.7944 3.1246 1.2144
0.09 0.60 0.16 15.00 3.7408 3.1105 1.2026
0.09 0.70 0.16 15.00 3.6219 3.1191 1.1612
0.09 0.80 0.16 15.00 3.4276 3.0345 1.1295
0.01 0.20 0.18 15.00 3.9554 2.9303 1.3498
0.01 0.30 0.18 15.00 3.9437 2.9249 1.3483
0.01 0.40 0.18 15.00 3.9365 2.9222 1.3471
0.01 0.50 0.18 15.00 3.9301 2.9205 1.3457
0.01 0.60 0.18 15.00 3.9226 2.9188 1.3439
0.01 0.70 0.18 15.00 3.9110 2.9154 1.3415
0.01 0.80 0.18 15.00 3.8883 2.9059 1.3381
0.02 0.20 0.18 15.00 3.9712 2.9557 1.3436
0.02 0.30 0.18 15.00 3.9469 2.9439 1.3407
0.02 0.40 0.18 15.00 3.9315 2.9380 1.3381
0.02 0.50 0.18 15.00 3.9180 2.9344 1.3352
0.02 0.60 0.18 15.00 3.9020 2.9308 1.3314
0.02 0.70 0.18 15.00 3.8795 2.9240 1.3268
0.02 0.80 0.18 15.00 3.8426 2.9095 1.3207
0.03 0.20 0.18 15.00 3.9824 2.9934 1.3304
0.03 0.30 0.18 15.00 3.9456 2.9743 1.3266
0.03 0.40 0.18 15.00 3.9220 2.9644 1.3230
0.03 0.50 0.18 15.00 3.9015 2.9583 1.3188
0.03 0.60 0.18 15.00 3.8817 2.9543 1.3139
0.03 0.70 0.18 15.00 3.8517 2.9483 1.3064
0.03 0.80 0.18 15.00 3.7895 2.9206 1.2975
0.04 0.20 0.18 15.00 3.9891 3.0444 1.3103
0.04 0.30 0.18 15.00 3.9401 3.0155 1.3066
0.04 0.40 0.18 15.00 3.9113 3.0015 1.3031
0.04 0.50 0.18 15.00 3.8877 2.9951 1.2980
0.04 0.60 0.18 15.00 3.8595 2.9907 1.2905
0.04 0.70 0.18 15.00 3.8147 2.9772 1.2813
0.04 0.80 0.18 15.00 3.7369 2.9532 1.2654
0.05 0.20 0.18 15.00 3.9938 3.1082 1.2849
0.05 0.30 0.18 15.00 3.9358 3.0699 1.2821
0.05 0.40 0.18 15.00 3.8986 3.0519 1.2775
0.05 0.50 0.18 15.00 3.8689 3.0422 1.2717
0.05 0.60 0.18 15.00 3.8302 3.0309 1.2637
0.05 0.70 0.18 15.00 3.7646 3.0224 1.2455
0.05 0.80 0.18 15.00 3.6919 2.9905 1.2346
0.06 0.20 0.18 15.00 3.9978 3.1868 1.2545
0.06 0.30 0.18 15.00 3.9265 3.1380 1.2513
0.06 0.40 0.18 15.00 3.8840 3.1117 1.2482
0.06 0.50 0.18 15.00 3.8442 3.0937 1.2426
0.06 0.60 0.18 15.00 3.7915 3.0906 1.2268
0.06 0.70 0.18 15.00 3.7311 3.0866 1.2088
0.06 0.80 0.18 15.00 3.6191 3.0495 1.1868
0.07 0.20 0.18 15.00 3.9956 3.2809 1.2178
0.07 0.30 0.18 15.00 3.9151 3.2158 1.2175
0.07 0.40 0.18 15.00 3.8631 3.1773 1.2159
0.07 0.50 0.18 15.00 3.8119 3.1645 1.2046
0.07 0.60 0.18 15.00 3.7534 3.1598 1.1879
0.07 0.70 0.18 15.00 3.6927 3.1493 1.1725
0.07 0.80 0.18 15.00 3.5325 3.1066 1.1371
0.08 0.20 0.18 15.00 3.9900 3.3879 1.1777
0.08 0.30 0.18 15.00 3.8987 3.3007 1.1812
0.08 0.40 0.18 15.00 3.8358 3.2621 1.1759
0.08 0.50 0.18 15.00 3.7719 3.2418 1.1635
0.08 0.60 0.18 15.00 3.7195 3.2408 1.1477
0.08 0.70 0.18 15.00 3.6381 3.2345 1.1248
0.08 0.80 0.18 15.00 3.4563 3.1497 1.0974
0.09 0.20 0.18 15.00 3.9773 3.5089 1.1335
0.09 0.30 0.18 15.00 3.8763 3.4048 1.1385
0.09 0.40 0.18 15.00 3.8010 3.3566 1.1324
0.09 0.50 0.18 15.00 3.7417 3.3374 1.1212
0.09 0.60 0.18 15.00 3.6827 3.3232 1.1082
0.09 0.70 0.18 15.00 3.5640 3.3251 1.0718
0.09 0.80 0.18 15.00 3.3675 3.2380 1.0400
0.01 0.20 0.20 15.00 3.8787 3.1622 1.2266
0.01 0.30 0.20 15.00 3.8652 3.1556 1.2249
0.01 0.40 0.20 15.00 3.8570 3.1524 1.2235
0.01 0.50 0.20 15.00 3.8505 3.1508 1.2221
0.01 0.60 0.20 15.00 3.8433 3.1497 1.2202
0.01 0.70 0.20 15.00 3.8319 3.1469 1.2177
0.01 0.80 0.20 15.00 3.8096 3.1380 1.2140
0.02 0.20 0.20 15.00 3.9031 3.1932 1.2223
0.02 0.30 0.20 15.00 3.8755 3.1803 1.2186
0.02 0.40 0.20 15.00 3.8577 3.1734 1.2156
0.02 0.50 0.20 15.00 3.8425 3.1691 1.2125
0.02 0.60 0.20 15.00 3.8255 3.1647 1.2088
0.02 0.70 0.20 15.00 3.8000 3.1562 1.2040
0.02 0.80 0.20 15.00 3.7611 3.1350 1.1997
0.03 0.20 0.20 15.00 3.9215 3.2330 1.2129
0.03 0.30 0.20 15.00 3.8793 3.2128 1.2075
0.03 0.40 0.20 15.00 3.8524 3.2015 1.2033
0.03 0.50 0.20 15.00 3.8289 3.1937 1.1989
0.03 0.60 0.20 15.00 3.8025 3.1859 1.1936
0.03 0.70 0.20 15.00 3.7709 3.1738 1.1881
0.03 0.80 0.20 15.00 3.7114 3.1439 1.1805
0.04 0.20 0.20 15.00 3.9359 3.2829 1.1989
0.04 0.30 0.20 15.00 3.8792 3.2540 1.1922
0.04 0.40 0.20 15.00 3.8422 3.2373 1.1868
0.04 0.50 0.20 15.00 3.8129 3.2265 1.1817
0.04 0.60 0.20 15.00 3.7826 3.2167 1.1759
0.04 0.70 0.20 15.00 3.7373 3.2002 1.1678
0.04 0.80 0.20 15.00 3.6594 3.1753 1.1524
0.05 0.20 0.20 15.00 3.9451 3.3437 1.1799
0.05 0.30 0.20 15.00 3.8750 3.3044 1.1727
0.05 0.40 0.20 15.00 3.8327 3.2831 1.1674
0.05 0.50 0.20 15.00 3.7970 3.2688 1.1616
0.05 0.60 0.20 15.00 3.7553 3.2552 1.1536
0.05 0.70 0.20 15.00 3.6961 3.2491 1.1376
0.05 0.80 0.20 15.00 3.6145 3.2128 1.1250
0.06 0.20 0.20 15.00 3.9510 3.4178 1.1560
0.06 0.30 0.20 15.00 3.8722 3.3664 1.1503
0.06 0.40 0.20 15.00 3.8205 3.3378 1.1446
0.06 0.50 0.20 15.00 3.7748 3.3190 1.1373
0.06 0.60 0.20 15.00 3.7248 3.3146 1.1238
0.06 0.70 0.20 15.00 3.6597 3.3091 1.1059
0.06 0.80 0.20 15.00 3.5474 3.2675 1.0857
0.07 0.20 0.20 15.00 3.9575 3.5048 1.1292
0.07 0.30 0.20 15.00 3.8641 3.4383 1.1238
0.07 0.40 0.20 15.00 3.8024 3.4014 1.1179
0.07 0.50 0.20 15.00 3.7502 3.3869 1.1073
0.07 0.60 0.20 15.00 3.6835 3.3780 1.0904
0.07 0.70 0.20 15.00 3.6203 3.3710 1.0740
0.07 0.80 0.20 15.00 3.4660 3.3269 1.0418
0.08 0.20 0.20 15.00 3.9568 3.6035 1.0980
0.08 0.30 0.20 15.00 3.8497 3.5215 1.0932
0.08 0.40 0.20 15.00 3.7825 3.4810 1.0866
0.08 0.50 0.20 15.00 3.7177 3.4657 1.0727
0.08 0.60 0.20 15.00 3.6566 3.4625 1.0561
0.08 0.70 0.20 15.00 3.5691 3.4491 1.0348
0.08 0.80 0.20 15.00 3.3893 3.3681 1.0063
0.09 0.20 0.20 15.00 3.9503 3.7167 1.0628
0.09 0.30 0.20 15.00 3.8350 3.6202 1.0593
0.09 0.40 0.20 15.00 3.7561 3.5745 1.0508
0.09 0.50 0.20 15.00 3.6849 3.5522 1.0374
0.09 0.60 0.20 15.00 3.6189 3.5431 1.0214
0.09 0.70 0.20 15.00 3.5024 3.5368 0.9903
0.09 0.80 0.20 15.00 3.3038 3.4475 0.9583
0.01 0.20 0.22 15.00 3.8019 3.3991 1.1185
0.01 0.30 0.22 15.00 3.7875 3.3920 1.1166
0.01 0.40 0.22 15.00 3.7784 3.3884 1.1151
0.01 0.50 0.22 15.00 3.7704 3.3862 1.1134
0.01 0.60 0.22 15.00 3.7626 3.3849 1.1116
0.01 0.70 0.22 15.00 3.7520 3.3832 1.1090
0.01 0.80 0.22 15.00 3.7314 3.3758 1.1053
0.02 0.20 0.22 15.00 3.8297 3.4327 1.1156
0.02 0.30 0.22 15.00 3.8004 3.4187 1.1116
0.02 0.40 0.22 15.00 3.7819 3.4116 1.1085
0.02 0.50 0.22 15.00 3.7665 3.4072 1.1054
0.02 0.60 0.22 15.00 3.7493 3.4028 1.1018
0.02 0.70 0.22 15.00 3.7242 3.3942 1.0972
0.02 0.80 0.22 15.00 3.6795 3.3656 1.0932
0.03 0.20 0.22 15.00 3.8567 3.4760 1.1095
0.03 0.30 0.22 15.00 3.8098 3.4541 1.1030
0.03 0.40 0.22 15.00 3.7807 3.4417 1.0985
0.03 0.50 0.22 15.00 3.7557 3.4329 1.0940
0.03 0.60 0.22 15.00 3.7276 3.4232 1.0889
0.03 0.70 0.22 15.00 3.6916 3.4033 1.0847
0.03 0.80 0.22 15.00 3.6319 3.3723 1.0770
0.04 0.20 0.22 15.00 3.8786 3.5259 1.1000
0.04 0.30 0.22 15.00 3.8154 3.4964 1.0912
0.04 0.40 0.22 15.00 3.7740 3.4778 1.0852
0.04 0.50 0.22 15.00 3.7392 3.4634 1.0796
0.04 0.60 0.22 15.00 3.7052 3.4467 1.0750
0.04 0.70 0.22 15.00 3.6574 3.4301 1.0663
0.04 0.80 0.22 15.00 3.5805 3.4005 1.0529
0.05 0.20 0.22 15.00 3.8955 3.5850 1.0866
0.05 0.30 0.22 15.00 3.8163 3.5454 1.0764
0.05 0.40 0.22 15.00 3.7636 3.5204 1.0691
0.05 0.50 0.22 15.00 3.7235 3.4998 1.0639
0.05 0.60 0.22 15.00 3.6787 3.4857 1.0553
0.05 0.70 0.22 15.00 3.6242 3.4771 1.0423
0.05 0.80 0.22 15.00 3.5352 3.4416 1.0272
0.06 0.20 0.22 15.00 3.9069 3.6541 1.0692
0.06 0.30 0.22 15.00 3.8134 3.6021 1.0586
0.06 0.40 0.22 15.00 3.7550 3.5696 1.0520
0.06 0.50 0.22 15.00 3.7032 3.5504 1.0431
0.06 0.60 0.22 15.00 3.6539 3.5413 1.0318
0.06 0.70 0.22 15.00 3.5847 3.5333 1.0146
0.06 0.80 0.22 15.00 3.4726 3.4887 0.9954
0.07 0.20 0.22 15.00 3.9131 3.7357 1.0475
0.07 0.30 0.22 15.00 3.8109 3.6676 1.0391
0.07 0.40 0.22 15.00 3.7395 3.6323 1.0295
0.07 0.50 0.22 15.00 3.6845 3.6141 1.0195
0.07 0.60 0.22 15.00 3.6192 3.6079 1.0031
0.07 0.70 0.22 15.00 3.5471 3.6003 0.9852
0.07 0.80 0.22 15.00 3.3964 3.5471 0.9575
0.08 0.20 0.22 15.00 3.9206 3.8279 1.0242
0.08 0.30 0.22 15.00 3.8015 3.7476 1.0144
0.08 0.40 0.22 15.00 3.7246 3.7071 1.0047
0.08 0.50 0.22 15.00 3.6589 3.6921 0.9910
0.08 0.60 0.22 15.00 3.5889 3.6855 0.9738
0.08 0.70 0.22 15.00 3.4973 3.6700 0.9529
0.08 0.80 0.22 15.00 3.3231 3.5875 0.9263
0.09 0.20 0.22 15.00 3.9192 3.9357 0.9958
0.09 0.30 0.22 15.00 3.7895 3.8405 0.9867
0.09 0.40 0.22 15.00 3.7058 3.7968 0.9760
0.09 0.50 0.22 15.00 3.6240 3.7738 0.9603
0.09 0.60 0.22 15.00 3.5551 3.7714 0.9426
0.09 0.70 0.22 15.00 3.4380 3.7541 0.9158
0.09 0.80 0.22 15.00 3.2369 3.6613 0.8841
0.01 0.20 0.24 15.00 3.7236 3.6409 1.0227
0.01 0.30 0.24 15.00 3.7074 3.6330 1.0205
0.01 0.40 0.24 15.00 3.6972 3.6288 1.0189
0.01 0.50 0.24 15.00 3.6891 3.6263 1.0173
0.01 0.60 0.24 15.00 3.6811 3.6246 1.0156
0.01 0.70 0.24 15.00 3.6697 3.6223 1.0131
0.01 0.80 0.24 15.00 3.6513 3.6167 1.0096
0.02 0.20 0.24 15.00 3.7575 3.6755 1.0223
0.02 0.30 0.24 15.00 3.7253 3.6604 1.0177
0.02 0.40 0.24 15.00 3.7038 3.6521 1.0141
0.02 0.50 0.24 15.00 3.6875 3.6475 1.0109
0.02 0.60 0.24 15.00 3.6710 3.6443 1.0073
0.02 0.70 0.24 15.00 3.6465 3.6359 1.0029
0.02 0.80 0.24 15.00 3.5989 3.6052 0.9983
0.03 0.20 0.24 15.00 3.7877 3.7199 1.0182
0.03 0.30 0.24 15.00 3.7392 3.6967 1.0115
0.03 0.40 0.24 15.00 3.7080 3.6843 1.0064
0.03 0.50 0.24 15.00 3.6817 3.6752 1.0018
0.03 0.60 0.24 15.00 3.6531 3.6643 0.9969
0.03 0.70 0.24 15.00 3.6110 3.6428 0.9913
0.03 0.80 0.24 15.00 3.5517 3.6086 0.9842
0.04 0.20 0.24 15.00 3.8173 3.7727 1.0118
0.04 0.30 0.24 15.00 3.7490 3.7411 1.0021
0.04 0.40 0.24 15.00 3.7058 3.7204 0.9961
0.04 0.50 0.24 15.00 3.6688 3.7033 0.9907
0.04 0.60 0.24 15.00 3.6272 3.6857 0.9841
0.04 0.70 0.24 15.00 3.5793 3.6657 0.9764
0.04 0.80 0.24 15.00 3.5039 3.6348 0.9640
0.05 0.20 0.24 15.00 3.8416 3.8307 1.0028
0.05 0.30 0.24 15.00 3.7540 3.7896 0.9906
0.05 0.40 0.24 15.00 3.6977 3.7602 0.9834
0.05 0.50 0.24 15.00 3.6499 3.7384 0.9763
0.05 0.60 0.24 15.00 3.6056 3.7220 0.9687
0.05 0.70 0.24 15.00 3.5503 3.7079 0.9575
0.05 0.80 0.24 15.00 3.4599 3.6776 0.9408
0.06 0.20 0.24 15.00 3.8609 3.8961 0.9910
0.06 0.30 0.24 15.00 3.7560 3.8425 0.9775
0.06 0.40 0.24 15.00 3.6861 3.8093 0.9677
0.06 0.50 0.24 15.00 3.6344 3.7862 0.9599
0.06 0.60 0.24 15.00 3.5817 3.7718 0.9496
0.06 0.70 0.24 15.00 3.5064 3.7584 0.9329
0.06 0.80 0.24 15.00 3.3973 3.7143 0.9147
0.07 0.20 0.24 15.00 3.8730 3.9706 0.9754
0.07 0.30 0.24 15.00 3.7533 3.9068 0.9607
0.07 0.40 0.24 15.00 3.6764 3.8696 0.9501
0.07 0.50 0.24 15.00 3.6135 3.8464 0.9394
0.07 0.60 0.24 15.00 3.5530 3.8379 0.9258
0.07 0.70 0.24 15.00 3.4757 3.8320 0.9070
0.07 0.80 0.24 15.00 3.3264 3.7714 0.8820
0.08 0.20 0.24 15.00 3.8780 4.0612 0.9549
0.08 0.30 0.24 15.00 3.7515 3.9821 0.9421
0.08 0.40 0.24 15.00 3.6628 3.9402 0.9296
0.08 0.50 0.24 15.00 3.5946 3.9207 0.9168
0.08 0.60 0.24 15.00 3.5181 3.9108 0.8996
0.08 0.70 0.24 15.00 3.4249 3.8950 0.8793
0.08 0.80 0.24 15.00 3.2526 3.8245 0.8504
0.09 0.20 0.24 15.00 3.8864 4.1648 0.9332
0.09 0.30 0.24 15.00 3.7439 4.0692 0.9200
0.09 0.40 0.24 15.00 3.6508 4.0247 0.9071
0.09 0.50 0.24 15.00 3.5663 4.0043 0.8906
0.09 0.60 0.24 15.00 3.4879 4.0006 0.8718
0.09 0.70 0.24 15.00 3.3702 3.9752 0.8478
0.09 0.80 0.24 15.00 3.1707 3.8786 0.8175
0.01 0.20 0.26 15.00 3.6434 3.8852 0.9378
0.01 0.30 0.26 15.00 3.6252 3.8769 0.9351
0.01 0.40 0.26 15.00 3.6146 3.8722 0.9335
0.01 0.50 0.26 15.00 3.6062 3.8693 0.9320
0.01 0.60 0.26 15.00 3.5977 3.8670 0.9304
0.01 0.70 0.26 15.00 3.5867 3.8643 0.9282
0.01 0.80 0.26 15.00 3.5677 3.8585 0.9247
0.02 0.20 0.26 15.00 3.6804 3.9203 0.9388
0.02 0.30 0.26 15.00 3.6456 3.9040 0.9338
0.02 0.40 0.26 15.00 3.6233 3.8949 0.9303
0.02 0.50 0.26 15.00 3.6062 3.8898 0.9271
0.02 0.60 0.26 15.00 3.5882 3.8859 0.9234
0.02 0.70 0.26 15.00 3.5664 3.8781 0.9196
0.02 0.80 0.26 15.00 3.5205 3.8501 0.9144
0.03 0.20 0.26 15.00 3.7166 3.9645 0.9375
0.03 0.30 0.26 15.00 3.6632 3.9403 0.9297
0.03 0.40 0.26 15.00 3.6297 3.9268 0.9243
0.03 0.50 0.26 15.00 3.6034 3.9182 0.9196
0.03 0.60 0.26 15.00 3.5738 3.9053 0.9151
0.03 0.70 0.26 15.00 3.5331 3.8864 0.9091
0.03 0.80 0.26 15.00 3.4698 3.8479 0.9017
0.04 0.20 0.26 15.00 3.7502 4.0172 0.9335
0.04 0.30 0.26 15.00 3.6793 3.9847 0.9234
0.04 0.40 0.26 15.00 3.6328 3.9625 0.9168
0.04 0.50 0.26 15.00 3.5928 3.9459 0.9105
0.04 0.60 0.26 15.00 3.5509 3.9289 0.9038
0.04 0.70 0.26 15.00 3.5002 3.9052 0.8963
0.04 0.80 0.26 15.00 3.4269 3.8730 0.8848
0.05 0.20 0.26 15.00 3.7819 4.0774 0.9275
0.05 0.30 0.26 15.00 3.6894 4.0311 0.9152
0.05 0.40 0.26 15.00 3.6284 4.0031 0.9064
0.05 0.50 0.26 15.00 3.5773 3.9816 0.8984
0.05 0.60 0.26 15.00 3.5271 3.9612 0.8904
0.05 0.70 0.26 15.00 3.4714 3.9422 0.8806
0.05 0.80 0.26 15.00 3.3795 3.9135 0.8635
0.06 0.20 0.26 15.00 3.8076 4.1407 0.9195
0.06 0.30 0.26 15.00 3.6947 4.0866 0.9041
0.06 0.40 0.26 15.00 3.6202 4.0511 0.8936
0.06 0.50 0.26 15.00 3.5603 4.0257 0.8844
0.06 0.60 0.26 15.00 3.5032 4.0068 0.8743
0.06 0.70 0.26 15.00 3.4339 3.9956 0.8594
0.06 0.80 0.26 15.00 3.3186 3.9459 0.8410
0.07 0.20 0.26 15.00 3.8282 4.2140 0.9084
0.07 0.30 0.26 15.00 3.6955 4.1499 0.8905
0.07 0.40 0.26 15.00 3.6102 4.1080 0.8788
0.07 0.50 0.26 15.00 3.5429 4.0811 0.8681
0.07 0.60 0.26 15.00 3.4810 4.0693 0.8554
0.07 0.70 0.26 15.00 3.3975 4.0626 0.8363
0.07 0.80 0.26 15.00 3.2527 3.9992 0.8133
0.08 0.20 0.26 15.00 3.8412 4.2999 0.8933
0.08 0.30 0.26 15.00 3.6956 4.2220 0.8753
0.08 0.40 0.26 15.00 3.6012 4.1761 0.8623
0.08 0.50 0.26 15.00 3.5274 4.1506 0.8498
0.08 0.60 0.26 15.00 3.4467 4.1402 0.8325
0.08 0.70 0.26 15.00 3.3471 4.1236 0.8117
0.08 0.80 0.26 15.00 3.1789 4.0562 0.7837
0.09 0.20 0.26 15.00 3.8469 4.3998 0.8743
0.09 0.30 0.26 15.00 3.6953 4.3051 0.8584
0.09 0.40 0.26 15.00 3.5860 4.2549 0.8428
0.09 0.50 0.26 15.00 3.5042 4.2325 0.8279
0.09 0.60 0.26 15.00 3.4160 4.2258 0.8084
0.09 0.70 0.26 15.00 3.2994 4.1967 0.7862
0.09 0.80 0.26 15.00 3.1013 4.1005 0.7563
0.01 0.20 0.28 15.00 3.5635 4.1321 0.8624
0.01 0.30 0.28 15.00 3.5451 4.1226 0.8599
0.01 0.40 0.28 15.00 3.5328 4.1170 0.8581
0.01 0.50 0.28 15.00 3.5227 4.1132 0.8564
0.01 0.60 0.28 15.00 3.5120 4.1104 0.8544
0.01 0.70 0.28 15.00 3.5003 4.1073 0.8522
0.01 0.80 0.28 15.00 3.4822 4.1010 0.8491
0.02 0.20 0.28 15.00 3.6016 4.1687 0.8640
0.02 0.30 0.28 15.00 3.5645 4.1506 0.8588
0.02 0.40 0.28 15.00 3.5407 4.1401 0.8552
0.02 0.50 0.28 15.00 3.5219 4.1334 0.8521
0.02 0.60 0.28 15.00 3.5046 4.1286 0.8489
0.02 0.70 0.28 15.00 3.4802 4.1188 0.8449
0.02 0.80 0.28 15.00 3.4391 4.0960 0.8396
0.03 0.20 0.28 15.00 3.6421 4.2133 0.8644
0.03 0.30 0.28 15.00 3.5857 4.1872 0.8564
0.03 0.40 0.28 15.00 3.5501 4.1718 0.8510
0.03 0.50 0.28 15.00 3.5200 4.1591 0.8463
0.03 0.60 0.28 15.00 3.4919 4.1501 0.8414
0.03 0.70 0.28 15.00 3.4531 4.1323 0.8356
0.03 0.80 0.28 15.00 3.3881 4.0908 0.8282
0.04 0.20 0.28 15.00 3.6820 4.2657 0.8632
0.04 0.30 0.28 15.00 3.6041 4.2284 0.8524
0.04 0.40 0.28 15.00 3.5541 4.2074 0.8447
0.04 0.50 0.28 15.00 3.5143 4.1921 0.8383
0.04 0.60 0.28 15.00 3.4729 4.1751 0.8318
0.04 0.70 0.28 15.00 3.4179 4.1484 0.8239
0.04 0.80 0.28 15.00 3.3471 4.1128 0.8138
0.05 0.20 0.28 15.00 3.7165 4.3232 0.8597
0.05 0.30 0.28 15.00 3.6199 4.2790 0.8460
0.05 0.40 0.28 15.00 3.5556 4.2505 0.8365
0.05 0.50 0.28 15.00 3.5030 4.2282 0.8285
0.05 0.60 0.28 15.00 3.4472 4.2052 0.8197
0.05 0.70 0.28 15.00 3.3878 4.1814 0.8102
0.05 0.80 0.28 15.00 3.2952 4.1501 0.7940
0.06 0.20 0.28 15.00 3.7497 4.3907 0.8540
0.06 0.30 0.28 15.00 3.6312 4.3342 0.8378
0.06 0.40 0.28 15.00 3.5521 4.2986 0.8263
0.06 0.50 0.28 15.00 3.4853 4.2704 0.8161
0.06 0.60 0.28 15.00 3.4268 4.2478 0.8067
0.06 0.70 0.28 15.00 3.3574 4.2339 0.7930
0.06 0.80 0.28 15.00 3.2374 4.1819 0.7741
0.07 0.20 0.28 15.00 3.7783 4.4638 0.8464
0.07 0.30 0.28 15.00 3.6380 4.3964 0.8275
0.07 0.40 0.28 15.00 3.5440 4.3526 0.8142
0.07 0.50 0.28 15.00 3.4711 4.3225 0.8030
0.07 0.60 0.28 15.00 3.4052 4.3052 0.7909
0.07 0.70 0.28 15.00 3.3159 4.2947 0.7721
0.07 0.80 0.28 15.00 3.1764 4.2310 0.7508
0.08 0.20 0.28 15.00 3.8002 4.5451 0.8361
0.08 0.30 0.28 15.00 3.6401 4.4667 0.8149
0.08 0.40 0.28 15.00 3.5355 4.4165 0.8005
0.08 0.50 0.28 15.00 3.4537 4.3869 0.7873
0.08 0.60 0.28 15.00 3.3758 4.3764 0.7714
0.08 0.70 0.28 15.00 3.2711 4.3596 0.7503
0.08 0.80 0.28 15.00 3.1020 4.2870 0.7236
0.09 0.20 0.28 15.00 3.8137 4.6390 0.8221
0.09 0.30 0.28 15.00 3.6410 4.5456 0.8010
0.09 0.40 0.28 15.00 3.5250 4.4916 0.7848
0.09 0.50 0.28 15.00 3.4379 4.4654 0.7699
0.09 0.60 0.28 15.00 3.3401 4.4543 0.7499
0.09 0.70 0.28 15.00 3.2251 4.4257 0.7287
0.09 0.80 0.28 15.00 3.0293 4.3276 0.7000
0.01 0.20 0.30 15.00 3.4804 4.3834 0.7940
0.01 0.30 0.30 15.00 3.4612 4.3730 0.7915
0.01 0.40 0.30 15.00 3.4484 4.3664 0.7898
0.01 0.50 0.30 15.00 3.4384 4.3618 0.7883
0.01 0.60 0.30 15.00 3.4290 4.3581 0.7868
0.01 0.70 0.30 15.00 3.4165 4.3538 0.7847
0.01 0.80 0.30 15.00 3.3948 4.3462 0.7811
0.02 0.20 0.30 15.00 3.5254 4.4202 0.7976
0.02 0.30 0.30 15.00 3.4859 4.4002 0.7922
0.02 0.40 0.30 15.00 3.4591 4.3881 0.7883
0.02 0.50 0.30 15.00 3.4376 4.3799 0.7849
0.02 0.60 0.30 15.00 3.4170 4.3737 0.7813
0.02 0.70 0.30 15.00 3.3941 4.3659 0.7774
0.02 0.80 0.30 15.00 3.3568 4.3467 0.7722
0.03 0.20 0.30 15.00 3.5662 4.4646 0.7988
0.03 0.30 0.30 15.00 3.5060 4.4363 0.7903
0.03 0.40 0.30 15.00 3.4661 4.4183 0.7845
0.03 0.50 0.30 15.00 3.4359 4.4066 0.7797
0.03 0.60 0.30 15.00 3.4070 4.3973 0.7748
0.03 0.70 0.30 15.00 3.3715 4.3827 0.7693
0.03 0.80 0.30 15.00 3.3042 4.3404 0.7613
0.04 0.20 0.30 15.00 3.6080 4.5163 0.7989
0.04 0.30 0.30 15.00 3.5267 4.4786 0.7875
0.04 0.40 0.30 15.00 3.4734 4.4561 0.7795
0.04 0.50 0.30 15.00 3.4336 4.4410 0.7732
0.04 0.60 0.30 15.00 3.3932 4.4252 0.7668
0.04 0.70 0.30 15.00 3.3369 4.3976 0.7588
0.04 0.80 0.30 15.00 3.2629 4.3570 0.7489
0.05 0.20 0.30 15.00 3.6497 4.5750 0.7977
0.05 0.30 0.30 15.00 3.5462 4.5289 0.7830
0.05 0.40 0.30 15.00 3.4802 4.5010 0.7732
0.05 0.50 0.30 15.00 3.4264 4.4789 0.7650
0.05 0.60 0.30 15.00 3.3702 4.4548 0.7565
0.05 0.70 0.30 15.00 3.3052 4.4272 0.7466
0.05 0.80 0.30 15.00 3.2088 4.3894 0.7310
0.06 0.20 0.30 15.00 3.6880 4.6425 0.7944
0.06 0.30 0.30 15.00 3.5645 4.5860 0.7773
0.06 0.40 0.30 15.00 3.4811 4.5495 0.7652
0.06 0.50 0.30 15.00 3.4128 4.5203 0.7550
0.06 0.60 0.30 15.00 3.3464 4.4941 0.7446
0.06 0.70 0.30 15.00 3.2770 4.4748 0.7323
0.06 0.80 0.30 15.00 3.1535 4.4233 0.7129
0.07 0.20 0.30 15.00 3.7240 4.7170 0.7895
0.07 0.30 0.30 15.00 3.5768 4.6475 0.7696
0.07 0.40 0.30 15.00 3.4770 4.6031 0.7554
0.07 0.50 0.30 15.00 3.3955 4.5696 0.7431
0.07 0.60 0.30 15.00 3.3241 4.5470 0.7311
0.07 0.70 0.30 15.00 3.2285 4.5279 0.7130
0.07 0.80 0.30 15.00 3.0983 4.4682 0.6934
0.08 0.20 0.30 15.00 3.7536 4.7972 0.7825
0.08 0.30 0.30 15.00 3.5843 4.7153 0.7602
0.08 0.40 0.30 15.00 3.4680 4.6638 0.7436
0.08 0.50 0.30 15.00 3.3801 4.6305 0.7300
0.08 0.60 0.30 15.00 3.3004 4.6147 0.7152
0.08 0.70 0.30 15.00 3.1939 4.5995 0.6944
0.08 0.80 0.30 15.00 3.0266 4.5254 0.6688
0.09 0.20 0.30 15.00 3.7756 4.8861 0.7727
0.09 0.30 0.30 15.00 3.5853 4.7918 0.7482
0.09 0.40 0.30 15.00 3.4618 4.7347 0.7311
0.09 0.50 0.30 15.00 3.3664 4.7037 0.7157
0.09 0.60 0.30 15.00 3.2604 4.6870 0.6956
0.09 0.70 0.30 15.00 3.1476 4.6606 0.6754
0.09 0.80 0.30 15.00 2.9545 4.5596 0.6480
0.01 0.20 0.32 15.00 3.3959 4.6417 0.7316
0.01 0.30 0.32 15.00 3.3757 4.6305 0.7290
0.01 0.40 0.32 15.00 3.3623 4.6234 0.7272
0.01 0.50 0.32 15.00 3.3519 4.6183 0.7258
0.01 0.60 0.32 15.00 3.3423 4.6138 0.7244
0.01 0.70 0.32 15.00 3.3286 4.6095 0.7221
0.01 0.80 0.32 15.00 3.3074 4.5990 0.7191
0.02 0.20 0.32 15.00 3.4448 4.6804 0.7360
0.02 0.30 0.32 15.00 3.4026 4.6593 0.7303
0.02 0.40 0.32 15.00 3.3743 4.6448 0.7265
0.02 0.50 0.32 15.00 3.3523 4.6344 0.7233
0.02 0.60 0.32 15.00 3.3291 4.6258 0.7197
0.02 0.70 0.32 15.00 3.3063 4.6169 0.7161
0.02 0.80 0.32 15.00 3.2721 4.6008 0.7112
0.03 0.20 0.32 15.00 3.4897 4.7236 0.7388
0.03 0.30 0.32 15.00 3.4259 4.6917 0.7302
0.03 0.40 0.32 15.00 3.3816 4.6720 0.7238
0.03 0.50 0.32 15.00 3.3502 4.6583 0.7192
0.03 0.60 0.32 15.00 3.3216 4.6486 0.7145
0.03 0.70 0.32 15.00 3.2876 4.6364 0.7091
0.03 0.80 0.32 15.00 3.2218 4.5957 0.7010
0.04 0.20 0.32 15.00 3.5325 4.7736 0.7400
0.04 0.30 0.32 15.00 3.4479 4.7329 0.7285
0.04 0.40 0.32 15.00 3.3926 4.7084 0.7205
0.04 0.50 0.32 15.00 3.3500 4.6925 0.7139
0.04 0.60 0.32 15.00 3.3109 4.6790 0.7076
0.04 0.70 0.32 15.00 3.2564 4.6532 0.6998
0.04 0.80 0.32 15.00 3.1757 4.6078 0.6892
0.05 0.20 0.32 15.00 3.5793 4.8319 0.7408
0.05 0.30 0.32 15.00 3.4718 4.7827 0.7259
0.05 0.40 0.32 15.00 3.4014 4.7533 0.7156
0.05 0.50 0.32 15.00 3.3474 4.7326 0.7073
0.05 0.60 0.32 15.00 3.2912 4.7093 0.6989
0.05 0.70 0.32 15.00 3.2227 4.6789 0.6888
0.05 0.80 0.32 15.00 3.1211 4.6340 0.6735
0.06 0.20 0.32 15.00 3.6245 4.8977 0.7400
0.06 0.30 0.32 15.00 3.4931 4.8399 0.7217
0.06 0.40 0.32 15.00 3.4072 4.8036 0.7093
0.06 0.50 0.32 15.00 3.3368 4.7743 0.6989
0.06 0.60 0.32 15.00 3.2652 4.7461 0.6880
0.06 0.70 0.32 15.00 3.1923 4.7198 0.6764
0.06 0.80 0.32 15.00 3.0732 4.6734 0.6576
0.07 0.20 0.32 15.00 3.6651 4.9727 0.7371
0.07 0.30 0.32 15.00 3.5117 4.9025 0.7163
0.07 0.40 0.32 15.00 3.4067 4.8570 0.7014
0.07 0.50 0.32 15.00 3.3206 4.8216 0.6887
0.07 0.60 0.32 15.00 3.2430 4.7949 0.6763
0.07 0.70 0.32 15.00 3.1501 4.7743 0.6598
0.07 0.80 0.32 15.00 3.0170 4.7090 0.6407
0.08 0.20 0.32 15.00 3.7019 5.0536 0.7325
0.08 0.30 0.32 15.00 3.5244 4.9692 0.7093
0.08 0.40 0.32 15.00 3.4014 4.9163 0.6919
0.08 0.50 0.32 15.00 3.3060 4.8793 0.6776
0.08 0.60 0.32 15.00 3.2211 4.8568 0.6632
0.08 0.70 0.32 15.00 3.1128 4.8407 0.6431
0.08 0.80 0.32 15.00 2.9484 4.7644 0.6188
0.09 0.20 0.32 15.00 3.7313 5.1393 0.7260
0.09 0.30 0.32 15.00 3.5319 5.0431 0.7003
0.09 0.40 0.32 15.00 3.3941 4.9841 0.6810
0.09 0.50 0.32 15.00 3.2894 4.9468 0.6649
0.09 0.60 0.32 15.00 3.1861 4.9290 0.6464
0.09 0.70 0.32 15.00 3.0667 4.9000 0.6259
0.09 0.80 0.32 15.00 2.8828 4.7970 0.6010
0.01 0.20 0.34 15.00 3.3119 4.9060 0.6751
0.01 0.30 0.34 15.00 3.2901 4.8945 0.6722
0.01 0.40 0.34 15.00 3.2751 4.8863 0.6703
0.01 0.50 0.34 15.00 3.2631 4.8801 0.6687
0.01 0.60 0.34 15.00 3.2522 4.8744 0.6672
0.01 0.70 0.34 15.00 3.2399 4.8681 0.6655
0.01 0.80 0.34 15.00 3.2215 4.8573 0.6632
0.02 0.20 0.34 15.00 3.3594 4.9432 0.6796
0.02 0.30 0.34 15.00 3.3165 4.9197 0.6741
0.02 0.40 0.34 15.00 3.2877 4.9046 0.6703
0.02 0.50 0.34 15.00 3.2652 4.8933 0.6673
0.02 0.60 0.34 15.00 3.2451 4.8839 0.6644
0.02 0.70 0.34 15.00 3.2191 4.8737 0.6605
0.02 0.80 0.34 15.00 3.1850 4.8574 0.6557
0.03 0.20 0.34 15.00 3.4096 4.9865 0.6838
0.03 0.30 0.34 15.00 3.3443 4.9525 0.6753
0.03 0.40 0.34 15.00 3.3009 4.9309 0.6694
0.03 0.50 0.34 15.00 3.2651 4.9157 0.6642
0.03 0.60 0.34 15.00 3.2350 4.9038 0.6597
0.03 0.70 0.34 15.00 3.2008 4.8922 0.6542
0.03 0.80 0.34 15.00 3.1398 4.8573 0.6464
0.04 0.20 0.34 15.00 3.4600 5.0365 0.6870
0.04 0.30 0.34 15.00 3.3698 4.9928 0.6749
0.04 0.40 0.34 15.00 3.3100 4.9659 0.6666
0.04 0.50 0.34 15.00 3.2659 4.9479 0.6601
0.04 0.60 0.34 15.00 3.2255 4.9344 0.6537
0.04 0.70 0.34 15.00 3.1740 4.9123 0.6461
0.04 0.80 0.34 15.00 3.0875 4.8626 0.6349
0.05 0.20 0.34 15.00 3.5068 5.0933 0.6885
0.05 0.30 0.34 15.00 3.3950 5.0409 0.6735
0.05 0.40 0.34 15.00 3.3213 5.0092 0.6630
0.05 0.50 0.34 15.00 3.2646 4.9882 0.6545
0.05 0.60 0.34 15.00 3.2095 4.9675 0.6461
0.05 0.70 0.34 15.00 3.1369 4.9350 0.6356
0.05 0.80 0.34 15.00 3.0387 4.8878 0.6217
0.06 0.20 0.34 15.00 3.5563 5.1584 0.6894
0.06 0.30 0.34 15.00 3.4200 5.0970 0.6710
0.06 0.40 0.34 15.00 3.3295 5.0599 0.6580
0.06 0.50 0.34 15.00 3.2583 5.0321 0.6475
0.06 0.60 0.34 15.00 3.1853 5.0032 0.6367
0.06 0.70 0.34 15.00 3.1037 4.9706 0.6244
0.06 0.80 0.34 15.00 2.9909 4.9262 0.6072
0.07 0.20 0.34 15.00 3.6024 5.2312 0.6886
0.07 0.30 0.34 15.00 3.4417 5.1597 0.6670
0.07 0.40 0.34 15.00 3.3336 5.1147 0.6518
0.07 0.50 0.34 15.00 3.2451 5.0793 0.6389
0.07 0.60 0.34 15.00 3.1611 5.0470 0.6263
0.07 0.70 0.34 15.00 3.0686 5.0224 0.6110
0.07 0.80 0.34 15.00 2.9334 4.9558 0.5919
0.08 0.20 0.34 15.00 3.6445 5.3121 0.6861
0.08 0.30 0.34 15.00 3.4601 5.2275 0.6619
0.08 0.40 0.34 15.00 3.3318 5.1733 0.6440
0.08 0.50 0.34 15.00 3.2278 5.1326 0.6289
0.08 0.60 0.34 15.00 3.1357 5.1030 0.6145
0.08 0.70 0.34 15.00 3.0285 5.0837 0.5957
0.08 0.80 0.34 15.00 2.8681 5.0067 0.5729
0.09 0.20 0.34 15.00 3.6816 5.3997 0.6818
0.09 0.30 0.34 15.00 3.4731 5.2997 0.6553
0.09 0.40 0.34 15.00 3.3257 5.2378 0.6349
0.09 0.50 0.34 15.00 3.2136 5.1957 0.6185
0.09 0.60 0.34 15.00 3.1087 5.1730 0.6009
0.09 0.70 0.34 15.00 2.9871 5.1474 0.5803
0.09 0.80 0.34 15.00 2.8024 5.0524 0.5547
0.01 0.20 0.36 15.00 3.2256 5.1727 0.6236
0.01 0.30 0.36 15.00 3.2034 5.1598 0.6208
0.01 0.40 0.36 15.00 3.1878 5.1510 0.6189
0.01 0.50 0.36 15.00 3.1756 5.1445 0.6173
0.01 0.60 0.36 15.00 3.1642 5.1386 0.6158
0.01 0.70 0.36 15.00 3.1516 5.1317 0.6141
0.01 0.80 0.36 15.00 3.1339 5.1208 0.6120
0.02 0.20 0.36 15.00 3.2761 5.2105 0.6288
0.02 0.30 0.36 15.00 3.2317 5.1857 0.6232
0.02 0.40 0.36 15.00 3.2014 5.1693 0.6193
0.02 0.50 0.36 15.00 3.1783 5.1571 0.6163
0.02 0.60 0.36 15.00 3.1578 5.1467 0.6136
0.02 0.70 0.36 15.00 3.1346 5.1356 0.6104
0.02 0.80 0.36 15.00 3.0980 5.1182 0.6053
0.03 0.20 0.36 15.00 3.3285 5.2539 0.6335
0.03 0.30 0.36 15.00 3.2617 5.2182 0.6251
0.03 0.40 0.36 15.00 3.2164 5.1949 0.6191
0.03 0.50 0.36 15.00 3.1820 5.1784 0.6145
0.03 0.60 0.36 15.00 3.1475 5.1651 0.6094
0.03 0.70 0.36 15.00 3.1138 5.1525 0.6043
0.03 0.80 0.36 15.00 3.0561 5.1227 0.5966
0.04 0.20 0.36 15.00 3.3826 5.3036 0.6378
0.04 0.30 0.36 15.00 3.2911 5.2574 0.6260
0.04 0.40 0.36 15.00 3.2291 5.2281 0.6176
0.04 0.50 0.36 15.00 3.1804 5.2082 0.6107
0.04 0.60 0.36 15.00 3.1394 5.1942 0.6044
0.04 0.70 0.36 15.00 3.0896 5.1761 0.5969
0.04 0.80 0.36 15.00 3.0005 5.1229 0.5857
0.05 0.20 0.36 15.00 3.4359 5.3604 0.6410
0.05 0.30 0.36 15.00 3.3162 5.3040 0.6252
0.05 0.40 0.36 15.00 3.2386 5.2692 0.6146
0.05 0.50 0.36 15.00 3.1808 5.2475 0.6062
0.05 0.60 0.36 15.00 3.1262 5.2297 0.5978
0.05 0.70 0.36 15.00 3.0518 5.1955 0.5874
0.05 0.80 0.36 15.00 2.9546 5.1454 0.5742
0.06 0.20 0.36 15.00 3.4853 5.4238 0.6426
0.06 0.30 0.36 15.00 3.3433 5.3577 0.6240
0.06 0.40 0.36 15.00 3.2487 5.3193 0.6107
0.06 0.50 0.36 15.00 3.1769 5.2932 0.6002
0.06 0.60 0.36 15.00 3.1037 5.2645 0.5896
0.06 0.70 0.36 15.00 3.0156 5.2262 0.5770
0.06 0.80 0.36 15.00 2.9053 5.1810 0.5608
0.07 0.20 0.36 15.00 3.5366 5.4944 0.6437
0.07 0.30 0.36 15.00 3.3684 5.4201 0.6215
0.07 0.40 0.36 15.00 3.2568 5.3754 0.6059
0.07 0.50 0.36 15.00 3.1663 5.3399 0.5929
0.07 0.60 0.36 15.00 3.0750 5.3035 0.5798
0.07 0.70 0.36 15.00 2.9846 5.2740 0.5659
0.07 0.80 0.36 15.00 2.8494 5.2091 0.5470
0.08 0.20 0.36 15.00 3.5836 5.5746 0.6428
0.08 0.30 0.36 15.00 3.3917 5.4884 0.6180
0.08 0.40 0.36 15.00 3.2588 5.4338 0.5997
0.08 0.50 0.36 15.00 3.1493 5.3898 0.5843
0.08 0.60 0.36 15.00 3.0502 5.3546 0.5696
0.08 0.70 0.36 15.00 2.9418 5.3294 0.5520
0.08 0.80 0.36 15.00 2.7865 5.2540 0.5304
0.09 0.20 0.36 15.00 3.6248 5.6625 0.6401
0.09 0.30 0.36 15.00 3.4092 5.5608 0.6131
0.09 0.40 0.36 15.00 3.2554 5.4962 0.5923
0.09 0.50 0.36 15.00 3.1324 5.4481 0.5749
0.09 0.60 0.36 15.00 3.0275 5.4199 0.5586
0.09 0.70 0.36 15.00 2.9067 5.3983 0.5385
0.09 0.80 0.36 15.00 2.7212 5.3036 0.5131
0.01 0.20 0.38 15.00 3.1413 5.4439 0.5770
0.01 0.30 0.38 15.00 3.1184 5.4305 0.5742
0.01 0.40 0.38 15.00 3.1022 5.4212 0.5722
0.01 0.50 0.38 15.00 3.0895 5.4142 0.5706
0.01 0.60 0.38 15.00 3.0778 5.4079 0.5691
0.01 0.70 0.38 15.00 3.0646 5.4007 0.5674
0.01 0.80 0.38 15.00 3.0464 5.3892 0.5653
0.02 0.20 0.38 15.00 3.1937 5.4826 0.5825
0.02 0.30 0.38 15.00 3.1479 5.4566 0.5769
0.02 0.40 0.38 15.00 3.1160 5.4391 0.5729
0.02 0.50 0.38 15.00 3.0914 5.4260 0.5697
0.02 0.60 0.38 15.00 3.0699 5.4147 0.5669
0.02 0.70 0.38 15.00 3.0465 5.4026 0.5639
0.02 0.80 0.38 15.00 3.0097 5.3848 0.5589
0.03 0.20 0.38 15.00 3.2478 5.5265 0.5877
0.03 0.30 0.38 15.00 3.1782 5.4888 0.5790
0.03 0.40 0.38 15.00 3.1309 5.4638 0.5730
0.03 0.50 0.38 15.00 3.0949 5.4456 0.5683
0.03 0.60 0.38 15.00 3.0629 5.4309 0.5640
0.03 0.70 0.38 15.00 3.0249 5.4168 0.5584
0.03 0.80 0.38 15.00 2.9700 5.3916 0.5509
0.04 0.20 0.38 15.00 3.3035 5.5765 0.5924
0.04 0.30 0.38 15.00 3.2094 5.5273 0.5806
0.04 0.40 0.38 15.00 3.1455 5.4955 0.5724
0.04 0.50 0.38 15.00 3.0955 5.4736 0.5655
0.04 0.60 0.38 15.00 3.0506 5.4577 0.5590
0.04 0.70 0.38 15.00 3.0029 5.4427 0.5517
0.04 0.80 0.38 15.00 2.9109 5.3874 0.5403
0.05 0.20 0.38 15.00 3.3603 5.6323 0.5966
0.05 0.30 0.38 15.00 3.2396 5.5724 0.5814
0.05 0.40 0.38 15.00 3.1554 5.5353 0.5701
0.05 0.50 0.38 15.00 3.0939 5.5108 0.5614
0.05 0.60 0.38 15.00 3.0392 5.4941 0.5532
0.05 0.70 0.38 15.00 2.9660 5.4613 0.5431
0.05 0.80 0.38 15.00 2.8670 5.4057 0.5304
0.06 0.20 0.38 15.00 3.4156 5.6948 0.5998
0.06 0.30 0.38 15.00 3.2652 5.6249 0.5805
0.06 0.40 0.38 15.00 3.1667 5.5828 0.5672
0.06 0.50 0.38 15.00 3.0919 5.5564 0.5565
0.06 0.60 0.38 15.00 3.0190 5.5289 0.5460
0.06 0.70 0.38 15.00 2.9281 5.4871 0.5336
0.06 0.80 0.38 15.00 2.8167 5.4385 0.5179
0.07 0.20 0.38 15.00 3.4674 5.7652 0.6014
0.07 0.30 0.38 15.00 3.2934 5.6847 0.5793
0.07 0.40 0.38 15.00 3.1761 5.6382 0.5633
0.07 0.50 0.38 15.00 3.0846 5.6040 0.5504
0.07 0.60 0.38 15.00 2.9899 5.5649 0.5373
0.07 0.70 0.38 15.00 2.8970 5.5298 0.5239
0.07 0.80 0.38 15.00 2.7616 5.4661 0.5052
0.08 0.20 0.38 15.00 3.5197 5.8418 0.6025
0.08 0.30 0.38 15.00 3.3191 5.7524 0.5770
0.08 0.40 0.38 15.00 3.1822 5.6976 0.5585
0.08 0.50 0.38 15.00 3.0692 5.6518 0.5430
0.08 0.60 0.38 15.00 2.9661 5.6121 0.5285
0.08 0.70 0.38 15.00 2.8572 5.5845 0.5116
0.08 0.80 0.38 15.00 2.7034 5.5062 0.4910
0.09 0.20 0.38 15.00 3.5662 5.9285 0.6015
0.09 0.30 0.38 15.00 3.3420 5.8249 0.5737
0.09 0.40 0.38 15.00 3.1814 5.7577 0.5526
0.09 0.50 0.38 15.00 3.0502 5.7060 0.5346
0.09 0.60 0.38 15.00 2.9427 5.6719 0.5188
0.09 0.70 0.38 15.00 2.8229 5.6506 0.4996
0.09 0.80 0.38 15.00 2.6370 5.5552 0.4747
0.01 0.20 0.40 15.00 3.0563 5.7211 0.5342
0.01 0.30 0.40 15.00 3.0328 5.7072 0.5314
0.01 0.40 0.40 15.00 3.0161 5.6975 0.5294
0.01 0.50 0.40 15.00 3.0029 5.6899 0.5278
0.01 0.60 0.40 15.00 2.9909 5.6833 0.5263
0.01 0.70 0.40 15.00 2.9773 5.6758 0.5246
0.01 0.80 0.40 15.00 2.9578 5.6639 0.5222
0.02 0.20 0.40 15.00 3.1106 5.7605 0.5400
0.02 0.30 0.40 15.00 3.0632 5.7334 0.5343
0.02 0.40 0.40 15.00 3.0297 5.7149 0.5301
0.02 0.50 0.40 15.00 3.0037 5.7009 0.5269
0.02 0.60 0.40 15.00 2.9804 5.6888 0.5239
0.02 0.70 0.40 15.00 2.9562 5.6759 0.5208
0.02 0.80 0.40 15.00 2.9214 5.6577 0.5163
0.03 0.20 0.40 15.00 3.1661 5.8052 0.5454
0.03 0.30 0.40 15.00 3.0939 5.7653 0.5366
0.03 0.40 0.40 15.00 3.0437 5.7384 0.5304
0.03 0.50 0.40 15.00 3.0056 5.7188 0.5256
0.03 0.60 0.40 15.00 2.9727 5.7033 0.5212
0.03 0.70 0.40 15.00 2.9337 5.6885 0.5157
0.03 0.80 0.40 15.00 2.8798 5.6645 0.5084
0.04 0.20 0.40 15.00 3.2233 5.8547 0.5506
0.04 0.30 0.40 15.00 3.1253 5.8029 0.5386
0.04 0.40 0.40 15.00 3.0586 5.7691 0.5302
0.04 0.50 0.40 15.00 3.0082 5.7453 0.5236
0.04 0.60 0.40 15.00 2.9604 5.7278 0.5168
0.04 0.70 0.40 15.00 2.9107 5.7117 0.5096
0.04 0.80 0.40 15.00 2.8204 5.6589 0.4984
0.05 0.20 0.40 15.00 3.2819 5.9100 0.5553
0.05 0.30 0.40 15.00 3.1577 5.8470 0.5401
0.05 0.40 0.40 15.00 3.0728 5.8069 0.5292
0.05 0.50 0.40 15.00 3.0054 5.7805 0.5199
0.05 0.60 0.40 15.00 2.9490 5.7620 0.5118
0.05 0.70 0.40 15.00 2.8777 5.7318 0.5021
0.05 0.80 0.40 15.00 2.7745 5.6725 0.4891
0.06 0.20 0.40 15.00 3.3414 5.9723 0.5595
0.06 0.30 0.40 15.00 3.1887 5.8974 0.5407
0.06 0.40 0.40 15.00 3.0822 5.8527 0.5266
0.06 0.50 0.40 15.00 3.0042 5.8238 0.5158
0.06 0.60 0.40 15.00 2.9303 5.7977 0.5054
0.06 0.70 0.40 15.00 2.8374 5.7540 0.4931
0.06 0.80 0.40 15.00 2.7249 5.6999 0.4781
0.07 0.20 0.40 15.00 3.3985 6.0404 0.5626
0.07 0.30 0.40 15.00 3.2157 5.9557 0.5399
0.07 0.40 0.40 15.00 3.0934 5.9055 0.5238
0.07 0.50 0.40 15.00 2.9983 5.8714 0.5107
0.07 0.60 0.40 15.00 2.9044 5.8324 0.4980
0.07 0.70 0.40 15.00 2.8058 5.7928 0.4844
0.07 0.80 0.40 15.00 2.6720 5.7296 0.4664
0.08 0.20 0.40 15.00 3.4517 6.1166 0.5643
0.08 0.30 0.40 15.00 3.2443 6.0206 0.5389
0.08 0.40 0.40 15.00 3.1009 5.9635 0.5200
0.08 0.50 0.40 15.00 2.9863 5.9183 0.5046
0.08 0.60 0.40 15.00 2.8775 5.8753 0.4898
0.08 0.70 0.40 15.00 2.7722 5.8450 0.4743
0.08 0.80 0.40 15.00 2.6171 5.7643 0.4540
0.09 0.20 0.40 15.00 3.5034 6.1999 0.5651
0.09 0.30 0.40 15.00 3.2695 6.0916 0.5367
0.09 0.40 0.40 15.00 3.1039 6.0235 0.5153
0.09 0.50 0.40 15.00 2.9695 5.9692 0.4975
0.09 0.60 0.40 15.00 2.8544 5.9305 0.4813
0.09 0.70 0.40 15.00 2.7340 5.9056 0.4629
0.09 0.80 0.40 15.00 2.5536 5.8146 0.4392
