0.00 0.00 0.10 10.00 2.8672 1.4158 2.0252
0.00 0.00 0.12 10.00 2.8152 1.6354 1.7214
0.00 0.00 0.14 10.00 2.7726 1.8620 1.4890
0.00 0.00 0.16 10.00 2.7205 2.0902 1.3016
0.00 0.00 0.18 10.00 2.6655 2.3243 1.1468
0.00 0.00 0.20 10.00 2.6129 2.5698 1.0168
0.00 0.00 0.22 10.00 2.5623 2.8169 0.9096
0.00 0.00 0.24 10.00 2.5111 3.0681 0.8184
0.00 0.00 0.26 10.00 2.4548 3.3231 0.7387
0.00 0.00 0.28 10.00 2.3979 3.5819 0.6695
0.00 0.00 0.30 10.00 2.3421 3.8451 0.6091
0.00 0.00 0.32 10.00 2.2887 4.1155 0.5561
0.00 0.00 0.34 10.00 2.2315 4.3876 0.5086
0.00 0.00 0.36 10.00 2.1731 4.6645 0.4659
0.00 0.00 0.38 10.00 2.1149 4.9469 0.4275
0.00 0.00 0.40 10.00 2.0567 5.2348 0.3929
0.01 0.20 0.10 10.00 2.8563 1.4203 2.0110
0.01 0.30 0.10 10.00 2.8509 1.4181 2.0103
0.01 0.40 0.10 10.00 2.8478 1.4183 2.0078
0.01 0.50 0.10 10.00 2.8434 1.4183 2.0047
0.01 0.60 0.10 10.00 2.8368 1.4180 2.0005
0.01 0.70 0.10 10.00 2.8451 1.4209 2.0022
0.01 0.80 0.10 10.00 2.8193 1.4138 1.9941
0.02 0.20 0.10 10.00 2.8529 1.4473 1.9712
0.02 0.30 0.10 10.00 2.8459 1.4398 1.9766
0.02 0.40 0.10 10.00 2.8462 1.4378 1.9795
0.02 0.50 0.10 10.00 2.8311 1.4363 1.9711
0.02 0.60 0.10 10.00 2.8256 1.4354 1.9685
0.02 0.70 0.10 10.00 2.8136 1.4367 1.9583
0.02 0.80 0.10 10.00 2.7834 1.4324 1.9432
0.03 0.20 0.10 10.00 2.8390 1.4926 1.9021
0.03 0.30 0.10 10.00 2.8248 1.4733 1.9173
0.03 0.40 0.10 10.00 2.8209 1.4663 1.9237
0.03 0.50 0.10 10.00 2.8164 1.4662 1.9209
0.03 0.60 0.10 10.00 2.8088 1.4699 1.9109
0.03 0.70 0.10 10.00 2.7855 1.4710 1.8936
0.03 0.80 0.10 10.00 2.7107 1.4374 1.8858
0.04 0.20 0.10 10.00 2.8261 1.5574 1.8146
0.04 0.30 0.10 10.00 2.8113 1.5255 1.8429
0.04 0.40 0.10 10.00 2.8052 1.5149 1.8517
0.04 0.50 0.10 10.00 2.7987 1.5143 1.8483
0.04 0.60 0.10 10.00 2.7809 1.5147 1.8360
0.04 0.70 0.10 10.00 2.7274 1.4969 1.8221
0.04 0.80 0.10 10.00 2.6754 1.4971 1.7871
0.05 0.20 0.10 10.00 2.8157 1.6452 1.7114
0.05 0.30 0.10 10.00 2.7953 1.5973 1.7500
0.05 0.40 0.10 10.00 2.7869 1.5796 1.7643
0.05 0.50 0.10 10.00 2.7710 1.5708 1.7641
0.05 0.60 0.10 10.00 2.7343 1.5578 1.7552
0.05 0.70 0.10 10.00 2.6964 1.5576 1.7311
0.05 0.80 0.10 10.00 2.6063 1.5724 1.6576
0.06 0.20 0.10 10.00 2.8048 1.7560 1.5973
0.06 0.30 0.10 10.00 2.7754 1.6857 1.6464
0.06 0.40 0.10 10.00 2.7583 1.6517 1.6700
0.06 0.50 0.10 10.00 2.7315 1.6311 1.6747
0.06 0.60 0.10 10.00 2.6978 1.6213 1.6640
0.06 0.70 0.10 10.00 2.6634 1.6445 1.6196
0.06 0.80 0.10 10.00 2.4855 1.5909 1.5623
0.07 0.20 0.10 10.00 2.7912 1.8884 1.4781
0.07 0.30 0.10 10.00 2.7496 1.7839 1.5414
0.07 0.40 0.10 10.00 2.7230 1.7330 1.5713
0.07 0.50 0.10 10.00 2.6895 1.7038 1.5785
0.07 0.60 0.10 10.00 2.6707 1.7136 1.5585
0.07 0.70 0.10 10.00 2.6080 1.7437 1.4956
0.07 0.80 0.10 10.00 2.4484 1.6773 1.4597
0.08 0.20 0.10 10.00 2.7764 2.0359 1.3638
0.08 0.30 0.10 10.00 2.7223 1.8937 1.4375
0.08 0.40 0.10 10.00 2.6797 1.8232 1.4698
0.08 0.50 0.10 10.00 2.6633 1.8039 1.4764
0.08 0.60 0.10 10.00 2.6361 1.8200 1.4484
0.08 0.70 0.10 10.00 2.5128 1.8300 1.3731
0.08 0.80 0.10 10.00 2.3911 1.8088 1.3219
0.09 0.20 0.10 10.00 2.7667 2.1982 1.2586
0.09 0.30 0.10 10.00 2.6817 2.0148 1.3310
0.09 0.40 0.10 10.00 2.6539 1.9392 1.3686
0.09 0.50 0.10 10.00 2.6349 1.9225 1.3706
0.09 0.60 0.10 10.00 2.5852 1.9386 1.3335
0.09 0.70 0.10 10.00 2.4213 1.8730 1.2928
0.09 0.80 0.10 10.00 2.2842 1.9482 1.1724
0.01 0.20 0.12 10.00 2.8158 1.6414 1.7155
0.01 0.30 0.12 10.00 2.8086 1.6389 1.7137
0.01 0.40 0.12 10.00 2.8042 1.6381 1.7118
0.01 0.50 0.12 10.00 2.7998 1.6377 1.7096
0.01 0.60 0.12 10.00 2.8043 1.6391 1.7108
0.01 0.70 0.12 10.00 2.7958 1.6374 1.7075
0.01 0.80 0.12 10.00 2.7791 1.6326 1.7023
0.02 0.20 0.12 10.00 2.8214 1.6656 1.6939
0.02 0.30 0.12 10.00 2.8079 1.6579 1.6937
0.02 0.40 0.12 10.00 2.8015 1.6551 1.6927
0.02 0.50 0.12 10.00 2.7972 1.6545 1.6907
0.02 0.60 0.12 10.00 2.7839 1.6549 1.6822
0.02 0.70 0.12 10.00 2.7687 1.6538 1.6741
0.02 0.80 0.12 10.00 2.7431 1.6485 1.6640
0.03 0.20 0.12 10.00 2.8192 1.7058 1.6527
0.03 0.30 0.12 10.00 2.8026 1.6912 1.6571
0.03 0.40 0.12 10.00 2.7860 1.6856 1.6528
0.03 0.50 0.12 10.00 2.7769 1.6841 1.6489
0.03 0.60 0.12 10.00 2.7676 1.6855 1.6420
0.03 0.70 0.12 10.00 2.7487 1.6871 1.6292
0.03 0.80 0.12 10.00 2.6730 1.6605 1.6098
0.04 0.20 0.12 10.00 2.8092 1.7655 1.5912
0.04 0.30 0.12 10.00 2.7845 1.7401 1.6002
0.04 0.40 0.12 10.00 2.7726 1.7298 1.6029
0.04 0.50 0.12 10.00 2.7654 1.7291 1.5993
0.04 0.60 0.12 10.00 2.7487 1.7303 1.5886
0.04 0.70 0.12 10.00 2.6993 1.7225 1.5671
0.04 0.80 0.12 10.00 2.6365 1.7132 1.5389
0.05 0.20 0.12 10.00 2.8016 1.8455 1.5181
0.05 0.30 0.12 10.00 2.7737 1.8047 1.5369
0.05 0.40 0.12 10.00 2.7619 1.7907 1.5424
0.05 0.50 0.12 10.00 2.7455 1.7849 1.5382
0.05 0.60 0.12 10.00 2.7106 1.7823 1.5209
0.05 0.70 0.12 10.00 2.6635 1.7748 1.5008
0.05 0.80 0.12 10.00 2.5729 1.7837 1.4424
0.06 0.20 0.12 10.00 2.7967 1.9471 1.4363
0.06 0.30 0.12 10.00 2.7629 1.8867 1.4644
0.06 0.40 0.12 10.00 2.7416 1.8611 1.4731
0.06 0.50 0.12 10.00 2.7125 1.8519 1.4647
0.06 0.60 0.12 10.00 2.6694 1.8392 1.4513
0.06 0.70 0.12 10.00 2.6291 1.8563 1.4163
0.06 0.80 0.12 10.00 2.4800 1.8387 1.3488
0.07 0.20 0.12 10.00 2.7933 2.0681 1.3507
0.07 0.30 0.12 10.00 2.7444 1.9808 1.3855
0.07 0.40 0.12 10.00 2.7120 1.9459 1.3937
0.07 0.50 0.12 10.00 2.6705 1.9190 1.3916
0.07 0.60 0.12 10.00 2.6446 1.9252 1.3737
0.07 0.70 0.12 10.00 2.5789 1.9506 1.3222
0.07 0.80 0.12 10.00 2.4196 1.8931 1.2781
0.08 0.20 0.12 10.00 2.7839 2.2063 1.2618
0.08 0.30 0.12 10.00 2.7180 2.0940 1.2980
0.08 0.40 0.12 10.00 2.6717 2.0312 1.3153
0.08 0.50 0.12 10.00 2.6458 2.0123 1.3148
0.08 0.60 0.12 10.00 2.6102 2.0260 1.2884
0.08 0.70 0.12 10.00 2.4992 2.0438 1.2228
0.08 0.80 0.12 10.00 2.3642 2.0141 1.1738
0.09 0.20 0.12 10.00 2.7719 2.3681 1.1705
0.09 0.30 0.12 10.00 2.6860 2.2104 1.2152
0.09 0.40 0.12 10.00 2.6457 2.1385 1.2372
0.09 0.50 0.12 10.00 2.6177 2.1235 1.2327
0.09 0.60 0.12 10.00 2.5645 2.1394 1.1987
0.09 0.70 0.12 10.00 2.4186 2.1104 1.1461
0.09 0.80 0.12 10.00 2.2561 2.1353 1.0566
0.01 0.20 0.14 10.00 2.7816 1.8677 1.4894
0.01 0.30 0.14 10.00 2.7727 1.8651 1.4866
0.01 0.40 0.14 10.00 2.7676 1.8639 1.4849
0.01 0.50 0.14 10.00 2.7631 1.8630 1.4831
0.01 0.60 0.14 10.00 2.7574 1.8619 1.4810
0.01 0.70 0.14 10.00 2.7479 1.8591 1.4781
0.01 0.80 0.14 10.00 2.7312 1.8531 1.4739
0.02 0.20 0.14 10.00 2.7862 1.8886 1.4753
0.02 0.30 0.14 10.00 2.7690 1.8807 1.4723
0.02 0.40 0.14 10.00 2.7594 1.8770 1.4701
0.02 0.50 0.14 10.00 2.7515 1.8759 1.4668
0.02 0.60 0.14 10.00 2.7436 1.8753 1.4630
0.02 0.70 0.14 10.00 2.7237 1.8748 1.4528
0.02 0.80 0.14 10.00 2.6987 1.8684 1.4444
0.03 0.20 0.14 10.00 2.7891 1.9255 1.4485
0.03 0.30 0.14 10.00 2.7650 1.9117 1.4464
0.03 0.40 0.14 10.00 2.7534 1.9059 1.4447
0.03 0.50 0.14 10.00 2.7374 1.9050 1.4369
0.03 0.60 0.14 10.00 2.7260 1.9050 1.4309
0.03 0.70 0.14 10.00 2.7078 1.9069 1.4200
0.03 0.80 0.14 10.00 2.6377 1.8897 1.3958
0.04 0.20 0.14 10.00 2.7934 1.9810 1.4101
0.04 0.30 0.14 10.00 2.7562 1.9590 1.4069
0.04 0.40 0.14 10.00 2.7394 1.9494 1.4053
0.04 0.50 0.14 10.00 2.7282 1.9474 1.4010
0.04 0.60 0.14 10.00 2.7142 1.9530 1.3897
0.04 0.70 0.14 10.00 2.6661 1.9500 1.3672
0.04 0.80 0.14 10.00 2.5929 1.9306 1.3431
0.05 0.20 0.14 10.00 2.7889 2.0550 1.3571
0.05 0.30 0.14 10.00 2.7503 2.0201 1.3614
0.05 0.40 0.14 10.00 2.7322 2.0067 1.3615
0.05 0.50 0.14 10.00 2.7158 2.0075 1.3528
0.05 0.60 0.14 10.00 2.6792 2.0074 1.3346
0.05 0.70 0.14 10.00 2.6253 1.9955 1.3156
0.05 0.80 0.14 10.00 2.5355 1.9978 1.2691
0.06 0.20 0.14 10.00 2.7894 2.1459 1.2998
0.06 0.30 0.14 10.00 2.7452 2.0977 1.3087
0.06 0.40 0.14 10.00 2.7193 2.0815 1.3064
0.06 0.50 0.14 10.00 2.6861 2.0741 1.2950
0.06 0.60 0.14 10.00 2.6403 2.0614 1.2808
0.06 0.70 0.14 10.00 2.5904 2.0710 1.2508
0.06 0.80 0.14 10.00 2.4493 2.0536 1.1926
0.07 0.20 0.14 10.00 2.7882 2.2612 1.2331
0.07 0.30 0.14 10.00 2.7344 2.1937 1.2465
0.07 0.40 0.14 10.00 2.6935 2.1635 1.2450
0.07 0.50 0.14 10.00 2.6507 2.1423 1.2373
0.07 0.60 0.14 10.00 2.6125 2.1408 1.2203
0.07 0.70 0.14 10.00 2.5454 2.1604 1.1782
0.07 0.80 0.14 10.00 2.3866 2.1101 1.1310
0.08 0.20 0.14 10.00 2.7846 2.3986 1.1610
0.08 0.30 0.14 10.00 2.7131 2.2988 1.1802
0.08 0.40 0.14 10.00 2.6639 2.2500 1.1840
0.08 0.50 0.14 10.00 2.6228 2.2271 1.1777
0.08 0.60 0.14 10.00 2.5792 2.2365 1.1532
0.08 0.70 0.14 10.00 2.4739 2.2529 1.0981
0.08 0.80 0.14 10.00 2.3337 2.2228 1.0499
0.09 0.20 0.14 10.00 2.7758 2.5478 1.0895
0.09 0.30 0.14 10.00 2.6886 2.4116 1.1149
0.09 0.40 0.14 10.00 2.6360 2.3485 1.1225
0.09 0.50 0.14 10.00 2.5960 2.3321 1.1131
0.09 0.60 0.14 10.00 2.5381 2.3444 1.0826
0.09 0.70 0.14 10.00 2.4074 2.3434 1.0273
0.09 0.80 0.14 10.00 2.2228 2.3297 0.9541
0.01 0.20 0.16 10.00 2.7342 2.0971 1.3038
0.01 0.30 0.16 10.00 2.7236 2.0936 1.3009
0.01 0.40 0.16 10.00 2.7174 2.0918 1.2990
0.01 0.50 0.16 10.00 2.7122 2.0906 1.2973
0.01 0.60 0.16 10.00 2.7063 2.0891 1.2954
0.01 0.70 0.16 10.00 2.6971 2.0860 1.2929
0.01 0.80 0.16 10.00 2.6795 2.0790 1.2889
0.02 0.20 0.16 10.00 2.7468 2.1181 1.2969
0.02 0.30 0.16 10.00 2.7259 2.1098 1.2920
0.02 0.40 0.16 10.00 2.7138 2.1054 1.2890
0.02 0.50 0.16 10.00 2.7042 2.1030 1.2859
0.02 0.60 0.16 10.00 2.6938 2.1013 1.2820
0.02 0.70 0.16 10.00 2.6812 2.0993 1.2771
0.02 0.80 0.16 10.00 2.6493 2.0964 1.2638
0.03 0.20 0.16 10.00 2.7574 2.1539 1.2802
0.03 0.30 0.16 10.00 2.7270 2.1394 1.2746
0.03 0.40 0.16 10.00 2.7105 2.1329 1.2708
0.03 0.50 0.16 10.00 2.6989 2.1305 1.2668
0.03 0.60 0.16 10.00 2.6804 2.1299 1.2585
0.03 0.70 0.16 10.00 2.6591 2.1369 1.2444
0.03 0.80 0.16 10.00 2.5969 2.1206 1.2246
0.04 0.20 0.16 10.00 2.7673 2.2060 1.2545
0.04 0.30 0.16 10.00 2.7289 2.1844 1.2493
0.04 0.40 0.16 10.00 2.7050 2.1741 1.2442
0.04 0.50 0.16 10.00 2.6876 2.1714 1.2377
0.04 0.60 0.16 10.00 2.6671 2.1806 1.2231
0.04 0.70 0.16 10.00 2.6255 2.1793 1.2048
0.04 0.80 0.16 10.00 2.5437 2.1543 1.1808
0.05 0.20 0.16 10.00 2.7776 2.2741 1.2214
0.05 0.30 0.16 10.00 2.7240 2.2431 1.2144
0.05 0.40 0.16 10.00 2.6987 2.2294 1.2105
0.05 0.50 0.16 10.00 2.6749 2.2339 1.1974
0.05 0.60 0.16 10.00 2.6416 2.2348 1.1820
0.05 0.70 0.16 10.00 2.5834 2.2226 1.1623
0.05 0.80 0.16 10.00 2.4911 2.2149 1.1247
0.06 0.20 0.16 10.00 2.7792 2.3592 1.1780
0.06 0.30 0.16 10.00 2.7226 2.3165 1.1753
0.06 0.40 0.16 10.00 2.6871 2.3058 1.1654
0.06 0.50 0.16 10.00 2.6538 2.2997 1.1540
0.06 0.60 0.16 10.00 2.6082 2.2915 1.1382
0.06 0.70 0.16 10.00 2.5468 2.2912 1.1116
0.06 0.80 0.16 10.00 2.4047 2.2652 1.0616
0.07 0.20 0.16 10.00 2.7837 2.4622 1.1306
0.07 0.30 0.16 10.00 2.7143 2.4121 1.1252
0.07 0.40 0.16 10.00 2.6698 2.3860 1.1189
0.07 0.50 0.16 10.00 2.6265 2.3697 1.1084
0.07 0.60 0.16 10.00 2.5749 2.3628 1.0898
0.07 0.70 0.16 10.00 2.5064 2.3750 1.0553
0.07 0.80 0.16 10.00 2.3482 2.3313 1.0073
0.08 0.20 0.16 10.00 2.7801 2.5950 1.0713
0.08 0.30 0.16 10.00 2.7017 2.5128 1.0752
0.08 0.40 0.16 10.00 2.6478 2.4725 1.0709
0.08 0.50 0.16 10.00 2.5959 2.4500 1.0596
0.08 0.60 0.16 10.00 2.5425 2.4526 1.0367
0.08 0.70 0.16 10.00 2.4406 2.4606 0.9919
0.08 0.80 0.16 10.00 2.2954 2.4345 0.9429
0.09 0.20 0.16 10.00 2.7751 2.7389 1.0132
0.09 0.30 0.16 10.00 2.6857 2.6226 1.0240
0.09 0.40 0.16 10.00 2.6217 2.5688 1.0206
0.09 0.50 0.16 10.00 2.5677 2.5481 1.0077
0.09 0.60 0.16 10.00 2.5072 2.5554 0.9811
0.09 0.70 0.16 10.00 2.3779 2.5585 0.9294
0.09 0.80 0.16 10.00 2.1902 2.5333 0.8646
0.01 0.20 0.18 10.00 2.6849 2.3339 1.1504
0.01 0.30 0.18 10.00 2.6726 2.3298 1.1471
0.01 0.40 0.18 10.00 2.6652 2.3275 1.1451
0.01 0.50 0.18 10.00 2.6592 2.3258 1.1433
0.01 0.60 0.18 10.00 2.6527 2.3239 1.1415
0.01 0.70 0.18 10.00 2.6434 2.3206 1.1391
0.01 0.80 0.18 10.00 2.6265 2.3132 1.1355
0.02 0.20 0.18 10.00 2.7042 2.3556 1.1480
0.02 0.30 0.18 10.00 2.6798 2.3466 1.1420
0.02 0.40 0.18 10.00 2.6658 2.3416 1.1384
0.02 0.50 0.18 10.00 2.6549 2.3385 1.1353
0.02 0.60 0.18 10.00 2.6436 2.3360 1.1317
0.02 0.70 0.18 10.00 2.6285 2.3320 1.1271
0.02 0.80 0.18 10.00 2.5936 2.3307 1.1128
0.03 0.20 0.18 10.00 2.7224 2.3901 1.1391
0.03 0.30 0.18 10.00 2.6869 2.3759 1.1309
0.03 0.40 0.18 10.00 2.6663 2.3685 1.1257
0.03 0.50 0.18 10.00 2.6509 2.3645 1.1211
0.03 0.60 0.18 10.00 2.6369 2.3612 1.1168
0.03 0.70 0.18 10.00 2.6063 2.3693 1.1000
0.03 0.80 0.18 10.00 2.5503 2.3573 1.0819
0.04 0.20 0.18 10.00 2.7401 2.4391 1.1234
0.04 0.30 0.18 10.00 2.6922 2.4181 1.1133
0.04 0.40 0.18 10.00 2.6673 2.4071 1.1081
0.04 0.50 0.18 10.00 2.6428 2.4025 1.1000
0.04 0.60 0.18 10.00 2.6178 2.4123 1.0852
0.04 0.70 0.18 10.00 2.5791 2.4122 1.0692
0.04 0.80 0.18 10.00 2.4907 2.3858 1.0439
0.05 0.20 0.18 10.00 2.7557 2.5026 1.1012
0.05 0.30 0.18 10.00 2.6996 2.4723 1.0919
0.05 0.40 0.18 10.00 2.6606 2.4593 1.0819
0.05 0.50 0.18 10.00 2.6314 2.4646 1.0677
0.05 0.60 0.18 10.00 2.5983 2.4665 1.0534
0.05 0.70 0.18 10.00 2.5397 2.4598 1.0325
0.05 0.80 0.18 10.00 2.4418 2.4382 1.0015
0.06 0.20 0.18 10.00 2.7681 2.5804 1.0728
0.06 0.30 0.18 10.00 2.6960 2.5469 1.0586
0.06 0.40 0.18 10.00 2.6519 2.5339 1.0465
0.06 0.50 0.18 10.00 2.6158 2.5294 1.0342
0.06 0.60 0.18 10.00 2.5709 2.5271 1.0173
0.06 0.70 0.18 10.00 2.4986 2.5190 0.9919
0.06 0.80 0.18 10.00 2.3641 2.4942 0.9479
0.07 0.20 0.18 10.00 2.7737 2.6831 1.0338
0.07 0.30 0.18 10.00 2.6915 2.6346 1.0216
0.07 0.40 0.18 10.00 2.6411 2.6121 1.0111
0.07 0.50 0.18 10.00 2.5947 2.6016 0.9973
0.07 0.60 0.18 10.00 2.5341 2.5936 0.9771
0.07 0.70 0.18 10.00 2.4628 2.5961 0.9486
0.07 0.80 0.18 10.00 2.3058 2.5592 0.9010
0.08 0.20 0.18 10.00 2.7770 2.7992 0.9921
0.08 0.30 0.18 10.00 2.6853 2.7316 0.9831
0.08 0.40 0.18 10.00 2.6254 2.6984 0.9730
0.08 0.50 0.18 10.00 2.5677 2.6819 0.9574
0.08 0.60 0.18 10.00 2.5020 2.6763 0.9349
0.08 0.70 0.18 10.00 2.4032 2.6812 0.8963
0.08 0.80 0.18 10.00 2.2528 2.6524 0.8494
0.09 0.20 0.18 10.00 2.7767 2.9328 0.9468
0.09 0.30 0.18 10.00 2.6757 2.8388 0.9425
0.09 0.40 0.18 10.00 2.6046 2.7951 0.9319
0.09 0.50 0.18 10.00 2.5361 2.7716 0.9150
0.09 0.60 0.18 10.00 2.4715 2.7727 0.8914
0.09 0.70 0.18 10.00 2.3341 2.7668 0.8436
0.09 0.80 0.18 10.00 2.1549 2.7465 0.7846
0.01 0.20 0.20 10.00 2.6354 2.5788 1.0219
0.01 0.30 0.20 10.00 2.6218 2.5725 1.0191
0.01 0.40 0.20 10.00 2.6131 2.5698 1.0169
0.01 0.50 0.20 10.00 2.6063 2.5677 1.0150
0.01 0.60 0.20 10.00 2.5992 2.5655 1.0131
0.01 0.70 0.20 10.00 2.5895 2.5619 1.0108
0.01 0.80 0.20 10.00 2.5726 2.5542 1.0072
0.02 0.20 0.20 10.00 2.6613 2.5997 1.0237
0.02 0.30 0.20 10.00 2.6335 2.5901 1.0167
0.02 0.40 0.20 10.00 2.6170 2.5846 1.0125
0.02 0.50 0.20 10.00 2.6044 2.5809 1.0091
0.02 0.60 0.20 10.00 2.5919 2.5775 1.0056
0.02 0.70 0.20 10.00 2.5752 2.5719 1.0013
0.02 0.80 0.20 10.00 2.5377 2.5688 0.9879
0.03 0.20 0.20 10.00 2.6866 2.6334 1.0202
0.03 0.30 0.20 10.00 2.6451 2.6192 1.0099
0.03 0.40 0.20 10.00 2.6211 2.6109 1.0039
0.03 0.50 0.20 10.00 2.6029 2.6056 0.9990
0.03 0.60 0.20 10.00 2.5855 2.6008 0.9941
0.03 0.70 0.20 10.00 2.5522 2.6062 0.9793
0.03 0.80 0.20 10.00 2.4993 2.5983 0.9619
0.04 0.20 0.20 10.00 2.7107 2.6796 1.0116
0.04 0.30 0.20 10.00 2.6559 2.6594 0.9987
0.04 0.40 0.20 10.00 2.6239 2.6475 0.9911
0.04 0.50 0.20 10.00 2.6011 2.6456 0.9832
0.04 0.60 0.20 10.00 2.5672 2.6484 0.9693
0.04 0.70 0.20 10.00 2.5293 2.6504 0.9543
0.04 0.80 0.20 10.00 2.4385 2.6254 0.9288
0.05 0.20 0.20 10.00 2.7327 2.7384 0.9979
0.05 0.30 0.20 10.00 2.6653 2.7103 0.9834
0.05 0.40 0.20 10.00 2.6250 2.7031 0.9711
0.05 0.50 0.20 10.00 2.5858 2.7000 0.9577
0.05 0.60 0.20 10.00 2.5509 2.7021 0.9441
0.05 0.70 0.20 10.00 2.4947 2.7022 0.9232
0.05 0.80 0.20 10.00 2.3898 2.6669 0.8961
0.06 0.20 0.20 10.00 2.7522 2.8110 0.9791
0.06 0.30 0.20 10.00 2.6684 2.7825 0.9590
0.06 0.40 0.20 10.00 2.6147 2.7673 0.9449
0.06 0.50 0.20 10.00 2.5744 2.7628 0.9318
0.06 0.60 0.20 10.00 2.5286 2.7665 0.9140
0.06 0.70 0.20 10.00 2.4504 2.7544 0.8896
0.06 0.80 0.20 10.00 2.3213 2.7277 0.8510
0.07 0.20 0.20 10.00 2.7599 2.9082 0.9490
0.07 0.30 0.20 10.00 2.6665 2.8624 0.9316
0.07 0.40 0.20 10.00 2.6080 2.8416 0.9178
0.07 0.50 0.20 10.00 2.5587 2.8378 0.9017
0.07 0.60 0.20 10.00 2.4951 2.8335 0.8806
0.07 0.70 0.20 10.00 2.4130 2.8217 0.8552
0.07 0.80 0.20 10.00 2.2628 2.7949 0.8096
0.08 0.20 0.20 10.00 2.7697 3.0136 0.9191
0.08 0.30 0.20 10.00 2.6650 2.9544 0.9021
0.08 0.40 0.20 10.00 2.5974 2.9289 0.8868
0.08 0.50 0.20 10.00 2.5362 2.9187 0.8690
0.08 0.60 0.20 10.00 2.4596 2.9072 0.8460
0.08 0.70 0.20 10.00 2.3625 2.9061 0.8129
0.08 0.80 0.20 10.00 2.2076 2.8761 0.7676
0.09 0.20 0.20 10.00 2.7756 3.1361 0.8851
0.09 0.30 0.20 10.00 2.6612 3.0601 0.8697
0.09 0.40 0.20 10.00 2.5825 3.0252 0.8537
0.09 0.50 0.20 10.00 2.5045 3.0036 0.8338
0.09 0.60 0.20 10.00 2.4284 2.9938 0.8111
0.09 0.70 0.20 10.00 2.3003 2.9958 0.7678
0.09 0.80 0.20 10.00 2.1170 2.9657 0.7138
0.01 0.20 0.22 10.00 2.5898 2.8308 0.9149
0.01 0.30 0.22 10.00 2.5734 2.8251 0.9109
0.01 0.40 0.22 10.00 2.5630 2.8214 0.9084
0.01 0.50 0.22 10.00 2.5546 2.8183 0.9064
0.01 0.60 0.22 10.00 2.5460 2.8144 0.9046
0.01 0.70 0.22 10.00 2.5361 2.8084 0.9030
0.01 0.80 0.22 10.00 2.5180 2.8000 0.8993
0.02 0.20 0.22 10.00 2.6180 2.8513 0.9182
0.02 0.30 0.22 10.00 2.5878 2.8392 0.9114
0.02 0.40 0.22 10.00 2.5686 2.8328 0.9068
0.02 0.50 0.22 10.00 2.5541 2.8283 0.9031
0.02 0.60 0.22 10.00 2.5396 2.8237 0.8994
0.02 0.70 0.22 10.00 2.5221 2.8176 0.8951
0.02 0.80 0.22 10.00 2.4866 2.8107 0.8847
0.03 0.20 0.22 10.00 2.6490 2.8825 0.9190
0.03 0.30 0.22 10.00 2.6026 2.8674 0.9076
0.03 0.40 0.22 10.00 2.5748 2.8583 0.9008
0.03 0.50 0.22 10.00 2.5541 2.8523 0.8955
0.03 0.60 0.22 10.00 2.5330 2.8516 0.8883
0.03 0.70 0.22 10.00 2.5021 2.8473 0.8788
0.03 0.80 0.22 10.00 2.4451 2.8422 0.8603
0.04 0.20 0.22 10.00 2.6784 2.9256 0.9155
0.04 0.30 0.22 10.00 2.6167 2.9061 0.9004
0.04 0.40 0.22 10.00 2.5804 2.8939 0.8916
0.04 0.50 0.22 10.00 2.5504 2.8928 0.8817
0.04 0.60 0.22 10.00 2.5175 2.8889 0.8714
0.04 0.70 0.22 10.00 2.4760 2.8916 0.8563
0.04 0.80 0.22 10.00 2.3895 2.8727 0.8318
0.05 0.20 0.22 10.00 2.7065 2.9810 0.9079
0.05 0.30 0.22 10.00 2.6293 2.9591 0.8885
0.05 0.40 0.22 10.00 2.5804 2.9469 0.8756
0.05 0.50 0.22 10.00 2.5382 2.9396 0.8634
0.05 0.60 0.22 10.00 2.5013 2.9423 0.8501
0.05 0.70 0.22 10.00 2.4464 2.9471 0.8301
0.05 0.80 0.22 10.00 2.3328 2.9004 0.8043
0.06 0.20 0.22 10.00 2.7296 3.0548 0.8935
0.06 0.30 0.22 10.00 2.6366 3.0220 0.8725
0.06 0.40 0.22 10.00 2.5741 3.0052 0.8565
0.06 0.50 0.22 10.00 2.5298 3.0018 0.8428
0.06 0.60 0.22 10.00 2.4823 3.0087 0.8251
0.06 0.70 0.22 10.00 2.4005 2.9965 0.8011
0.06 0.80 0.22 10.00 2.2750 2.9626 0.7679
0.07 0.20 0.22 10.00 2.7484 3.1381 0.8758
0.07 0.30 0.22 10.00 2.6376 3.0949 0.8522
0.07 0.40 0.22 10.00 2.5712 3.0780 0.8354
0.07 0.50 0.22 10.00 2.5173 3.0767 0.8182
0.07 0.60 0.22 10.00 2.4539 3.0766 0.7976
0.07 0.70 0.22 10.00 2.3612 3.0535 0.7733
0.07 0.80 0.22 10.00 2.2177 3.0312 0.7316
0.08 0.20 0.22 10.00 2.7586 3.2363 0.8524
0.08 0.30 0.22 10.00 2.6412 3.1831 0.8297
0.08 0.40 0.22 10.00 2.5647 3.1628 0.8109
0.08 0.50 0.22 10.00 2.4992 3.1580 0.7914
0.08 0.60 0.22 10.00 2.4166 3.1449 0.7684
0.08 0.70 0.22 10.00 2.3178 3.1344 0.7395
0.08 0.80 0.22 10.00 2.1592 3.1038 0.6957
0.09 0.20 0.22 10.00 2.7709 3.3519 0.8266
0.09 0.30 0.22 10.00 2.6413 3.2852 0.8040
0.09 0.40 0.22 10.00 2.5546 3.2578 0.7841
0.09 0.50 0.22 10.00 2.4730 3.2422 0.7627
0.09 0.60 0.22 10.00 2.3844 3.2233 0.7398
0.09 0.70 0.22 10.00 2.2632 3.2277 0.7012
0.09 0.80 0.22 10.00 2.0766 3.1891 0.6511
0.01 0.20 0.24 10.00 2.5449 3.0838 0.8252
0.01 0.30 0.24 10.00 2.5280 3.0780 0.8213
0.01 0.40 0.24 10.00 2.5158 3.0745 0.8183
0.01 0.50 0.24 10.00 2.5070 3.0717 0.8162
0.01 0.60 0.24 10.00 2.4977 3.0686 0.8140
0.01 0.70 0.24 10.00 2.4849 3.0633 0.8112
0.01 0.80 0.24 10.00 2.4653 3.0504 0.8082
0.02 0.20 0.24 10.00 2.5747 3.1076 0.8285
0.02 0.30 0.24 10.00 2.5412 3.0955 0.8209
0.02 0.40 0.24 10.00 2.5194 3.0875 0.8160
0.02 0.50 0.24 10.00 2.5032 3.0783 0.8132
0.02 0.60 0.24 10.00 2.4869 3.0735 0.8092
0.02 0.70 0.24 10.00 2.4670 3.0709 0.8033
0.02 0.80 0.24 10.00 2.4289 3.0574 0.7944
0.03 0.20 0.24 10.00 2.6078 3.1380 0.8310
0.03 0.30 0.24 10.00 2.5560 3.1189 0.8195
0.03 0.40 0.24 10.00 2.5253 3.1082 0.8124
0.03 0.50 0.24 10.00 2.5027 3.1043 0.8062
0.03 0.60 0.24 10.00 2.4780 3.1005 0.7992
0.03 0.70 0.24 10.00 2.4455 3.0925 0.7908
0.03 0.80 0.24 10.00 2.3879 3.0873 0.7735
0.04 0.20 0.24 10.00 2.6428 3.1783 0.8315
0.04 0.30 0.24 10.00 2.5743 3.1593 0.8148
0.04 0.40 0.24 10.00 2.5307 3.1480 0.8039
0.04 0.50 0.24 10.00 2.4971 3.1400 0.7953
0.04 0.60 0.24 10.00 2.4649 3.1336 0.7866
0.04 0.70 0.24 10.00 2.4197 3.1354 0.7717
0.04 0.80 0.24 10.00 2.3384 3.1212 0.7492
0.05 0.20 0.24 10.00 2.6762 3.2343 0.8274
0.05 0.30 0.24 10.00 2.5883 3.2099 0.8063
0.05 0.40 0.24 10.00 2.5331 3.1940 0.7931
0.05 0.50 0.24 10.00 2.4914 3.1838 0.7825
0.05 0.60 0.24 10.00 2.4466 3.1850 0.7682
0.05 0.70 0.24 10.00 2.3923 3.1918 0.7495
0.05 0.80 0.24 10.00 2.2758 3.1419 0.7243
0.06 0.20 0.24 10.00 2.7046 3.2993 0.8198
0.06 0.30 0.24 10.00 2.5992 3.2676 0.7955
0.06 0.40 0.24 10.00 2.5352 3.2493 0.7802
0.06 0.50 0.24 10.00 2.4802 3.2444 0.7645
0.06 0.60 0.24 10.00 2.4293 3.2506 0.7473
0.06 0.70 0.24 10.00 2.3518 3.2425 0.7253
0.06 0.80 0.24 10.00 2.2238 3.1990 0.6951
0.07 0.20 0.24 10.00 2.7278 3.3763 0.8079
0.07 0.30 0.24 10.00 2.6104 3.3362 0.7824
0.07 0.40 0.24 10.00 2.5299 3.3196 0.7621
0.07 0.50 0.24 10.00 2.4701 3.3174 0.7446
0.07 0.60 0.24 10.00 2.4062 3.3208 0.7246
0.07 0.70 0.24 10.00 2.3056 3.2909 0.7006
0.07 0.80 0.24 10.00 2.1644 3.2651 0.6629
0.08 0.20 0.24 10.00 2.7502 3.4681 0.7930
0.08 0.30 0.24 10.00 2.6133 3.4195 0.7642
0.08 0.40 0.24 10.00 2.5268 3.4018 0.7428
0.08 0.50 0.24 10.00 2.4566 3.3994 0.7226
0.08 0.60 0.24 10.00 2.3729 3.3883 0.7003
0.08 0.70 0.24 10.00 2.2684 3.3673 0.6736
0.08 0.80 0.24 10.00 2.1033 3.3329 0.6311
0.09 0.20 0.24 10.00 2.7621 3.5770 0.7722
0.09 0.30 0.24 10.00 2.6179 3.5163 0.7445
0.09 0.40 0.24 10.00 2.5207 3.4949 0.7213
0.09 0.50 0.24 10.00 2.4358 3.4835 0.6992
0.09 0.60 0.24 10.00 2.3358 3.4574 0.6756
0.09 0.70 0.24 10.00 2.2197 3.4595 0.6416
0.09 0.80 0.24 10.00 2.0300 3.4153 0.5944
0.01 0.20 0.26 10.00 2.4977 3.3423 0.7473
0.01 0.30 0.26 10.00 2.4796 3.3362 0.7432
0.01 0.40 0.26 10.00 2.4677 3.3323 0.7405
0.01 0.50 0.26 10.00 2.4581 3.3292 0.7383
0.01 0.60 0.26 10.00 2.4483 3.3261 0.7361
0.01 0.70 0.26 10.00 2.4339 3.3214 0.7328
0.01 0.80 0.26 10.00 2.4108 3.3126 0.7278
0.02 0.20 0.26 10.00 2.5360 3.3669 0.7532
0.02 0.30 0.26 10.00 2.4972 3.3548 0.7444
0.02 0.40 0.26 10.00 2.4730 3.3469 0.7389
0.02 0.50 0.26 10.00 2.4539 3.3417 0.7343
0.02 0.60 0.26 10.00 2.4331 3.3354 0.7295
0.02 0.70 0.26 10.00 2.4104 3.3264 0.7246
0.02 0.80 0.26 10.00 2.3714 3.3124 0.7159
0.03 0.20 0.26 10.00 2.5713 3.4001 0.7563
0.03 0.30 0.26 10.00 2.5142 3.3825 0.7433
0.03 0.40 0.26 10.00 2.4774 3.3702 0.7351
0.03 0.50 0.26 10.00 2.4503 3.3609 0.7291
0.03 0.60 0.26 10.00 2.4227 3.3545 0.7222
0.03 0.70 0.26 10.00 2.3889 3.3470 0.7137
0.03 0.80 0.26 10.00 2.3295 3.3391 0.6976
0.04 0.20 0.26 10.00 2.6052 3.4407 0.7572
0.04 0.30 0.26 10.00 2.5313 3.4164 0.7409
0.04 0.40 0.26 10.00 2.4838 3.4026 0.7300
0.04 0.50 0.26 10.00 2.4465 3.3931 0.7210
0.04 0.60 0.26 10.00 2.4108 3.3870 0.7118
0.04 0.70 0.26 10.00 2.3631 3.3860 0.6979
0.04 0.80 0.26 10.00 2.2854 3.3745 0.6773
0.05 0.20 0.26 10.00 2.6428 3.4905 0.7571
0.05 0.30 0.26 10.00 2.5456 3.4631 0.7351
0.05 0.40 0.26 10.00 2.4875 3.4460 0.7219
0.05 0.50 0.26 10.00 2.4415 3.4363 0.7105
0.05 0.60 0.26 10.00 2.3938 3.4348 0.6969
0.05 0.70 0.26 10.00 2.3383 3.4407 0.6796
0.05 0.80 0.26 10.00 2.2212 3.3908 0.6551
0.06 0.20 0.26 10.00 2.6760 3.5509 0.7536
0.06 0.30 0.26 10.00 2.5614 3.5194 0.7278
0.06 0.40 0.26 10.00 2.4897 3.5003 0.7113
0.06 0.50 0.26 10.00 2.4338 3.4924 0.6969
0.06 0.60 0.26 10.00 2.3778 3.4970 0.6800
0.06 0.70 0.26 10.00 2.3041 3.4929 0.6597
0.06 0.80 0.26 10.00 2.1728 3.4410 0.6315
0.07 0.20 0.26 10.00 2.7066 3.6227 0.7471
0.07 0.30 0.26 10.00 2.5746 3.5859 0.7180
0.07 0.40 0.26 10.00 2.4910 3.5663 0.6985
0.07 0.50 0.26 10.00 2.4226 3.5627 0.6800
0.07 0.60 0.26 10.00 2.3584 3.5671 0.6612
0.07 0.70 0.26 10.00 2.2554 3.5370 0.6377
0.07 0.80 0.26 10.00 2.1093 3.5000 0.6027
0.08 0.20 0.26 10.00 2.7317 3.7092 0.7365
0.08 0.30 0.26 10.00 2.5874 3.6642 0.7061
0.08 0.40 0.26 10.00 2.4864 3.6456 0.6820
0.08 0.50 0.26 10.00 2.4102 3.6422 0.6617
0.08 0.60 0.26 10.00 2.3297 3.6347 0.6410
0.08 0.70 0.26 10.00 2.2175 3.6041 0.6153
0.08 0.80 0.26 10.00 2.0506 3.5709 0.5743
0.09 0.20 0.26 10.00 2.7552 3.8112 0.7229
0.09 0.30 0.26 10.00 2.5910 3.7553 0.6900
0.09 0.40 0.26 10.00 2.4831 3.7348 0.6649
0.09 0.50 0.26 10.00 2.3948 3.7266 0.6426
0.09 0.60 0.26 10.00 2.2897 3.7001 0.6188
0.09 0.70 0.26 10.00 2.1761 3.6952 0.5889
0.09 0.80 0.26 10.00 1.9842 3.6459 0.5442
0.01 0.20 0.28 10.00 2.4466 3.6031 0.6790
0.01 0.30 0.28 10.00 2.4276 3.5968 0.6749
0.01 0.40 0.28 10.00 2.4153 3.5928 0.6723
0.01 0.50 0.28 10.00 2.4058 3.5899 0.6701
0.01 0.60 0.28 10.00 2.3971 3.5884 0.6680
0.01 0.70 0.28 10.00 2.3835 3.5851 0.6648
0.01 0.80 0.28 10.00 2.3582 3.5761 0.6594
0.02 0.20 0.28 10.00 2.4928 3.6317 0.6864
0.02 0.30 0.28 10.00 2.4526 3.6195 0.6776
0.02 0.40 0.28 10.00 2.4262 3.6116 0.6718
0.02 0.50 0.28 10.00 2.4034 3.6056 0.6666
0.02 0.60 0.28 10.00 2.3818 3.5991 0.6618
0.02 0.70 0.28 10.00 2.3549 3.5856 0.6568
0.02 0.80 0.28 10.00 2.3142 3.5725 0.6478
0.03 0.20 0.28 10.00 2.5330 3.6650 0.6911
0.03 0.30 0.28 10.00 2.4708 3.6472 0.6775
0.03 0.40 0.28 10.00 2.4302 3.6350 0.6686
0.03 0.50 0.28 10.00 2.3974 3.6243 0.6615
0.03 0.60 0.28 10.00 2.3682 3.6139 0.6553
0.03 0.70 0.28 10.00 2.3323 3.6066 0.6467
0.03 0.80 0.28 10.00 2.2710 3.5954 0.6316
0.04 0.20 0.28 10.00 2.5697 3.7052 0.6935
0.04 0.30 0.28 10.00 2.4877 3.6805 0.6759
0.04 0.40 0.28 10.00 2.4355 3.6620 0.6651
0.04 0.50 0.28 10.00 2.3946 3.6525 0.6556
0.04 0.60 0.28 10.00 2.3560 3.6462 0.6461
0.04 0.70 0.28 10.00 2.3101 3.6418 0.6343
0.04 0.80 0.28 10.00 2.2302 3.6303 0.6143
0.05 0.20 0.28 10.00 2.6062 3.7516 0.6947
0.05 0.30 0.28 10.00 2.5063 3.7208 0.6736
0.05 0.40 0.28 10.00 2.4410 3.7041 0.6590
0.05 0.50 0.28 10.00 2.3907 3.6948 0.6470
0.05 0.60 0.28 10.00 2.3435 3.6903 0.6350
0.05 0.70 0.28 10.00 2.2811 3.6926 0.6177
0.05 0.80 0.28 10.00 2.1652 3.6464 0.5938
0.06 0.20 0.28 10.00 2.6461 3.8087 0.6947
0.06 0.30 0.28 10.00 2.5230 3.7754 0.6683
0.06 0.40 0.28 10.00 2.4454 3.7564 0.6510
0.06 0.50 0.28 10.00 2.3852 3.7469 0.6366
0.06 0.60 0.28 10.00 2.3238 3.7485 0.6199
0.06 0.70 0.28 10.00 2.2521 3.7453 0.6013
0.06 0.80 0.28 10.00 2.1191 3.6894 0.5744
0.07 0.20 0.28 10.00 2.6816 3.8770 0.6917
0.07 0.30 0.28 10.00 2.5378 3.8404 0.6608
0.07 0.40 0.28 10.00 2.4477 3.8183 0.6410
0.07 0.50 0.28 10.00 2.3737 3.8121 0.6227
0.07 0.60 0.28 10.00 2.3071 3.8162 0.6046
0.07 0.70 0.28 10.00 2.2044 3.7901 0.5816
0.07 0.80 0.28 10.00 2.0609 3.7521 0.5493
0.08 0.20 0.28 10.00 2.7127 3.9576 0.6854
0.08 0.30 0.28 10.00 2.5520 3.9144 0.6519
0.08 0.40 0.28 10.00 2.4444 3.8928 0.6279
0.08 0.50 0.28 10.00 2.3645 3.8875 0.6082
0.08 0.60 0.28 10.00 2.2835 3.8824 0.5882
0.08 0.70 0.28 10.00 2.1635 3.8485 0.5622
0.08 0.80 0.28 10.00 1.9972 3.8171 0.5232
0.09 0.20 0.28 10.00 2.7381 4.0530 0.6756
0.09 0.30 0.28 10.00 2.5628 4.0004 0.6406
0.09 0.40 0.28 10.00 2.4416 3.9780 0.6138
0.09 0.50 0.28 10.00 2.3527 3.9706 0.5925
0.09 0.60 0.28 10.00 2.2460 3.9485 0.5688
0.09 0.70 0.28 10.00 2.1292 3.9341 0.5412
0.09 0.80 0.28 10.00 1.9362 3.8837 0.4985
0.01 0.20 0.30 10.00 2.3926 3.8684 0.6185
0.01 0.30 0.30 10.00 2.3726 3.8617 0.6144
0.01 0.40 0.30 10.00 2.3595 3.8576 0.6117
0.01 0.50 0.30 10.00 2.3497 3.8548 0.6096
0.01 0.60 0.30 10.00 2.3409 3.8527 0.6076
0.01 0.70 0.30 10.00 2.3295 3.8497 0.6051
0.01 0.80 0.30 10.00 2.3075 3.8414 0.6007
0.02 0.20 0.30 10.00 2.4426 3.8981 0.6266
0.02 0.30 0.30 10.00 2.4018 3.8851 0.6182
0.02 0.40 0.30 10.00 2.3746 3.8769 0.6125
0.02 0.50 0.30 10.00 2.3533 3.8708 0.6080
0.02 0.60 0.30 10.00 2.3309 3.8643 0.6032
0.02 0.70 0.30 10.00 2.3012 3.8550 0.5969
0.02 0.80 0.30 10.00 2.2574 3.8368 0.5883
0.03 0.20 0.30 10.00 2.4908 3.9329 0.6333
0.03 0.30 0.30 10.00 2.4262 3.9139 0.6199
0.03 0.40 0.30 10.00 2.3830 3.9007 0.6109
0.03 0.50 0.30 10.00 2.3474 3.8907 0.6033
0.03 0.60 0.30 10.00 2.3132 3.8800 0.5962
0.03 0.70 0.30 10.00 2.2749 3.8698 0.5879
0.03 0.80 0.30 10.00 2.2170 3.8554 0.5750
0.04 0.20 0.30 10.00 2.5340 3.9718 0.6380
0.04 0.30 0.30 10.00 2.4454 3.9478 0.6195
0.04 0.40 0.30 10.00 2.3871 3.9312 0.6072
0.04 0.50 0.30 10.00 2.3422 3.9162 0.5981
0.04 0.60 0.30 10.00 2.2998 3.9088 0.5884
0.04 0.70 0.30 10.00 2.2505 3.9015 0.5768
0.04 0.80 0.30 10.00 2.1725 3.8868 0.5589
0.05 0.20 0.30 10.00 2.5737 4.0186 0.6404
0.05 0.30 0.30 10.00 2.4640 3.9881 0.6178
0.05 0.40 0.30 10.00 2.3932 3.9678 0.6031
0.05 0.50 0.30 10.00 2.3377 3.9569 0.5908
0.05 0.60 0.30 10.00 2.2855 3.9501 0.5786
0.05 0.70 0.30 10.00 2.2222 3.9481 0.5629
0.05 0.80 0.30 10.00 2.1134 3.9075 0.5409
0.06 0.20 0.30 10.00 2.6136 4.0712 0.6420
0.06 0.30 0.30 10.00 2.4838 4.0366 0.6153
0.06 0.40 0.30 10.00 2.3985 4.0178 0.5970
0.06 0.50 0.30 10.00 2.3323 4.0069 0.5821
0.06 0.60 0.30 10.00 2.2675 4.0038 0.5663
0.06 0.70 0.30 10.00 2.1961 4.0002 0.5490
0.06 0.80 0.30 10.00 2.0602 3.9416 0.5227
0.07 0.20 0.30 10.00 2.6534 4.1379 0.6412
0.07 0.30 0.30 10.00 2.5011 4.0977 0.6104
0.07 0.40 0.30 10.00 2.4024 4.0765 0.5893
0.07 0.50 0.30 10.00 2.3270 4.0668 0.5722
0.07 0.60 0.30 10.00 2.2523 4.0676 0.5537
0.07 0.70 0.30 10.00 2.1545 4.0483 0.5322
0.07 0.80 0.30 10.00 2.0097 4.0054 0.5017
0.08 0.20 0.30 10.00 2.6899 4.2133 0.6384
0.08 0.30 0.30 10.00 2.5162 4.1696 0.6035
0.08 0.40 0.30 10.00 2.4063 4.1445 0.5806
0.08 0.50 0.30 10.00 2.3151 4.1381 0.5594
0.08 0.60 0.30 10.00 2.2319 4.1350 0.5397
0.08 0.70 0.30 10.00 2.1097 4.1004 0.5145
0.08 0.80 0.30 10.00 1.9471 4.0698 0.4784
0.09 0.20 0.30 10.00 2.7203 4.3019 0.6324
0.09 0.30 0.30 10.00 2.5305 4.2499 0.5954
0.09 0.40 0.30 10.00 2.4022 4.2245 0.5686
0.09 0.50 0.30 10.00 2.3061 4.2164 0.5469
0.09 0.60 0.30 10.00 2.2011 4.2024 0.5238
0.09 0.70 0.30 10.00 2.0791 4.1793 0.4975
0.09 0.80 0.30 10.00 1.8859 4.1279 0.4569
0.01 0.20 0.32 10.00 2.3377 4.1381 0.5649
0.01 0.30 0.32 10.00 2.3167 4.1311 0.5608
0.01 0.40 0.32 10.00 2.3029 4.1267 0.5580
0.01 0.50 0.32 10.00 2.2926 4.1232 0.5560
0.01 0.60 0.32 10.00 2.2835 4.1202 0.5542
0.01 0.70 0.32 10.00 2.2726 4.1170 0.5520
0.01 0.80 0.32 10.00 2.2543 4.1108 0.5484
0.02 0.20 0.32 10.00 2.3901 4.1665 0.5736
0.02 0.30 0.32 10.00 2.3477 4.1530 0.5653
0.02 0.40 0.32 10.00 2.3199 4.1447 0.5597
0.02 0.50 0.32 10.00 2.2986 4.1390 0.5554
0.02 0.60 0.32 10.00 2.2784 4.1341 0.5511
0.02 0.70 0.32 10.00 2.2500 4.1262 0.5453
0.02 0.80 0.32 10.00 2.2009 4.1066 0.5359
0.03 0.20 0.32 10.00 2.4418 4.2019 0.5811
0.03 0.30 0.32 10.00 2.3772 4.1824 0.5684
0.03 0.40 0.32 10.00 2.3342 4.1703 0.5597
0.03 0.50 0.32 10.00 2.2984 4.1608 0.5524
0.03 0.60 0.32 10.00 2.2614 4.1520 0.5446
0.03 0.70 0.32 10.00 2.2180 4.1381 0.5360
0.03 0.80 0.32 10.00 2.1566 4.1206 0.5234
0.04 0.20 0.32 10.00 2.4933 4.2434 0.5876
0.04 0.30 0.32 10.00 2.4014 4.2176 0.5694
0.04 0.40 0.32 10.00 2.3398 4.2011 0.5570
0.04 0.50 0.32 10.00 2.2902 4.1883 0.5468
0.04 0.60 0.32 10.00 2.2441 4.1756 0.5374
0.04 0.70 0.32 10.00 2.1915 4.1660 0.5261
0.04 0.80 0.32 10.00 2.1118 4.1476 0.5092
0.05 0.20 0.32 10.00 2.5383 4.2896 0.5917
0.05 0.30 0.32 10.00 2.4216 4.2595 0.5685
0.05 0.40 0.32 10.00 2.3427 4.2378 0.5528
0.05 0.50 0.32 10.00 2.2841 4.2225 0.5409
0.05 0.60 0.32 10.00 2.2287 4.2134 0.5290
0.05 0.70 0.32 10.00 2.1636 4.2075 0.5142
0.05 0.80 0.32 10.00 2.0611 4.1729 0.4939
0.06 0.20 0.32 10.00 2.5810 4.3439 0.5942
0.06 0.30 0.32 10.00 2.4405 4.3056 0.5668
0.06 0.40 0.32 10.00 2.3483 4.2827 0.5483
0.06 0.50 0.32 10.00 2.2775 4.2688 0.5335
0.06 0.60 0.32 10.00 2.2154 4.2621 0.5198
0.06 0.70 0.32 10.00 2.1375 4.2576 0.5021
0.06 0.80 0.32 10.00 2.0034 4.2006 0.4769
0.07 0.20 0.32 10.00 2.6227 4.4034 0.5956
0.07 0.30 0.32 10.00 2.4612 4.3615 0.5643
0.07 0.40 0.32 10.00 2.3537 4.3384 0.5425
0.07 0.50 0.32 10.00 2.2712 4.3247 0.5252
0.07 0.60 0.32 10.00 2.1946 4.3205 0.5080
0.07 0.70 0.32 10.00 2.1021 4.3082 0.4879
0.07 0.80 0.32 10.00 1.9559 4.2599 0.4591
0.08 0.20 0.32 10.00 2.6631 4.4763 0.5949
0.08 0.30 0.32 10.00 2.4795 4.4275 0.5600
0.08 0.40 0.32 10.00 2.3578 4.4025 0.5356
0.08 0.50 0.32 10.00 2.2618 4.3924 0.5149
0.08 0.60 0.32 10.00 2.1761 4.3890 0.4958
0.08 0.70 0.32 10.00 2.0556 4.3569 0.4718
0.08 0.80 0.32 10.00 1.8926 4.3212 0.4380
0.09 0.20 0.32 10.00 2.6997 4.5578 0.5923
0.09 0.30 0.32 10.00 2.4953 4.5038 0.5541
0.09 0.40 0.32 10.00 2.3622 4.4767 0.5277
0.09 0.50 0.32 10.00 2.2537 4.4663 0.5046
0.09 0.60 0.32 10.00 2.1503 4.4577 0.4824
0.09 0.70 0.32 10.00 2.0238 4.4281 0.4570
0.09 0.80 0.32 10.00 1.8317 4.3748 0.4187
0.01 0.20 0.34 10.00 2.2847 4.4106 0.5180
0.01 0.30 0.34 10.00 2.2620 4.4028 0.5138
0.01 0.40 0.34 10.00 2.2464 4.3977 0.5108
0.01 0.50 0.34 10.00 2.2339 4.3939 0.5084
0.01 0.60 0.34 10.00 2.2233 4.3905 0.5064
0.01 0.70 0.34 10.00 2.2120 4.3870 0.5042
0.01 0.80 0.34 10.00 2.1952 4.3818 0.5010
0.02 0.20 0.34 10.00 2.3368 4.4386 0.5265
0.02 0.30 0.34 10.00 2.2922 4.4240 0.5181
0.02 0.40 0.34 10.00 2.2630 4.4149 0.5126
0.02 0.50 0.34 10.00 2.2408 4.4088 0.5083
0.02 0.60 0.34 10.00 2.2211 4.4045 0.5043
0.02 0.70 0.34 10.00 2.1954 4.3988 0.4991
0.02 0.80 0.34 10.00 2.1436 4.3815 0.4892
0.03 0.20 0.34 10.00 2.3926 4.4741 0.5348
0.03 0.30 0.34 10.00 2.3251 4.4537 0.5221
0.03 0.40 0.34 10.00 2.2807 4.4416 0.5135
0.03 0.50 0.34 10.00 2.2454 4.4330 0.5065
0.03 0.60 0.34 10.00 2.2091 4.4248 0.4993
0.03 0.70 0.34 10.00 2.1601 4.4109 0.4897
0.03 0.80 0.34 10.00 2.0958 4.3870 0.4777
0.04 0.20 0.34 10.00 2.4475 4.5172 0.5418
0.04 0.30 0.34 10.00 2.3554 4.4906 0.5245
0.04 0.40 0.34 10.00 2.2923 4.4738 0.5124
0.04 0.50 0.34 10.00 2.2389 4.4612 0.5019
0.04 0.60 0.34 10.00 2.1869 4.4468 0.4918
0.04 0.70 0.34 10.00 2.1313 4.4322 0.4809
0.04 0.80 0.34 10.00 2.0506 4.4114 0.4648
0.05 0.20 0.34 10.00 2.5013 4.5656 0.5479
0.05 0.30 0.34 10.00 2.3799 4.5323 0.5251
0.05 0.40 0.34 10.00 2.2961 4.5110 0.5090
0.05 0.50 0.34 10.00 2.2303 4.4913 0.4966
0.05 0.60 0.34 10.00 2.1704 4.4793 0.4845
0.05 0.70 0.34 10.00 2.1079 4.4680 0.4718
0.05 0.80 0.34 10.00 2.0056 4.4404 0.4517
0.06 0.20 0.34 10.00 2.5482 4.6176 0.5519
0.06 0.30 0.34 10.00 2.3983 4.5797 0.5237
0.06 0.40 0.34 10.00 2.2998 4.5506 0.5054
0.06 0.50 0.34 10.00 2.2233 4.5344 0.4903
0.06 0.60 0.34 10.00 2.1557 4.5238 0.4765
0.06 0.70 0.34 10.00 2.0772 4.5171 0.4598
0.06 0.80 0.34 10.00 1.9450 4.4642 0.4357
0.07 0.20 0.34 10.00 2.5913 4.6782 0.5539
0.07 0.30 0.34 10.00 2.4194 4.6300 0.5225
0.07 0.40 0.34 10.00 2.3036 4.6029 0.5005
0.07 0.50 0.34 10.00 2.2176 4.5861 0.4836
0.07 0.60 0.34 10.00 2.1359 4.5787 0.4665
0.07 0.70 0.34 10.00 2.0471 4.5705 0.4479
0.07 0.80 0.34 10.00 1.8997 4.5169 0.4206
0.08 0.20 0.34 10.00 2.6335 4.7438 0.5551
0.08 0.30 0.34 10.00 2.4399 4.6915 0.5201
0.08 0.40 0.34 10.00 2.3084 4.6634 0.4950
0.08 0.50 0.34 10.00 2.2133 4.6474 0.4763
0.08 0.60 0.34 10.00 2.1202 4.6444 0.4565
0.08 0.70 0.34 10.00 2.0020 4.6182 0.4335
0.08 0.80 0.34 10.00 1.8346 4.5737 0.4011
0.09 0.20 0.34 10.00 2.6740 4.8211 0.5547
0.09 0.30 0.34 10.00 2.4591 4.7617 0.5164
0.09 0.40 0.34 10.00 2.3147 4.7337 0.4890
0.09 0.50 0.34 10.00 2.1995 4.7197 0.4660
0.09 0.60 0.34 10.00 2.0991 4.7148 0.4452
0.09 0.70 0.34 10.00 1.9657 4.6806 0.4200
0.09 0.80 0.34 10.00 1.7746 4.6254 0.3837
0.01 0.20 0.36 10.00 2.2301 4.6884 0.4757
0.01 0.30 0.36 10.00 2.2069 4.6801 0.4716
0.01 0.40 0.36 10.00 2.1912 4.6746 0.4687
0.01 0.50 0.36 10.00 2.1790 4.6708 0.4665
0.01 0.60 0.36 10.00 2.1674 4.6674 0.4644
0.01 0.70 0.36 10.00 2.1531 4.6638 0.4617
0.01 0.80 0.36 10.00 2.1355 4.6581 0.4584
0.02 0.20 0.36 10.00 2.2862 4.7181 0.4846
0.02 0.30 0.36 10.00 2.2384 4.7025 0.4760
0.02 0.40 0.36 10.00 2.2057 4.6923 0.4701
0.02 0.50 0.36 10.00 2.1820 4.6854 0.4657
0.02 0.60 0.36 10.00 2.1612 4.6804 0.4617
0.02 0.70 0.36 10.00 2.1375 4.6760 0.4571
0.02 0.80 0.36 10.00 2.0880 4.6608 0.4480
0.03 0.20 0.36 10.00 2.3418 4.7533 0.4927
0.03 0.30 0.36 10.00 2.2711 4.7316 0.4800
0.03 0.40 0.36 10.00 2.2237 4.7181 0.4713
0.03 0.50 0.36 10.00 2.1879 4.7096 0.4646
0.03 0.60 0.36 10.00 2.1532 4.7026 0.4579
0.03 0.70 0.36 10.00 2.1037 4.6897 0.4486
0.03 0.80 0.36 10.00 2.0339 4.6608 0.4364
0.04 0.20 0.36 10.00 2.4000 4.7952 0.5005
0.04 0.30 0.36 10.00 2.3046 4.7679 0.4833
0.04 0.40 0.36 10.00 2.2396 4.7515 0.4713
0.04 0.50 0.36 10.00 2.1864 4.7390 0.4614
0.04 0.60 0.36 10.00 2.1312 4.7257 0.4510
0.04 0.70 0.36 10.00 2.0707 4.7046 0.4401
0.04 0.80 0.36 10.00 1.9888 4.6814 0.4248
0.05 0.20 0.36 10.00 2.4569 4.8441 0.5072
0.05 0.30 0.36 10.00 2.3343 4.8103 0.4853
0.05 0.40 0.36 10.00 2.2481 4.7883 0.4695
0.05 0.50 0.36 10.00 2.1762 4.7708 0.4562
0.05 0.60 0.36 10.00 2.1113 4.7512 0.4444
0.05 0.70 0.36 10.00 2.0434 4.7356 0.4315
0.05 0.80 0.36 10.00 1.9480 4.7132 0.4133
0.06 0.20 0.36 10.00 2.5120 4.8975 0.5129
0.06 0.30 0.36 10.00 2.3578 4.8560 0.4855
0.06 0.40 0.36 10.00 2.2504 4.8290 0.4660
0.06 0.50 0.36 10.00 2.1678 4.8053 0.4511
0.06 0.60 0.36 10.00 2.0953 4.7906 0.4374
0.06 0.70 0.36 10.00 2.0152 4.7830 0.4213
0.06 0.80 0.36 10.00 1.8868 4.7350 0.3985
0.07 0.20 0.36 10.00 2.5598 4.9546 0.5166
0.07 0.30 0.36 10.00 2.3759 4.9068 0.4842
0.07 0.40 0.36 10.00 2.2546 4.8724 0.4627
0.07 0.50 0.36 10.00 2.1621 4.8538 0.4454
0.07 0.60 0.36 10.00 2.0814 4.8427 0.4298
0.07 0.70 0.36 10.00 1.9896 4.8377 0.4113
0.07 0.80 0.36 10.00 1.8397 4.7793 0.3849
0.08 0.20 0.36 10.00 2.6029 5.0204 0.5185
0.08 0.30 0.36 10.00 2.3978 4.9620 0.4832
0.08 0.40 0.36 10.00 2.2606 4.9286 0.4587
0.08 0.50 0.36 10.00 2.1556 4.9094 0.4391
0.08 0.60 0.36 10.00 2.0617 4.9057 0.4203
0.08 0.70 0.36 10.00 1.9496 4.8871 0.3989
0.08 0.80 0.36 10.00 1.7727 4.8282 0.3672
0.09 0.20 0.36 10.00 2.6459 5.0912 0.5197
0.09 0.30 0.36 10.00 2.4203 5.0267 0.4815
0.09 0.40 0.36 10.00 2.2649 4.9930 0.4536
0.09 0.50 0.36 10.00 2.1464 4.9787 0.4311
0.09 0.60 0.36 10.00 2.0449 4.9766 0.4109
0.09 0.70 0.36 10.00 1.9082 4.9426 0.3861
0.09 0.80 0.36 10.00 1.7163 4.8856 0.3513
0.01 0.20 0.38 10.00 2.1747 4.9722 0.4374
0.01 0.30 0.38 10.00 2.1507 4.9635 0.4333
0.01 0.40 0.38 10.00 2.1342 4.9577 0.4305
0.01 0.50 0.38 10.00 2.1215 4.9536 0.4283
0.01 0.60 0.38 10.00 2.1104 4.9503 0.4263
0.01 0.70 0.38 10.00 2.0975 4.9469 0.4240
0.01 0.80 0.38 10.00 2.0755 4.9410 0.4201
0.02 0.20 0.38 10.00 2.2341 5.0029 0.4466
0.02 0.30 0.38 10.00 2.1859 4.9868 0.4383
0.02 0.40 0.38 10.00 2.1521 4.9760 0.4325
0.02 0.50 0.38 10.00 2.1251 4.9685 0.4277
0.02 0.60 0.38 10.00 2.1010 4.9626 0.4234
0.02 0.70 0.38 10.00 2.0762 4.9572 0.4188
0.02 0.80 0.38 10.00 2.0328 4.9444 0.4111
0.03 0.20 0.38 10.00 2.2920 5.0384 0.4549
0.03 0.30 0.38 10.00 2.2168 5.0153 0.4420
0.03 0.40 0.38 10.00 2.1663 5.0006 0.4332
0.03 0.50 0.38 10.00 2.1282 4.9911 0.4264
0.03 0.60 0.38 10.00 2.0942 4.9840 0.4202
0.03 0.70 0.38 10.00 2.0483 4.9725 0.4119
0.03 0.80 0.38 10.00 1.9721 4.9400 0.3992
0.04 0.20 0.38 10.00 2.3501 5.0790 0.4627
0.04 0.30 0.38 10.00 2.2502 5.0501 0.4456
0.04 0.40 0.38 10.00 2.1825 5.0324 0.4337
0.04 0.50 0.38 10.00 2.1302 5.0204 0.4243
0.04 0.60 0.38 10.00 2.0764 5.0076 0.4146
0.04 0.70 0.38 10.00 2.0094 4.9847 0.4031
0.04 0.80 0.38 10.00 1.9319 4.9570 0.3897
0.05 0.20 0.38 10.00 2.4099 5.1264 0.4701
0.05 0.30 0.38 10.00 2.2836 5.0914 0.4485
0.05 0.40 0.38 10.00 2.1957 5.0697 0.4331
0.05 0.50 0.38 10.00 2.1217 5.0520 0.4200
0.05 0.60 0.38 10.00 2.0526 5.0296 0.4081
0.05 0.70 0.38 10.00 1.9811 5.0108 0.3954
0.05 0.80 0.38 10.00 1.8887 4.9903 0.3785
0.06 0.20 0.38 10.00 2.4686 5.1804 0.4765
0.06 0.30 0.38 10.00 2.3126 5.1369 0.4502
0.06 0.40 0.38 10.00 2.2003 5.1093 0.4306
0.06 0.50 0.38 10.00 2.1111 5.0848 0.4152
0.06 0.60 0.38 10.00 2.0334 5.0654 0.4014
0.06 0.70 0.38 10.00 1.9530 5.0543 0.3864
0.06 0.80 0.38 10.00 1.8282 5.0114 0.3648
0.07 0.20 0.38 10.00 2.5249 5.2374 0.4821
0.07 0.30 0.38 10.00 2.3347 5.1861 0.4502
0.07 0.40 0.38 10.00 2.2035 5.1515 0.4277
0.07 0.50 0.38 10.00 2.1036 5.1268 0.4103
0.07 0.60 0.38 10.00 2.0189 5.1116 0.3950
0.07 0.70 0.38 10.00 1.9293 5.1086 0.3776
0.07 0.80 0.38 10.00 1.7770 5.0473 0.3521
0.08 0.20 0.38 10.00 2.5727 5.2994 0.4855
0.08 0.30 0.38 10.00 2.3553 5.2394 0.4495
0.08 0.40 0.38 10.00 2.2088 5.2014 0.4246
0.08 0.50 0.38 10.00 2.0987 5.1786 0.4053
0.08 0.60 0.38 10.00 2.0013 5.1725 0.3869
0.08 0.70 0.38 10.00 1.8938 5.1597 0.3670
0.08 0.80 0.38 10.00 1.7174 5.0988 0.3368
0.09 0.20 0.38 10.00 2.6143 5.3696 0.4869
0.09 0.30 0.38 10.00 2.3775 5.2997 0.4486
0.09 0.40 0.38 10.00 2.2151 5.2609 0.4211
0.09 0.50 0.38 10.00 2.0957 5.2426 0.3997
0.09 0.60 0.38 10.00 1.9867 5.2411 0.3791
0.09 0.70 0.38 10.00 1.8492 5.2096 0.3550
0.09 0.80 0.38 10.00 1.6585 5.1535 0.3218
0.01 0.20 0.40 10.00 2.1184 5.2616 0.4026
0.01 0.30 0.40 10.00 2.0938 5.2527 0.3986
0.01 0.40 0.40 10.00 2.0765 5.2466 0.3958
0.01 0.50 0.40 10.00 2.0632 5.2422 0.3936
0.01 0.60 0.40 10.00 2.0515 5.2387 0.3916
0.01 0.70 0.40 10.00 2.0387 5.2352 0.3894
0.01 0.80 0.40 10.00 2.0187 5.2298 0.3860
0.02 0.20 0.40 10.00 2.1794 5.2923 0.4118
0.02 0.30 0.40 10.00 2.1296 5.2753 0.4037
0.02 0.40 0.40 10.00 2.0949 5.2642 0.3980
0.02 0.50 0.40 10.00 2.0681 5.2565 0.3934
0.02 0.60 0.40 10.00 2.0425 5.2504 0.3890
0.02 0.70 0.40 10.00 2.0138 5.2438 0.3840
0.02 0.80 0.40 10.00 1.9741 5.2325 0.3773
0.03 0.20 0.40 10.00 2.2407 5.3283 0.4205
0.03 0.30 0.40 10.00 2.1642 5.3038 0.4081
0.03 0.40 0.40 10.00 2.1097 5.2881 0.3990
0.03 0.50 0.40 10.00 2.0672 5.2770 0.3917
0.03 0.60 0.40 10.00 2.0313 5.2688 0.3855
0.03 0.70 0.40 10.00 1.9899 5.2594 0.3784
0.03 0.80 0.40 10.00 1.9106 5.2249 0.3657
0.04 0.20 0.40 10.00 2.3001 5.3692 0.4284
0.04 0.30 0.40 10.00 2.1949 5.3374 0.4112
0.04 0.40 0.40 10.00 2.1238 5.3173 0.3994
0.04 0.50 0.40 10.00 2.0695 5.3046 0.3901
0.04 0.60 0.40 10.00 2.0185 5.2933 0.3813
0.04 0.70 0.40 10.00 1.9479 5.2702 0.3696
0.04 0.80 0.40 10.00 1.8678 5.2375 0.3566
0.05 0.20 0.40 10.00 2.3605 5.4145 0.4360
0.05 0.30 0.40 10.00 2.2288 5.3764 0.4146
0.05 0.40 0.40 10.00 2.1392 5.3539 0.3996
0.05 0.50 0.40 10.00 2.0673 5.3364 0.3874
0.05 0.60 0.40 10.00 1.9924 5.3162 0.3748
0.05 0.70 0.40 10.00 1.9175 5.2914 0.3624
0.05 0.80 0.40 10.00 1.8261 5.2699 0.3465
0.06 0.20 0.40 10.00 2.4221 5.4662 0.4431
0.06 0.30 0.40 10.00 2.2625 5.4218 0.4173
0.06 0.40 0.40 10.00 2.1495 5.3934 0.3985
0.06 0.50 0.40 10.00 2.0550 5.3691 0.3827
0.06 0.60 0.40 10.00 1.9720 5.3447 0.3690
0.06 0.70 0.40 10.00 1.8953 5.3300 0.3556
0.06 0.80 0.40 10.00 1.7706 5.2932 0.3345
0.07 0.20 0.40 10.00 2.4829 5.5245 0.4494
0.07 0.30 0.40 10.00 2.2914 5.4700 0.4189
0.07 0.40 0.40 10.00 2.1524 5.4353 0.3960
0.07 0.50 0.40 10.00 2.0451 5.4054 0.3783
0.07 0.60 0.40 10.00 1.9571 5.3867 0.3633
0.07 0.70 0.40 10.00 1.8660 5.3820 0.3467
0.07 0.80 0.40 10.00 1.7121 5.3204 0.3218
0.08 0.20 0.40 10.00 2.5397 5.5846 0.4548
0.08 0.30 0.40 10.00 2.3136 5.5216 0.4190
0.08 0.40 0.40 10.00 2.1563 5.4789 0.3936
0.08 0.50 0.40 10.00 2.0399 5.4543 0.3740
0.08 0.60 0.40 10.00 1.9396 5.4439 0.3563
0.08 0.70 0.40 10.00 1.8355 5.4353 0.3377
0.08 0.80 0.40 10.00 1.6601 5.3718 0.3090
0.09 0.20 0.40 10.00 2.5865 5.6517 0.4577
0.09 0.30 0.40 10.00 2.3343 5.5780 0.4185
0.09 0.40 0.40 10.00 2.1636 5.5353 0.3909
0.09 0.50 0.40 10.00 2.0359 5.5122 0.3694
0.09 0.60 0.40 10.00 1.9257 5.5100 0.3495
0.09 0.70 0.40 10.00 1.7877 5.4817 0.3261
0.09 0.80 0.40 10.00 1.6041 5.4276 0.2955
