0.00 0.00 0.10 5.00 1.4388 1.0347 1.3906
0.00 0.00 0.12 5.00 1.4259 1.2670 1.1254
0.00 0.00 0.14 5.00 1.4042 1.4992 0.9366
0.00 0.00 0.16 5.00 1.3799 1.7374 0.7942
0.00 0.00 0.18 5.00 1.3536 1.9811 0.6833
0.00 0.00 0.20 5.00 1.3284 2.2297 0.5958
0.00 0.00 0.22 5.00 1.3018 2.4825 0.5244
0.00 0.00 0.24 5.00 1.2759 2.7382 0.4660
0.00 0.00 0.26 5.00 1.2480 2.9979 0.4163
0.00 0.00 0.28 5.00 1.2170 3.2624 0.3731
0.00 0.00 0.30 5.00 1.1874 3.5316 0.3362
0.00 0.00 0.32 5.00 1.1568 3.8056 0.3040
0.00 0.00 0.34 5.00 1.1264 4.0860 0.2757
0.00 0.00 0.36 5.00 1.0982 4.3713 0.2512
0.00 0.00 0.38 5.00 1.0673 4.6610 0.2290
0.00 0.00 0.40 5.00 1.0356 4.9565 0.2089
0.01 0.20 0.10 5.00 1.4336 1.0401 1.3783
0.01 0.30 0.10 5.00 1.4287 1.0377 1.3768
0.01 0.40 0.10 5.00 1.4266 1.0368 1.3760
0.01 0.50 0.10 5.00 1.4246 1.0365 1.3744
0.01 0.60 0.10 5.00 1.4218 1.0366 1.3716
0.01 0.70 0.10 5.00 1.4137 1.0366 1.3638
0.01 0.80 0.10 5.00 1.3970 1.0359 1.3486
0.02 0.20 0.10 5.00 1.4298 1.0674 1.3395
0.02 0.30 0.10 5.00 1.4189 1.0598 1.3388
0.02 0.40 0.10 5.00 1.4145 1.0567 1.3386
0.02 0.50 0.10 5.00 1.4109 1.0564 1.3356
0.02 0.60 0.10 5.00 1.4034 1.0575 1.3272
0.02 0.70 0.10 5.00 1.4000 1.0652 1.3143
0.02 0.80 0.10 5.00 1.3702 1.0762 1.2732
0.03 0.20 0.10 5.00 1.4226 1.1164 1.2743
0.03 0.30 0.10 5.00 1.4098 1.0998 1.2818
0.03 0.40 0.10 5.00 1.4019 1.0929 1.2827
0.03 0.50 0.10 5.00 1.4056 1.0957 1.2829
0.03 0.60 0.10 5.00 1.3978 1.1041 1.2660
0.03 0.70 0.10 5.00 1.3779 1.1168 1.2337
0.03 0.80 0.10 5.00 1.2998 1.0984 1.1834
0.04 0.20 0.10 5.00 1.4182 1.1861 1.1957
0.04 0.30 0.10 5.00 1.4064 1.1600 1.2125
0.04 0.40 0.10 5.00 1.3998 1.1514 1.2158
0.04 0.50 0.10 5.00 1.3932 1.1543 1.2070
0.04 0.60 0.10 5.00 1.3805 1.1650 1.1850
0.04 0.70 0.10 5.00 1.3308 1.1627 1.1446
0.04 0.80 0.10 5.00 1.2302 1.1226 1.0959
0.05 0.20 0.10 5.00 1.4242 1.2841 1.1092
0.05 0.30 0.10 5.00 1.3974 1.2403 1.1266
0.05 0.40 0.10 5.00 1.3876 1.2255 1.1322
0.05 0.50 0.10 5.00 1.3771 1.2257 1.1235
0.05 0.60 0.10 5.00 1.3422 1.2249 1.0958
0.05 0.70 0.10 5.00 1.2632 1.1936 1.0583
0.05 0.80 0.10 5.00 1.1926 1.2149 0.9817
0.06 0.20 0.10 5.00 1.4228 1.4044 1.0131
0.06 0.30 0.10 5.00 1.3899 1.3371 1.0395
0.06 0.40 0.10 5.00 1.3716 1.3126 1.0450
0.06 0.50 0.10 5.00 1.3450 1.3003 1.0344
0.06 0.60 0.10 5.00 1.2953 1.2777 1.0138
0.06 0.70 0.10 5.00 1.2347 1.2699 0.9723
0.06 0.80 0.10 5.00 1.1347 1.3252 0.8562
0.07 0.20 0.10 5.00 1.4239 1.5461 0.9210
0.07 0.30 0.10 5.00 1.3784 1.4495 0.9510
0.07 0.40 0.10 5.00 1.3457 1.4053 0.9576
0.07 0.50 0.10 5.00 1.3050 1.3739 0.9498
0.07 0.60 0.10 5.00 1.2520 1.3443 0.9313
0.07 0.70 0.10 5.00 1.2095 1.3830 0.8745
0.07 0.80 0.10 5.00 0.9973 1.3176 0.7569
0.08 0.20 0.10 5.00 1.4297 1.7048 0.8386
0.08 0.30 0.10 5.00 1.3591 1.5714 0.8649
0.08 0.40 0.10 5.00 1.3153 1.5027 0.8753
0.08 0.50 0.10 5.00 1.2544 1.4518 0.8640
0.08 0.60 0.10 5.00 1.2248 1.4512 0.8440
0.08 0.70 0.10 5.00 1.1582 1.5064 0.7689
0.08 0.80 0.10 5.00 0.9757 1.4619 0.6674
0.09 0.20 0.10 5.00 1.4361 1.8727 0.7669
0.09 0.30 0.10 5.00 1.3373 1.7042 0.7847
0.09 0.40 0.10 5.00 1.2827 1.6063 0.7985
0.09 0.50 0.10 5.00 1.2350 1.5577 0.7928
0.09 0.60 0.10 5.00 1.1961 1.5800 0.7570
0.09 0.70 0.10 5.00 1.0949 1.6375 0.6686
0.09 0.80 0.10 5.00 0.9263 1.6244 0.5703
0.01 0.20 0.12 5.00 1.4199 1.2696 1.1184
0.01 0.30 0.12 5.00 1.4125 1.2673 1.1146
0.01 0.40 0.12 5.00 1.4083 1.2661 1.1123
0.01 0.50 0.12 5.00 1.4045 1.2653 1.1100
0.01 0.60 0.12 5.00 1.3997 1.2643 1.1071
0.01 0.70 0.12 5.00 1.3927 1.2631 1.1027
0.01 0.80 0.12 5.00 1.3784 1.2609 1.0932
0.02 0.20 0.12 5.00 1.4185 1.2916 1.0982
0.02 0.30 0.12 5.00 1.4050 1.2851 1.0933
0.02 0.40 0.12 5.00 1.3997 1.2820 1.0918
0.02 0.50 0.12 5.00 1.3960 1.2812 1.0896
0.02 0.60 0.12 5.00 1.3888 1.2818 1.0835
0.02 0.70 0.12 5.00 1.3810 1.2866 1.0734
0.02 0.80 0.12 5.00 1.3484 1.2949 1.0413
0.03 0.20 0.12 5.00 1.4223 1.3339 1.0663
0.03 0.30 0.12 5.00 1.4032 1.3205 1.0626
0.03 0.40 0.12 5.00 1.3938 1.3152 1.0598
0.03 0.50 0.12 5.00 1.3850 1.3149 1.0533
0.03 0.60 0.12 5.00 1.3813 1.3237 1.0435
0.03 0.70 0.12 5.00 1.3594 1.3347 1.0185
0.03 0.80 0.12 5.00 1.2855 1.3273 0.9686
0.04 0.20 0.12 5.00 1.4242 1.3963 1.0200
0.04 0.30 0.12 5.00 1.3976 1.3738 1.0173
0.04 0.40 0.12 5.00 1.3915 1.3681 1.0171
0.04 0.50 0.12 5.00 1.3812 1.3712 1.0073
0.04 0.60 0.12 5.00 1.3640 1.3801 0.9883
0.04 0.70 0.12 5.00 1.3177 1.3868 0.9502
0.04 0.80 0.12 5.00 1.2107 1.3460 0.8995
0.05 0.20 0.12 5.00 1.4312 1.4838 0.9645
0.05 0.30 0.12 5.00 1.3985 1.4486 0.9654
0.05 0.40 0.12 5.00 1.3822 1.4371 0.9618
0.05 0.50 0.12 5.00 1.3657 1.4380 0.9498
0.05 0.60 0.12 5.00 1.3319 1.4449 0.9218
0.05 0.70 0.12 5.00 1.2635 1.4222 0.8884
0.05 0.80 0.12 5.00 1.1795 1.4285 0.8257
0.06 0.20 0.12 5.00 1.4364 1.5926 0.9019
0.06 0.30 0.12 5.00 1.3923 1.5381 0.9052
0.06 0.40 0.12 5.00 1.3684 1.5184 0.9012
0.06 0.50 0.12 5.00 1.3392 1.5152 0.8838
0.06 0.60 0.12 5.00 1.2896 1.5016 0.8588
0.06 0.70 0.12 5.00 1.2184 1.4858 0.8200
0.06 0.80 0.12 5.00 1.1239 1.5348 0.7323
0.07 0.20 0.12 5.00 1.4400 1.7202 0.8371
0.07 0.30 0.12 5.00 1.3818 1.6435 0.8408
0.07 0.40 0.12 5.00 1.3468 1.6118 0.8356
0.07 0.50 0.12 5.00 1.3069 1.5919 0.8209
0.07 0.60 0.12 5.00 1.2463 1.5661 0.7958
0.07 0.70 0.12 5.00 1.1960 1.5908 0.7518
0.07 0.80 0.12 5.00 0.9981 1.5514 0.6434
0.08 0.20 0.12 5.00 1.4421 1.8696 0.7714
0.08 0.30 0.12 5.00 1.3684 1.7630 0.7762
0.08 0.40 0.12 5.00 1.3219 1.7102 0.7730
0.08 0.50 0.12 5.00 1.2707 1.6694 0.7611
0.08 0.60 0.12 5.00 1.2170 1.6595 0.7333
0.08 0.70 0.12 5.00 1.1532 1.7118 0.6737
0.08 0.80 0.12 5.00 0.9600 1.6619 0.5777
0.09 0.20 0.12 5.00 1.4456 2.0356 0.7101
0.09 0.30 0.12 5.00 1.3551 1.8915 0.7164
0.09 0.40 0.12 5.00 1.2921 1.8115 0.7133
0.09 0.50 0.12 5.00 1.2356 1.7663 0.6995
0.09 0.60 0.12 5.00 1.1938 1.7806 0.6705
0.09 0.70 0.12 5.00 1.0936 1.8404 0.5942
0.09 0.80 0.12 5.00 0.9157 1.8197 0.5032
0.01 0.20 0.14 5.00 1.4043 1.5031 0.9343
0.01 0.30 0.14 5.00 1.3951 1.5007 0.9296
0.01 0.40 0.14 5.00 1.3895 1.4993 0.9268
0.01 0.50 0.14 5.00 1.3844 1.4980 0.9242
0.01 0.60 0.14 5.00 1.3783 1.4964 0.9211
0.01 0.70 0.14 5.00 1.3695 1.4939 0.9168
0.01 0.80 0.14 5.00 1.3546 1.4899 0.9092
0.02 0.20 0.14 5.00 1.4083 1.5228 0.9248
0.02 0.30 0.14 5.00 1.3909 1.5163 0.9173
0.02 0.40 0.14 5.00 1.3820 1.5126 0.9137
0.02 0.50 0.14 5.00 1.3754 1.5107 0.9105
0.02 0.60 0.14 5.00 1.3687 1.5108 0.9060
0.02 0.70 0.14 5.00 1.3542 1.5130 0.8950
0.02 0.80 0.14 5.00 1.3248 1.5193 0.8720
0.03 0.20 0.14 5.00 1.4161 1.5593 0.9082
0.03 0.30 0.14 5.00 1.3917 1.5479 0.8991
0.03 0.40 0.14 5.00 1.3803 1.5431 0.8945
0.03 0.50 0.14 5.00 1.3701 1.5427 0.8881
0.03 0.60 0.14 5.00 1.3618 1.5484 0.8795
0.03 0.70 0.14 5.00 1.3386 1.5572 0.8597
0.03 0.80 0.14 5.00 1.2692 1.5582 0.8145
0.04 0.20 0.14 5.00 1.4266 1.6161 0.8827
0.04 0.30 0.14 5.00 1.3930 1.5976 0.8719
0.04 0.40 0.14 5.00 1.3754 1.5909 0.8645
0.04 0.50 0.14 5.00 1.3652 1.5938 0.8566
0.04 0.60 0.14 5.00 1.3463 1.6019 0.8405
0.04 0.70 0.14 5.00 1.3028 1.6141 0.8071
0.04 0.80 0.14 5.00 1.1952 1.5758 0.7585
0.05 0.20 0.14 5.00 1.4338 1.6923 0.8472
0.05 0.30 0.14 5.00 1.3969 1.6658 0.8386
0.05 0.40 0.14 5.00 1.3728 1.6562 0.8288
0.05 0.50 0.14 5.00 1.3532 1.6579 0.8162
0.05 0.60 0.14 5.00 1.3209 1.6696 0.7912
0.05 0.70 0.14 5.00 1.2529 1.6550 0.7570
0.05 0.80 0.14 5.00 1.1605 1.6470 0.7046
0.06 0.20 0.14 5.00 1.4440 1.7921 0.8058
0.06 0.30 0.14 5.00 1.3936 1.7493 0.7966
0.06 0.40 0.14 5.00 1.3639 1.7339 0.7866
0.06 0.50 0.14 5.00 1.3333 1.7361 0.7680
0.06 0.60 0.14 5.00 1.2851 1.7310 0.7424
0.06 0.70 0.14 5.00 1.2060 1.7106 0.7050
0.06 0.80 0.14 5.00 1.1067 1.7471 0.6334
0.07 0.20 0.14 5.00 1.4512 1.9114 0.7592
0.07 0.30 0.14 5.00 1.3889 1.8474 0.7518
0.07 0.40 0.14 5.00 1.3488 1.8263 0.7386
0.07 0.50 0.14 5.00 1.3070 1.8146 0.7203
0.07 0.60 0.14 5.00 1.2425 1.7920 0.6934
0.07 0.70 0.14 5.00 1.1822 1.8055 0.6548
0.07 0.80 0.14 5.00 0.9998 1.7870 0.5595
0.08 0.20 0.14 5.00 1.4590 2.0479 0.7124
0.08 0.30 0.14 5.00 1.3801 1.9612 0.7037
0.08 0.40 0.14 5.00 1.3292 1.9240 0.6908
0.08 0.50 0.14 5.00 1.2735 1.8935 0.6726
0.08 0.60 0.14 5.00 1.2108 1.8777 0.6448
0.08 0.70 0.14 5.00 1.1447 1.9235 0.5951
0.08 0.80 0.14 5.00 0.9475 1.8727 0.5059
0.09 0.20 0.14 5.00 1.4632 2.2055 0.6635
0.09 0.30 0.14 5.00 1.3685 2.0874 0.6556
0.09 0.40 0.14 5.00 1.3050 2.0245 0.6446
0.09 0.50 0.14 5.00 1.2369 1.9829 0.6238
0.09 0.60 0.14 5.00 1.1911 1.9918 0.5980
0.09 0.70 0.14 5.00 1.0860 2.0499 0.5298
0.09 0.80 0.14 5.00 0.9030 2.0225 0.4465
0.01 0.20 0.16 5.00 1.3875 1.7406 0.7972
0.01 0.30 0.16 5.00 1.3763 1.7379 0.7919
0.01 0.40 0.16 5.00 1.3699 1.7363 0.7889
0.01 0.50 0.16 5.00 1.3630 1.7341 0.7860
0.01 0.60 0.16 5.00 1.3554 1.7330 0.7821
0.01 0.70 0.16 5.00 1.3456 1.7301 0.7777
0.01 0.80 0.16 5.00 1.3279 1.7248 0.7699
0.02 0.20 0.16 5.00 1.3962 1.7586 0.7939
0.02 0.30 0.16 5.00 1.3751 1.7525 0.7846
0.02 0.40 0.16 5.00 1.3631 1.7487 0.7795
0.02 0.50 0.16 5.00 1.3536 1.7463 0.7751
0.02 0.60 0.16 5.00 1.3438 1.7450 0.7701
0.02 0.70 0.16 5.00 1.3296 1.7456 0.7617
0.02 0.80 0.16 5.00 1.3004 1.7494 0.7433
0.03 0.20 0.16 5.00 1.4089 1.7927 0.7859
0.03 0.30 0.16 5.00 1.3781 1.7817 0.7735
0.03 0.40 0.16 5.00 1.3617 1.7763 0.7666
0.03 0.50 0.16 5.00 1.3500 1.7750 0.7606
0.03 0.60 0.16 5.00 1.3350 1.7777 0.7509
0.03 0.70 0.16 5.00 1.3145 1.7871 0.7355
0.03 0.80 0.16 5.00 1.2537 1.7924 0.6994
0.04 0.20 0.16 5.00 1.4233 1.8437 0.7720
0.04 0.30 0.16 5.00 1.3833 1.8274 0.7569
0.04 0.40 0.16 5.00 1.3615 1.8206 0.7478
0.04 0.50 0.16 5.00 1.3487 1.8232 0.7398
0.04 0.60 0.16 5.00 1.3259 1.8305 0.7244
0.04 0.70 0.16 5.00 1.2860 1.8442 0.6973
0.04 0.80 0.16 5.00 1.1776 1.8084 0.6512
0.05 0.20 0.16 5.00 1.4386 1.9127 0.7521
0.05 0.30 0.16 5.00 1.3868 1.8895 0.7339
0.05 0.40 0.16 5.00 1.3631 1.8827 0.7240
0.05 0.50 0.16 5.00 1.3380 1.8845 0.7100
0.05 0.60 0.16 5.00 1.3062 1.8966 0.6887
0.05 0.70 0.16 5.00 1.2417 1.8936 0.6557
0.05 0.80 0.16 5.00 1.1390 1.8710 0.6088
0.06 0.20 0.16 5.00 1.4501 2.0004 0.7249
0.06 0.30 0.16 5.00 1.3941 1.9681 0.7084
0.06 0.40 0.16 5.00 1.3564 1.9572 0.6931
0.06 0.50 0.16 5.00 1.3238 1.9603 0.6753
0.06 0.60 0.16 5.00 1.2769 1.9632 0.6504
0.06 0.70 0.16 5.00 1.1888 1.9386 0.6132
0.06 0.80 0.16 5.00 1.0835 1.9646 0.5515
0.07 0.20 0.16 5.00 1.4648 2.1091 0.6945
0.07 0.30 0.16 5.00 1.3927 2.0620 0.6754
0.07 0.40 0.16 5.00 1.3473 2.0458 0.6586
0.07 0.50 0.16 5.00 1.3039 2.0412 0.6388
0.07 0.60 0.16 5.00 1.2372 2.0274 0.6102
0.07 0.70 0.16 5.00 1.1662 2.0262 0.5756
0.07 0.80 0.16 5.00 0.9933 2.0299 0.4893
0.08 0.20 0.16 5.00 1.4730 2.2391 0.6579
0.08 0.30 0.16 5.00 1.3899 2.1700 0.6405
0.08 0.40 0.16 5.00 1.3342 2.1431 0.6225
0.08 0.50 0.16 5.00 1.2754 2.1246 0.6003
0.08 0.60 0.16 5.00 1.1998 2.1011 0.5710
0.08 0.70 0.16 5.00 1.1319 2.1400 0.5289
0.08 0.80 0.16 5.00 0.9298 2.0882 0.4453
0.09 0.20 0.16 5.00 1.4815 2.3870 0.6206
0.09 0.30 0.16 5.00 1.3851 2.2896 0.6050
0.09 0.40 0.16 5.00 1.3155 2.2446 0.5861
0.09 0.50 0.16 5.00 1.2418 2.2081 0.5624
0.09 0.60 0.16 5.00 1.1817 2.2073 0.5354
0.09 0.70 0.16 5.00 1.0783 2.2613 0.4769
0.09 0.80 0.16 5.00 0.8875 2.2308 0.3978
0.01 0.20 0.18 5.00 1.3691 1.9860 0.6894
0.01 0.30 0.18 5.00 1.3559 1.9833 0.6837
0.01 0.40 0.18 5.00 1.3476 1.9814 0.6801
0.01 0.50 0.18 5.00 1.3408 1.9794 0.6774
0.01 0.60 0.18 5.00 1.3316 1.9769 0.6736
0.01 0.70 0.18 5.00 1.3180 1.9731 0.6680
0.01 0.80 0.18 5.00 1.2982 1.9673 0.6599
0.02 0.20 0.18 5.00 1.3847 2.0020 0.6917
0.02 0.30 0.18 5.00 1.3605 1.9970 0.6813
0.02 0.40 0.18 5.00 1.3417 1.9922 0.6735
0.02 0.50 0.18 5.00 1.3295 1.9896 0.6682
0.02 0.60 0.18 5.00 1.3167 1.9871 0.6626
0.02 0.70 0.18 5.00 1.3003 1.9853 0.6550
0.02 0.80 0.18 5.00 1.2720 1.9880 0.6398
0.03 0.20 0.18 5.00 1.4006 2.0329 0.6890
0.03 0.30 0.18 5.00 1.3653 2.0240 0.6746
0.03 0.40 0.18 5.00 1.3418 2.0174 0.6651
0.03 0.50 0.18 5.00 1.3255 2.0149 0.6578
0.03 0.60 0.18 5.00 1.3110 2.0166 0.6501
0.03 0.70 0.18 5.00 1.2883 2.0246 0.6363
0.03 0.80 0.18 5.00 1.2308 2.0322 0.6057
0.04 0.20 0.18 5.00 1.4189 2.0786 0.6826
0.04 0.30 0.18 5.00 1.3709 2.0642 0.6641
0.04 0.40 0.18 5.00 1.3447 2.0577 0.6535
0.04 0.50 0.18 5.00 1.3249 2.0569 0.6441
0.04 0.60 0.18 5.00 1.3043 2.0666 0.6311
0.04 0.70 0.18 5.00 1.2658 2.0795 0.6087
0.04 0.80 0.18 5.00 1.1584 2.0556 0.5635
0.05 0.20 0.18 5.00 1.4386 2.1408 0.6720
0.05 0.30 0.18 5.00 1.3808 2.1217 0.6508
0.05 0.40 0.18 5.00 1.3461 2.1133 0.6370
0.05 0.50 0.18 5.00 1.3223 2.1183 0.6242
0.05 0.60 0.18 5.00 1.2902 2.1297 0.6058
0.05 0.70 0.18 5.00 1.2247 2.1370 0.5731
0.05 0.80 0.18 5.00 1.1137 2.1023 0.5298
0.06 0.20 0.18 5.00 1.4595 2.2208 0.6572
0.06 0.30 0.18 5.00 1.3858 2.1935 0.6318
0.06 0.40 0.18 5.00 1.3481 2.1868 0.6165
0.06 0.50 0.18 5.00 1.3138 2.1903 0.5998
0.06 0.60 0.18 5.00 1.2646 2.2007 0.5746
0.06 0.70 0.18 5.00 1.1739 2.1755 0.5396
0.06 0.80 0.18 5.00 1.0645 2.1926 0.4855
0.07 0.20 0.18 5.00 1.4790 2.3199 0.6375
0.07 0.30 0.18 5.00 1.3950 2.2836 0.6109
0.07 0.40 0.18 5.00 1.3436 2.2702 0.5918
0.07 0.50 0.18 5.00 1.2970 2.2721 0.5708
0.07 0.60 0.18 5.00 1.2276 2.2684 0.5412
0.07 0.70 0.18 5.00 1.1451 2.2529 0.5083
0.07 0.80 0.18 5.00 0.9844 2.2754 0.4326
0.08 0.20 0.18 5.00 1.4922 2.4365 0.6124
0.08 0.30 0.18 5.00 1.3973 2.3845 0.5860
0.08 0.40 0.18 5.00 1.3351 2.3651 0.5645
0.08 0.50 0.18 5.00 1.2715 2.3586 0.5391
0.08 0.60 0.18 5.00 1.1865 2.3284 0.5096
0.08 0.70 0.18 5.00 1.1130 2.3594 0.4717
0.08 0.80 0.18 5.00 0.9101 2.3104 0.3939
0.09 0.20 0.18 5.00 1.5019 2.5755 0.5832
0.09 0.30 0.18 5.00 1.3979 2.4989 0.5594
0.09 0.40 0.18 5.00 1.3198 2.4688 0.5346
0.09 0.50 0.18 5.00 1.2409 2.4423 0.5081
0.09 0.60 0.18 5.00 1.1679 2.4285 0.4809
0.09 0.70 0.18 5.00 1.0662 2.4783 0.4302
0.09 0.80 0.18 5.00 0.8671 2.4443 0.3547
0.01 0.20 0.20 5.00 1.3499 2.2372 0.6034
0.01 0.30 0.20 5.00 1.3354 2.2342 0.5977
0.01 0.40 0.20 5.00 1.3260 2.2323 0.5940
0.01 0.50 0.20 5.00 1.3180 2.2306 0.5908
0.01 0.60 0.20 5.00 1.3089 2.2284 0.5874
0.01 0.70 0.20 5.00 1.2960 2.2241 0.5827
0.01 0.80 0.20 5.00 1.2705 2.2162 0.5733
0.02 0.20 0.20 5.00 1.3718 2.2541 0.6086
0.02 0.30 0.20 5.00 1.3419 2.2481 0.5969
0.02 0.40 0.20 5.00 1.3234 2.2433 0.5900
0.02 0.50 0.20 5.00 1.3088 2.2392 0.5845
0.02 0.60 0.20 5.00 1.2912 2.2360 0.5774
0.02 0.70 0.20 5.00 1.2738 2.2329 0.5705
0.02 0.80 0.20 5.00 1.2395 2.2305 0.5557
0.03 0.20 0.20 5.00 1.3932 2.2800 0.6111
0.03 0.30 0.20 5.00 1.3471 2.2714 0.5931
0.03 0.40 0.20 5.00 1.3220 2.2663 0.5833
0.03 0.50 0.20 5.00 1.3034 2.2630 0.5760
0.03 0.60 0.20 5.00 1.2858 2.2618 0.5685
0.03 0.70 0.20 5.00 1.2570 2.2661 0.5547
0.03 0.80 0.20 5.00 1.2044 2.2759 0.5292
0.04 0.20 0.20 5.00 1.4160 2.3214 0.6100
0.04 0.30 0.20 5.00 1.3601 2.3097 0.5889
0.04 0.40 0.20 5.00 1.3278 2.3033 0.5765
0.04 0.50 0.20 5.00 1.3004 2.3007 0.5652
0.04 0.60 0.20 5.00 1.2753 2.3069 0.5528
0.04 0.70 0.20 5.00 1.2404 2.3212 0.5344
0.04 0.80 0.20 5.00 1.1374 2.3075 0.4929
0.05 0.20 0.20 5.00 1.4412 2.3777 0.6061
0.05 0.30 0.20 5.00 1.3737 2.3605 0.5819
0.05 0.40 0.20 5.00 1.3305 2.3538 0.5652
0.05 0.50 0.20 5.00 1.2982 2.3566 0.5509
0.05 0.60 0.20 5.00 1.2675 2.3691 0.5350
0.05 0.70 0.20 5.00 1.2040 2.3826 0.5053
0.05 0.80 0.20 5.00 1.0835 2.3399 0.4631
0.06 0.20 0.20 5.00 1.4660 2.4495 0.5985
0.06 0.30 0.20 5.00 1.3829 2.4273 0.5697
0.06 0.40 0.20 5.00 1.3370 2.4222 0.5520
0.06 0.50 0.20 5.00 1.2965 2.4268 0.5343
0.06 0.60 0.20 5.00 1.2462 2.4413 0.5105
0.06 0.70 0.20 5.00 1.1562 2.4262 0.4765
0.06 0.80 0.20 5.00 1.0416 2.4263 0.4293
0.07 0.20 0.20 5.00 1.4863 2.5388 0.5855
0.07 0.30 0.20 5.00 1.3953 2.5111 0.5557
0.07 0.40 0.20 5.00 1.3371 2.5013 0.5346
0.07 0.50 0.20 5.00 1.2845 2.5074 0.5123
0.07 0.60 0.20 5.00 1.2146 2.5129 0.4833
0.07 0.70 0.20 5.00 1.1196 2.4874 0.4501
0.07 0.80 0.20 5.00 0.9730 2.5196 0.3862
0.08 0.20 0.20 5.00 1.5092 2.6476 0.5700
0.08 0.30 0.20 5.00 1.4023 2.6064 0.5380
0.08 0.40 0.20 5.00 1.3322 2.5935 0.5137
0.08 0.50 0.20 5.00 1.2643 2.5947 0.4873
0.08 0.60 0.20 5.00 1.1783 2.5734 0.4579
0.08 0.70 0.20 5.00 1.0897 2.5864 0.4213
0.08 0.80 0.20 5.00 0.8874 2.5398 0.3494
0.09 0.20 0.20 5.00 1.5249 2.7727 0.5500
0.09 0.30 0.20 5.00 1.4053 2.7157 0.5175
0.09 0.40 0.20 5.00 1.3211 2.6954 0.4901
0.09 0.50 0.20 5.00 1.2384 2.6804 0.4620
0.09 0.60 0.20 5.00 1.1505 2.6568 0.4330
0.09 0.70 0.20 5.00 1.0516 2.7037 0.3890
0.09 0.80 0.20 5.00 0.8437 2.6640 0.3167
0.01 0.20 0.22 5.00 1.3319 2.4914 0.5346
0.01 0.30 0.22 5.00 1.3156 2.4887 0.5286
0.01 0.40 0.22 5.00 1.3050 2.4870 0.5247
0.01 0.50 0.22 5.00 1.2960 2.4854 0.5214
0.01 0.60 0.22 5.00 1.2858 2.4835 0.5177
0.01 0.70 0.22 5.00 1.2710 2.4797 0.5125
0.01 0.80 0.22 5.00 1.2466 2.4701 0.5047
0.02 0.20 0.22 5.00 1.3587 2.5090 0.5415
0.02 0.30 0.22 5.00 1.3251 2.5032 0.5294
0.02 0.40 0.22 5.00 1.3033 2.4987 0.5216
0.02 0.50 0.22 5.00 1.2857 2.4944 0.5154
0.02 0.60 0.22 5.00 1.2678 2.4888 0.5094
0.02 0.70 0.22 5.00 1.2458 2.4838 0.5016
0.02 0.80 0.22 5.00 1.2105 2.4798 0.4881
0.03 0.20 0.22 5.00 1.3842 2.5347 0.5461
0.03 0.30 0.22 5.00 1.3356 2.5253 0.5289
0.03 0.40 0.22 5.00 1.3043 2.5179 0.5180
0.03 0.50 0.22 5.00 1.2807 2.5140 0.5094
0.03 0.60 0.22 5.00 1.2583 2.5115 0.5010
0.03 0.70 0.22 5.00 1.2316 2.5144 0.4898
0.03 0.80 0.22 5.00 1.1760 2.5232 0.4661
0.04 0.20 0.22 5.00 1.4128 2.5698 0.5498
0.04 0.30 0.22 5.00 1.3471 2.5591 0.5264
0.04 0.40 0.22 5.00 1.3088 2.5521 0.5128
0.04 0.50 0.22 5.00 1.2798 2.5499 0.5019
0.04 0.60 0.22 5.00 1.2533 2.5543 0.4907
0.04 0.70 0.22 5.00 1.2138 2.5665 0.4729
0.04 0.80 0.22 5.00 1.1172 2.5618 0.4361
0.05 0.20 0.22 5.00 1.4419 2.6195 0.5504
0.05 0.30 0.22 5.00 1.3616 2.6065 0.5224
0.05 0.40 0.22 5.00 1.3148 2.6008 0.5055
0.05 0.50 0.22 5.00 1.2804 2.6024 0.4920
0.05 0.60 0.22 5.00 1.2446 2.6132 0.4763
0.05 0.70 0.22 5.00 1.1825 2.6288 0.4498
0.05 0.80 0.22 5.00 1.0540 2.5821 0.4082
0.06 0.20 0.22 5.00 1.4691 2.6858 0.5470
0.06 0.30 0.22 5.00 1.3767 2.6686 0.5159
0.06 0.40 0.22 5.00 1.3212 2.6635 0.4961
0.06 0.50 0.22 5.00 1.2789 2.6691 0.4792
0.06 0.60 0.22 5.00 1.2257 2.6837 0.4567
0.06 0.70 0.22 5.00 1.1388 2.6798 0.4250
0.06 0.80 0.22 5.00 1.0134 2.6626 0.3806
0.07 0.20 0.22 5.00 1.4941 2.7670 0.5400
0.07 0.30 0.22 5.00 1.3917 2.7443 0.5071
0.07 0.40 0.22 5.00 1.3270 2.7403 0.4843
0.07 0.50 0.22 5.00 1.2683 2.7468 0.4618
0.07 0.60 0.22 5.00 1.1996 2.7581 0.4349
0.07 0.70 0.22 5.00 1.0945 2.7262 0.4015
0.07 0.80 0.22 5.00 0.9580 2.7567 0.3475
0.08 0.20 0.22 5.00 1.5220 2.8671 0.5309
0.08 0.30 0.22 5.00 1.4004 2.8344 0.4941
0.08 0.40 0.22 5.00 1.3240 2.8269 0.4684
0.08 0.50 0.22 5.00 1.2535 2.8331 0.4424
0.08 0.60 0.22 5.00 1.1661 2.8236 0.4130
0.08 0.70 0.22 5.00 1.0686 2.8196 0.3790
0.08 0.80 0.22 5.00 0.8639 2.7731 0.3115
0.09 0.20 0.22 5.00 1.5405 2.9831 0.5164
0.09 0.30 0.22 5.00 1.4109 2.9387 0.4801
0.09 0.40 0.22 5.00 1.3183 2.9247 0.4507
0.09 0.50 0.22 5.00 1.2320 2.9211 0.4217
0.09 0.60 0.22 5.00 1.1316 2.8907 0.3915
0.09 0.70 0.22 5.00 1.0346 2.9335 0.3527
0.09 0.80 0.22 5.00 0.8203 2.8898 0.2838
0.01 0.20 0.24 5.00 1.3106 2.7483 0.4769
0.01 0.30 0.24 5.00 1.2928 2.7454 0.4709
0.01 0.40 0.24 5.00 1.2813 2.7437 0.4670
0.01 0.50 0.24 5.00 1.2717 2.7424 0.4637
0.01 0.60 0.24 5.00 1.2620 2.7408 0.4604
0.01 0.70 0.24 5.00 1.2479 2.7379 0.4558
0.01 0.80 0.24 5.00 1.2233 2.7298 0.4481
0.02 0.20 0.24 5.00 1.3444 2.7668 0.4859
0.02 0.30 0.24 5.00 1.3082 2.7613 0.4738
0.02 0.40 0.24 5.00 1.2847 2.7571 0.4660
0.02 0.50 0.24 5.00 1.2658 2.7533 0.4597
0.02 0.60 0.24 5.00 1.2462 2.7483 0.4534
0.02 0.70 0.24 5.00 1.2217 2.7405 0.4458
0.02 0.80 0.24 5.00 1.1824 2.7347 0.4324
0.03 0.20 0.24 5.00 1.3768 2.7928 0.4930
0.03 0.30 0.24 5.00 1.3227 2.7841 0.4751
0.03 0.40 0.24 5.00 1.2880 2.7761 0.4639
0.03 0.50 0.24 5.00 1.2591 2.7696 0.4546
0.03 0.60 0.24 5.00 1.2315 2.7664 0.4451
0.03 0.70 0.24 5.00 1.2029 2.7675 0.4346
0.03 0.80 0.24 5.00 1.1465 2.7738 0.4133
0.04 0.20 0.24 5.00 1.4091 2.8261 0.4986
0.04 0.30 0.24 5.00 1.3361 2.8140 0.4748
0.04 0.40 0.24 5.00 1.2891 2.8058 0.4594
0.04 0.50 0.24 5.00 1.2568 2.8031 0.4484
0.04 0.60 0.24 5.00 1.2251 2.8051 0.4367
0.04 0.70 0.24 5.00 1.1862 2.8169 0.4211
0.04 0.80 0.24 5.00 1.0960 2.8171 0.3891
0.05 0.20 0.24 5.00 1.4423 2.8708 0.5024
0.05 0.30 0.24 5.00 1.3504 2.8581 0.4725
0.05 0.40 0.24 5.00 1.2983 2.8517 0.4553
0.05 0.50 0.24 5.00 1.2567 2.8517 0.4407
0.05 0.60 0.24 5.00 1.2161 2.8614 0.4250
0.05 0.70 0.24 5.00 1.1580 2.8764 0.4026
0.05 0.80 0.24 5.00 1.0238 2.8288 0.3619
0.06 0.20 0.24 5.00 1.4722 2.9289 0.5026
0.06 0.30 0.24 5.00 1.3699 2.9162 0.4698
0.06 0.40 0.24 5.00 1.3045 2.9103 0.4482
0.06 0.50 0.24 5.00 1.2551 2.9152 0.4305
0.06 0.60 0.24 5.00 1.2030 2.9288 0.4107
0.06 0.70 0.24 5.00 1.1207 2.9343 0.3819
0.06 0.80 0.24 5.00 0.9869 2.9034 0.3399
0.07 0.20 0.24 5.00 1.5044 3.0048 0.5007
0.07 0.30 0.24 5.00 1.3848 2.9861 0.4637
0.07 0.40 0.24 5.00 1.3105 2.9828 0.4393
0.07 0.50 0.24 5.00 1.2505 2.9897 0.4183
0.07 0.60 0.24 5.00 1.1828 3.0041 0.3937
0.07 0.70 0.24 5.00 1.0726 2.9699 0.3612
0.07 0.80 0.24 5.00 0.9351 2.9948 0.3122
0.08 0.20 0.24 5.00 1.5316 3.0955 0.4948
0.08 0.30 0.24 5.00 1.4000 3.0706 0.4560
0.08 0.40 0.24 5.00 1.3144 3.0662 0.4287
0.08 0.50 0.24 5.00 1.2397 3.0737 0.4033
0.08 0.60 0.24 5.00 1.1534 3.0752 0.3751
0.08 0.70 0.24 5.00 1.0433 3.0558 0.3414
0.08 0.80 0.24 5.00 0.8493 3.0253 0.2807
0.09 0.20 0.24 5.00 1.5584 3.2040 0.4864
0.09 0.30 0.24 5.00 1.4144 3.1672 0.4466
0.09 0.40 0.24 5.00 1.3118 3.1595 0.4152
0.09 0.50 0.24 5.00 1.2251 3.1637 0.3872
0.09 0.60 0.24 5.00 1.1181 3.1343 0.3567
0.09 0.70 0.24 5.00 1.0115 3.1661 0.3195
0.09 0.80 0.24 5.00 0.7965 3.1193 0.2554
0.01 0.20 0.26 5.00 1.2880 3.0094 0.4280
0.01 0.30 0.26 5.00 1.2691 3.0064 0.4221
0.01 0.40 0.26 5.00 1.2569 3.0045 0.4183
0.01 0.50 0.26 5.00 1.2471 3.0031 0.4153
0.01 0.60 0.26 5.00 1.2373 3.0016 0.4122
0.01 0.70 0.26 5.00 1.2249 2.9994 0.4084
0.01 0.80 0.26 5.00 1.1992 2.9924 0.4008
0.02 0.20 0.26 5.00 1.3281 3.0281 0.4386
0.02 0.30 0.26 5.00 1.2902 3.0225 0.4269
0.02 0.40 0.26 5.00 1.2657 3.0187 0.4193
0.02 0.50 0.26 5.00 1.2451 3.0150 0.4130
0.02 0.60 0.26 5.00 1.2230 3.0111 0.4062
0.02 0.70 0.26 5.00 1.1947 3.0037 0.3978
0.02 0.80 0.26 5.00 1.1524 2.9948 0.3848
0.03 0.20 0.26 5.00 1.3672 3.0536 0.4477
0.03 0.30 0.26 5.00 1.3080 3.0460 0.4294
0.03 0.40 0.26 5.00 1.2694 3.0395 0.4176
0.03 0.50 0.26 5.00 1.2383 3.0337 0.4082
0.03 0.60 0.26 5.00 1.2091 3.0273 0.3994
0.03 0.70 0.26 5.00 1.1734 3.0261 0.3878
0.03 0.80 0.26 5.00 1.1176 3.0300 0.3688
0.04 0.20 0.26 5.00 1.4024 3.0873 0.4543
0.04 0.30 0.26 5.00 1.3239 3.0765 0.4303
0.04 0.40 0.26 5.00 1.2743 3.0677 0.4154
0.04 0.50 0.26 5.00 1.2334 3.0624 0.4028
0.04 0.60 0.26 5.00 1.1989 3.0632 0.3914
0.04 0.70 0.26 5.00 1.1536 3.0708 0.3757
0.04 0.80 0.26 5.00 1.0733 3.0748 0.3491
0.05 0.20 0.26 5.00 1.4378 3.1288 0.4595
0.05 0.30 0.26 5.00 1.3420 3.1156 0.4307
0.05 0.40 0.26 5.00 1.2790 3.1087 0.4114
0.05 0.50 0.26 5.00 1.2343 3.1081 0.3971
0.05 0.60 0.26 5.00 1.1898 3.1150 0.3819
0.05 0.70 0.26 5.00 1.1319 3.1280 0.3619
0.05 0.80 0.26 5.00 1.0009 3.0876 0.3242
0.06 0.20 0.26 5.00 1.4761 3.1817 0.4639
0.06 0.30 0.26 5.00 1.3586 3.1690 0.4287
0.06 0.40 0.26 5.00 1.2879 3.1636 0.4071
0.06 0.50 0.26 5.00 1.2329 3.1670 0.3893
0.06 0.60 0.26 5.00 1.1784 3.1786 0.3707
0.06 0.70 0.26 5.00 1.1005 3.1899 0.3450
0.06 0.80 0.26 5.00 0.9598 3.1503 0.3047
0.07 0.20 0.26 5.00 1.5087 3.2493 0.4643
0.07 0.30 0.26 5.00 1.3778 3.2350 0.4259
0.07 0.40 0.26 5.00 1.2942 3.2308 0.4006
0.07 0.50 0.26 5.00 1.2261 3.2367 0.3788
0.07 0.60 0.26 5.00 1.1629 3.2520 0.3576
0.07 0.70 0.26 5.00 1.0519 3.2301 0.3256
0.07 0.80 0.26 5.00 0.9128 3.2401 0.2817
0.08 0.20 0.26 5.00 1.5410 3.3330 0.4623
0.08 0.30 0.26 5.00 1.3945 3.3127 0.4209
0.08 0.40 0.26 5.00 1.2975 3.3096 0.3920
0.08 0.50 0.26 5.00 1.2231 3.3172 0.3687
0.08 0.60 0.26 5.00 1.1377 3.3269 0.3420
0.08 0.70 0.26 5.00 1.0155 3.2978 0.3079
0.08 0.80 0.26 5.00 0.8320 3.2947 0.2525
0.09 0.20 0.26 5.00 1.5692 3.4324 0.4572
0.09 0.30 0.26 5.00 1.4082 3.4032 0.4138
0.09 0.40 0.26 5.00 1.3024 3.3983 0.3832
0.09 0.50 0.26 5.00 1.2130 3.4060 0.3561
0.09 0.60 0.26 5.00 1.1031 3.3895 0.3254
0.09 0.70 0.26 5.00 0.9885 3.4029 0.2905
0.09 0.80 0.26 5.00 0.7696 3.3529 0.2295
0.01 0.20 0.28 5.00 1.2641 3.2748 0.3860
0.01 0.30 0.28 5.00 1.2445 3.2720 0.3803
0.01 0.40 0.28 5.00 1.2319 3.2703 0.3767
0.01 0.50 0.28 5.00 1.2218 3.2689 0.3738
0.01 0.60 0.28 5.00 1.2112 3.2670 0.3707
0.01 0.70 0.28 5.00 1.1971 3.2652 0.3666
0.01 0.80 0.28 5.00 1.1743 3.2603 0.3602
0.02 0.20 0.28 5.00 1.3092 3.2932 0.3975
0.02 0.30 0.28 5.00 1.2682 3.2878 0.3857
0.02 0.40 0.28 5.00 1.2411 3.2843 0.3779
0.02 0.50 0.28 5.00 1.2205 3.2816 0.3719
0.02 0.60 0.28 5.00 1.1994 3.2790 0.3658
0.02 0.70 0.28 5.00 1.1716 3.2739 0.3579
0.02 0.80 0.28 5.00 1.1216 3.2609 0.3439
0.03 0.20 0.28 5.00 1.3521 3.3190 0.4074
0.03 0.30 0.28 5.00 1.2907 3.3117 0.3897
0.03 0.40 0.28 5.00 1.2503 3.3066 0.3781
0.03 0.50 0.28 5.00 1.2186 3.3025 0.3690
0.03 0.60 0.28 5.00 1.1843 3.2967 0.3592
0.03 0.70 0.28 5.00 1.1424 3.2908 0.3471
0.03 0.80 0.28 5.00 1.0843 3.2909 0.3295
0.04 0.20 0.28 5.00 1.3952 3.3524 0.4162
0.04 0.30 0.28 5.00 1.3125 3.3433 0.3926
0.04 0.40 0.28 5.00 1.2566 3.3358 0.3767
0.04 0.50 0.28 5.00 1.2125 3.3286 0.3643
0.04 0.60 0.28 5.00 1.1695 3.3262 0.3516
0.04 0.70 0.28 5.00 1.1226 3.3303 0.3371
0.04 0.80 0.28 5.00 1.0456 3.3342 0.3136
0.05 0.20 0.28 5.00 1.4361 3.3939 0.4231
0.05 0.30 0.28 5.00 1.3302 3.3813 0.3934
0.05 0.40 0.28 5.00 1.2613 3.3715 0.3741
0.05 0.50 0.28 5.00 1.2078 3.3689 0.3585
0.05 0.60 0.28 5.00 1.1588 3.3726 0.3436
0.05 0.70 0.28 5.00 1.1038 3.3843 0.3261
0.05 0.80 0.28 5.00 0.9788 3.3561 0.2916
0.06 0.20 0.28 5.00 1.4747 3.4425 0.4284
0.06 0.30 0.28 5.00 1.3505 3.4287 0.3939
0.06 0.40 0.28 5.00 1.2673 3.4219 0.3704
0.06 0.50 0.28 5.00 1.2052 3.4225 0.3521
0.06 0.60 0.28 5.00 1.1490 3.4337 0.3346
0.06 0.70 0.28 5.00 1.0766 3.4469 0.3124
0.06 0.80 0.28 5.00 0.9271 3.4013 0.2726
0.07 0.20 0.28 5.00 1.5105 3.5008 0.4315
0.07 0.30 0.28 5.00 1.3669 3.4887 0.3918
0.07 0.40 0.28 5.00 1.2738 3.4834 0.3657
0.07 0.50 0.28 5.00 1.2045 3.4896 0.3452
0.07 0.60 0.28 5.00 1.1389 3.5036 0.3251
0.07 0.70 0.28 5.00 1.0305 3.4946 0.2949
0.07 0.80 0.28 5.00 0.8874 3.4893 0.2543
0.08 0.20 0.28 5.00 1.5467 3.5779 0.4323
0.08 0.30 0.28 5.00 1.3845 3.5607 0.3888
0.08 0.40 0.28 5.00 1.2827 3.5581 0.3605
0.08 0.50 0.28 5.00 1.2040 3.5657 0.3377
0.08 0.60 0.28 5.00 1.1188 3.5804 0.3125
0.08 0.70 0.28 5.00 0.9862 3.5463 0.2781
0.08 0.80 0.28 5.00 0.8150 3.5629 0.2288
0.09 0.20 0.28 5.00 1.5769 3.6689 0.4298
0.09 0.30 0.28 5.00 1.4047 3.6460 0.3853
0.09 0.40 0.28 5.00 1.2866 3.6421 0.3533
0.09 0.50 0.28 5.00 1.1973 3.6516 0.3279
0.09 0.60 0.28 5.00 1.0853 3.6478 0.2975
0.09 0.70 0.28 5.00 0.9625 3.6451 0.2641
0.09 0.80 0.28 5.00 0.7400 3.5924 0.2060
0.01 0.20 0.30 5.00 1.2374 3.5443 0.3491
0.01 0.30 0.30 5.00 1.2162 3.5412 0.3434
0.01 0.40 0.30 5.00 1.2022 3.5393 0.3397
0.01 0.50 0.30 5.00 1.1913 3.5381 0.3367
0.01 0.60 0.30 5.00 1.1815 3.5372 0.3340
0.01 0.70 0.30 5.00 1.1694 3.5357 0.3307
0.01 0.80 0.30 5.00 1.1486 3.5320 0.3252
0.02 0.20 0.30 5.00 1.2868 3.5642 0.3611
0.02 0.30 0.30 5.00 1.2451 3.5589 0.3498
0.02 0.40 0.30 5.00 1.2169 3.5553 0.3423
0.02 0.50 0.30 5.00 1.1951 3.5526 0.3364
0.02 0.60 0.30 5.00 1.1747 3.5506 0.3308
0.02 0.70 0.30 5.00 1.1465 3.5470 0.3232
0.02 0.80 0.30 5.00 1.0946 3.5328 0.3098
0.03 0.20 0.30 5.00 1.3364 3.5895 0.3723
0.03 0.30 0.30 5.00 1.2722 3.5825 0.3551
0.03 0.40 0.30 5.00 1.2297 3.5782 0.3437
0.03 0.50 0.30 5.00 1.1954 3.5749 0.3344
0.03 0.60 0.30 5.00 1.1600 3.5705 0.3249
0.03 0.70 0.30 5.00 1.1135 3.5605 0.3127
0.03 0.80 0.30 5.00 1.0529 3.5567 0.2960
0.04 0.20 0.30 5.00 1.3854 3.6226 0.3824
0.04 0.30 0.30 5.00 1.2966 3.6138 0.3588
0.04 0.40 0.30 5.00 1.2379 3.6079 0.3431
0.04 0.50 0.30 5.00 1.1896 3.6020 0.3303
0.04 0.60 0.30 5.00 1.1413 3.5944 0.3175
0.04 0.70 0.30 5.00 1.0891 3.5950 0.3030
0.04 0.80 0.30 5.00 1.0155 3.5981 0.2822
0.05 0.20 0.30 5.00 1.4315 3.6626 0.3909
0.05 0.30 0.30 5.00 1.3184 3.6516 0.3610
0.05 0.40 0.30 5.00 1.2427 3.6428 0.3412
0.05 0.50 0.30 5.00 1.1841 3.6361 0.3256
0.05 0.60 0.30 5.00 1.1277 3.6365 0.3101
0.05 0.70 0.30 5.00 1.0711 3.6469 0.2937
0.05 0.80 0.30 5.00 0.9546 3.6283 0.2631
0.06 0.20 0.30 5.00 1.4737 3.7094 0.3973
0.06 0.30 0.30 5.00 1.3374 3.6953 0.3619
0.06 0.40 0.30 5.00 1.2453 3.6857 0.3379
0.06 0.50 0.30 5.00 1.1796 3.6852 0.3201
0.06 0.60 0.30 5.00 1.1220 3.6942 0.3037
0.06 0.70 0.30 5.00 1.0486 3.7069 0.2829
0.06 0.80 0.30 5.00 0.8937 3.6594 0.2442
0.07 0.20 0.30 5.00 1.5135 3.7643 0.4021
0.07 0.30 0.30 5.00 1.3546 3.7482 0.3614
0.07 0.40 0.30 5.00 1.2547 3.7433 0.3352
0.07 0.50 0.30 5.00 1.1808 3.7476 0.3151
0.07 0.60 0.30 5.00 1.1124 3.7603 0.2958
0.07 0.70 0.30 5.00 1.0079 3.7617 0.2679
0.07 0.80 0.30 5.00 0.8583 3.7447 0.2292
0.08 0.20 0.30 5.00 1.5482 3.8308 0.4041
0.08 0.30 0.30 5.00 1.3766 3.8152 0.3608
0.08 0.40 0.30 5.00 1.2642 3.8120 0.3316
0.08 0.50 0.30 5.00 1.1789 3.8204 0.3086
0.08 0.60 0.30 5.00 1.0954 3.8354 0.2856
0.08 0.70 0.30 5.00 0.9563 3.8013 0.2516
0.08 0.80 0.30 5.00 0.7995 3.8273 0.2089
0.09 0.20 0.30 5.00 1.5866 3.9138 0.4054
0.09 0.30 0.30 5.00 1.3970 3.8932 0.3588
0.09 0.40 0.30 5.00 1.2744 3.8923 0.3274
0.09 0.50 0.30 5.00 1.1775 3.9017 0.3018
0.09 0.60 0.30 5.00 1.0671 3.9081 0.2730
0.09 0.70 0.30 5.00 0.9329 3.8924 0.2397
0.09 0.80 0.30 5.00 0.7094 3.8387 0.1848
0.01 0.20 0.32 5.00 1.2097 3.8195 0.3167
0.01 0.30 0.32 5.00 1.1875 3.8159 0.3112
0.01 0.40 0.32 5.00 1.1728 3.8138 0.3075
0.01 0.50 0.32 5.00 1.1620 3.8121 0.3048
0.01 0.60 0.32 5.00 1.1519 3.8112 0.3023
0.01 0.70 0.32 5.00 1.1411 3.8103 0.2995
0.01 0.80 0.32 5.00 1.1199 3.8077 0.2941
0.02 0.20 0.32 5.00 1.2645 3.8395 0.3293
0.02 0.30 0.32 5.00 1.2205 3.8333 0.3184
0.02 0.40 0.32 5.00 1.1917 3.8300 0.3111
0.02 0.50 0.32 5.00 1.1690 3.8280 0.3054
0.02 0.60 0.32 5.00 1.1467 3.8260 0.2997
0.02 0.70 0.32 5.00 1.1191 3.8232 0.2927
0.02 0.80 0.32 5.00 1.0664 3.8114 0.2798
0.03 0.20 0.32 5.00 1.3200 3.8660 0.3414
0.03 0.30 0.32 5.00 1.2514 3.8587 0.3243
0.03 0.40 0.32 5.00 1.2059 3.8536 0.3129
0.03 0.50 0.32 5.00 1.1702 3.8501 0.3039
0.03 0.60 0.32 5.00 1.1347 3.8469 0.2950
0.03 0.70 0.32 5.00 1.0857 3.8380 0.2829
0.03 0.80 0.32 5.00 1.0192 3.8269 0.2663
0.04 0.20 0.32 5.00 1.3718 3.8970 0.3520
0.04 0.30 0.32 5.00 1.2795 3.8892 0.3290
0.04 0.40 0.32 5.00 1.2178 3.8836 0.3136
0.04 0.50 0.32 5.00 1.1664 3.8785 0.3007
0.04 0.60 0.32 5.00 1.1144 3.8708 0.2879
0.04 0.70 0.32 5.00 1.0584 3.8656 0.2738
0.04 0.80 0.32 5.00 0.9829 3.8653 0.2543
0.05 0.20 0.32 5.00 1.4230 3.9352 0.3616
0.05 0.30 0.32 5.00 1.3050 3.9259 0.3324
0.05 0.40 0.32 5.00 1.2239 3.9188 0.3123
0.05 0.50 0.32 5.00 1.1585 3.9107 0.2962
0.05 0.60 0.32 5.00 1.0995 3.9070 0.2814
0.05 0.70 0.32 5.00 1.0409 3.9141 0.2659
0.05 0.80 0.32 5.00 0.9300 3.9023 0.2383
0.06 0.20 0.32 5.00 1.4709 3.9809 0.3695
0.06 0.30 0.32 5.00 1.3255 3.9680 0.3341
0.06 0.40 0.32 5.00 1.2293 3.9584 0.3106
0.06 0.50 0.32 5.00 1.1536 3.9542 0.2918
0.06 0.60 0.32 5.00 1.0919 3.9598 0.2758
0.06 0.70 0.32 5.00 1.0169 3.9708 0.2561
0.06 0.80 0.32 5.00 0.8608 3.9238 0.2194
0.07 0.20 0.32 5.00 1.5136 4.0332 0.3753
0.07 0.30 0.32 5.00 1.3464 4.0161 0.3352
0.07 0.40 0.32 5.00 1.2344 4.0089 0.3079
0.07 0.50 0.32 5.00 1.1542 4.0113 0.2877
0.07 0.60 0.32 5.00 1.0810 4.0236 0.2687
0.07 0.70 0.32 5.00 0.9838 4.0306 0.2441
0.07 0.80 0.32 5.00 0.8276 4.0025 0.2068
0.08 0.20 0.32 5.00 1.5551 4.0931 0.3799
0.08 0.30 0.32 5.00 1.3664 4.0756 0.3353
0.08 0.40 0.32 5.00 1.2446 4.0720 0.3056
0.08 0.50 0.32 5.00 1.1563 4.0806 0.2834
0.08 0.60 0.32 5.00 1.0690 4.0952 0.2610
0.08 0.70 0.32 5.00 0.9360 4.0729 0.2298
0.08 0.80 0.32 5.00 0.7750 4.0830 0.1898
0.09 0.20 0.32 5.00 1.5907 4.1673 0.3817
0.09 0.30 0.32 5.00 1.3909 4.1484 0.3353
0.09 0.40 0.32 5.00 1.2577 4.1475 0.3032
0.09 0.50 0.32 5.00 1.1551 4.1571 0.2779
0.09 0.60 0.32 5.00 1.0470 4.1710 0.2510
0.09 0.70 0.32 5.00 0.9015 4.1468 0.2174
0.09 0.80 0.32 5.00 0.6784 4.0922 0.1658
0.01 0.20 0.34 5.00 1.1838 4.0997 0.2887
0.01 0.30 0.34 5.00 1.1608 4.0961 0.2834
0.01 0.40 0.34 5.00 1.1458 4.0937 0.2799
0.01 0.50 0.34 5.00 1.1343 4.0924 0.2772
0.01 0.60 0.34 5.00 1.1231 4.0912 0.2745
0.01 0.70 0.34 5.00 1.1101 4.0900 0.2714
0.01 0.80 0.34 5.00 1.0908 4.0880 0.2668
0.02 0.20 0.34 5.00 1.2413 4.1194 0.3013
0.02 0.30 0.34 5.00 1.1944 4.1132 0.2904
0.02 0.40 0.34 5.00 1.1631 4.1094 0.2830
0.02 0.50 0.34 5.00 1.1396 4.1072 0.2775
0.02 0.60 0.34 5.00 1.1181 4.1060 0.2723
0.02 0.70 0.34 5.00 1.0901 4.1035 0.2656
0.02 0.80 0.34 5.00 1.0399 4.0939 0.2540
0.03 0.20 0.34 5.00 1.2985 4.1452 0.3133
0.03 0.30 0.34 5.00 1.2276 4.1371 0.2967
0.03 0.40 0.34 5.00 1.1807 4.1326 0.2857
0.03 0.50 0.34 5.00 1.1432 4.1296 0.2768
0.03 0.60 0.34 5.00 1.1063 4.1268 0.2681
0.03 0.70 0.34 5.00 1.0587 4.1199 0.2570
0.03 0.80 0.34 5.00 0.9875 4.1040 0.2406
0.04 0.20 0.34 5.00 1.3566 4.1769 0.3248
0.04 0.30 0.34 5.00 1.2594 4.1677 0.3022
0.04 0.40 0.34 5.00 1.1936 4.1617 0.2868
0.04 0.50 0.34 5.00 1.1413 4.1575 0.2745
0.04 0.60 0.34 5.00 1.0886 4.1515 0.2622
0.04 0.70 0.34 5.00 1.0267 4.1417 0.2479
0.04 0.80 0.34 5.00 0.9509 4.1391 0.2297
0.05 0.20 0.34 5.00 1.4108 4.2134 0.3348
0.05 0.30 0.34 5.00 1.2873 4.2038 0.3062
0.05 0.40 0.34 5.00 1.2037 4.1968 0.2868
0.05 0.50 0.34 5.00 1.1350 4.1897 0.2709
0.05 0.60 0.34 5.00 1.0717 4.1811 0.2563
0.05 0.70 0.34 5.00 1.0073 4.1852 0.2407
0.05 0.80 0.34 5.00 0.9043 4.1796 0.2164
0.06 0.20 0.34 5.00 1.4634 4.2563 0.3438
0.06 0.30 0.34 5.00 1.3133 4.2453 0.3094
0.06 0.40 0.34 5.00 1.2099 4.2363 0.2856
0.06 0.50 0.34 5.00 1.1297 4.2271 0.2673
0.06 0.60 0.34 5.00 1.0593 4.2291 0.2505
0.06 0.70 0.34 5.00 0.9856 4.2390 0.2325
0.06 0.80 0.34 5.00 0.8307 4.1934 0.1981
0.07 0.20 0.34 5.00 1.5129 4.3064 0.3513
0.07 0.30 0.34 5.00 1.3357 4.2914 0.3113
0.07 0.40 0.34 5.00 1.2175 4.2813 0.2844
0.07 0.50 0.34 5.00 1.1276 4.2804 0.2634
0.07 0.60 0.34 5.00 1.0510 4.2906 0.2450
0.07 0.70 0.34 5.00 0.9578 4.3006 0.2227
0.07 0.80 0.34 5.00 0.7955 4.2653 0.1865
0.08 0.20 0.34 5.00 1.5575 4.3645 0.3569
0.08 0.30 0.34 5.00 1.3589 4.3442 0.3128
0.08 0.40 0.34 5.00 1.2262 4.3396 0.2826
0.08 0.50 0.34 5.00 1.1288 4.3453 0.2598
0.08 0.60 0.34 5.00 1.0399 4.3583 0.2386
0.08 0.70 0.34 5.00 0.9114 4.3481 0.2096
0.08 0.80 0.34 5.00 0.7474 4.3451 0.1720
0.09 0.20 0.34 5.00 1.6006 4.4303 0.3613
0.09 0.30 0.34 5.00 1.3817 4.4098 0.3133
0.09 0.40 0.34 5.00 1.2367 4.4085 0.2805
0.09 0.50 0.34 5.00 1.1263 4.4193 0.2549
0.09 0.60 0.34 5.00 1.0227 4.4344 0.2306
0.09 0.70 0.34 5.00 0.8695 4.4064 0.1973
0.09 0.80 0.34 5.00 0.6558 4.3625 0.1503
0.01 0.20 0.36 5.00 1.1572 4.3854 0.2639
0.01 0.30 0.36 5.00 1.1332 4.3816 0.2586
0.01 0.40 0.36 5.00 1.1166 4.3789 0.2550
0.01 0.50 0.36 5.00 1.1039 4.3772 0.2522
0.01 0.60 0.36 5.00 1.0928 4.3759 0.2497
0.01 0.70 0.36 5.00 1.0799 4.3746 0.2469
0.01 0.80 0.36 5.00 1.0598 4.3724 0.2424
0.02 0.20 0.36 5.00 1.2158 4.4046 0.2760
0.02 0.30 0.36 5.00 1.1673 4.3979 0.2654
0.02 0.40 0.36 5.00 1.1347 4.3937 0.2582
0.02 0.50 0.36 5.00 1.1095 4.3912 0.2527
0.02 0.60 0.36 5.00 1.0867 4.3896 0.2476
0.02 0.70 0.36 5.00 1.0599 4.3882 0.2415
0.02 0.80 0.36 5.00 1.0131 4.3798 0.2313
0.03 0.20 0.36 5.00 1.2759 4.4293 0.2881
0.03 0.30 0.36 5.00 1.2016 4.4206 0.2718
0.03 0.40 0.36 5.00 1.1518 4.4157 0.2608
0.03 0.50 0.36 5.00 1.1133 4.4130 0.2523
0.03 0.60 0.36 5.00 1.0768 4.4105 0.2441
0.03 0.70 0.36 5.00 1.0320 4.4053 0.2343
0.03 0.80 0.36 5.00 0.9546 4.3861 0.2177
0.04 0.20 0.36 5.00 1.3361 4.4602 0.2995
0.04 0.30 0.36 5.00 1.2350 4.4498 0.2775
0.04 0.40 0.36 5.00 1.1673 4.4445 0.2626
0.04 0.50 0.36 5.00 1.1135 4.4402 0.2508
0.04 0.60 0.36 5.00 1.0624 4.4360 0.2395
0.04 0.70 0.36 5.00 0.9981 4.4234 0.2256
0.04 0.80 0.36 5.00 0.9156 4.4187 0.2072
0.05 0.20 0.36 5.00 1.3962 4.4964 0.3105
0.05 0.30 0.36 5.00 1.2674 4.4852 0.2826
0.05 0.40 0.36 5.00 1.1798 4.4779 0.2635
0.05 0.50 0.36 5.00 1.1109 4.4729 0.2484
0.05 0.60 0.36 5.00 1.0431 4.4640 0.2337
0.05 0.70 0.36 5.00 0.9685 4.4607 0.2171
0.05 0.80 0.36 5.00 0.8739 4.4580 0.1960
0.06 0.20 0.36 5.00 1.4531 4.5368 0.3203
0.06 0.30 0.36 5.00 1.2971 4.5254 0.2866
0.06 0.40 0.36 5.00 1.1905 4.5175 0.2635
0.06 0.50 0.36 5.00 1.1045 4.5088 0.2450
0.06 0.60 0.36 5.00 1.0265 4.5050 0.2279
0.06 0.70 0.36 5.00 0.9488 4.5135 0.2102
0.06 0.80 0.36 5.00 0.8040 4.4777 0.1796
0.07 0.20 0.36 5.00 1.5084 4.5850 0.3290
0.07 0.30 0.36 5.00 1.3249 4.5712 0.2898
0.07 0.40 0.36 5.00 1.1980 4.5609 0.2627
0.07 0.50 0.36 5.00 1.0982 4.5544 0.2411
0.07 0.60 0.36 5.00 1.0170 4.5617 0.2229
0.07 0.70 0.36 5.00 0.9265 4.5726 0.2026
0.07 0.80 0.36 5.00 0.7606 4.5342 0.1678
0.08 0.20 0.36 5.00 1.5596 4.6400 0.3361
0.08 0.30 0.36 5.00 1.3499 4.6217 0.2921
0.08 0.40 0.36 5.00 1.2055 4.6110 0.2614
0.08 0.50 0.36 5.00 1.0972 4.6139 0.2378
0.08 0.60 0.36 5.00 1.0083 4.6260 0.2180
0.08 0.70 0.36 5.00 0.8852 4.6266 0.1913
0.08 0.80 0.36 5.00 0.7169 4.6116 0.1555
0.09 0.20 0.36 5.00 1.6055 4.7030 0.3414
0.09 0.30 0.36 5.00 1.3731 4.6780 0.2935
0.09 0.40 0.36 5.00 1.2156 4.6758 0.2600
0.09 0.50 0.36 5.00 1.0997 4.6851 0.2347
0.09 0.60 0.36 5.00 0.9947 4.7003 0.2116
0.09 0.70 0.36 5.00 0.8351 4.6715 0.1788
0.09 0.80 0.36 5.00 0.6313 4.6507 0.1358
0.01 0.20 0.38 5.00 1.1293 4.6765 0.2415
0.01 0.30 0.38 5.00 1.1047 4.6725 0.2364
0.01 0.40 0.38 5.00 1.0877 4.6699 0.2329
0.01 0.50 0.38 5.00 1.0743 4.6679 0.2302
0.01 0.60 0.38 5.00 1.0621 4.6664 0.2276
0.01 0.70 0.38 5.00 1.0486 4.6649 0.2248
0.01 0.80 0.38 5.00 1.0275 4.6623 0.2204
0.02 0.20 0.38 5.00 1.1905 4.6957 0.2535
0.02 0.30 0.38 5.00 1.1399 4.6884 0.2431
0.02 0.40 0.38 5.00 1.1051 4.6839 0.2359
0.02 0.50 0.38 5.00 1.0781 4.6809 0.2303
0.02 0.60 0.38 5.00 1.0537 4.6788 0.2252
0.02 0.70 0.38 5.00 1.0268 4.6768 0.2195
0.02 0.80 0.38 5.00 0.9840 4.6702 0.2107
0.03 0.20 0.38 5.00 1.2513 4.7193 0.2652
0.03 0.30 0.38 5.00 1.1747 4.7102 0.2494
0.03 0.40 0.38 5.00 1.1220 4.7046 0.2385
0.03 0.50 0.38 5.00 1.0820 4.7012 0.2301
0.03 0.60 0.38 5.00 1.0463 4.6993 0.2226
0.03 0.70 0.38 5.00 1.0028 4.6948 0.2136
0.03 0.80 0.38 5.00 0.9246 4.6750 0.1978
0.04 0.20 0.38 5.00 1.3136 4.7483 0.2767
0.04 0.30 0.38 5.00 1.2092 4.7374 0.2552
0.04 0.40 0.38 5.00 1.1393 4.7317 0.2408
0.04 0.50 0.38 5.00 1.0854 4.7284 0.2295
0.04 0.60 0.38 5.00 1.0342 4.7246 0.2189
0.04 0.70 0.38 5.00 0.9679 4.7140 0.2053
0.04 0.80 0.38 5.00 0.8812 4.7026 0.1874
0.05 0.20 0.38 5.00 1.3772 4.7833 0.2879
0.05 0.30 0.38 5.00 1.2446 4.7706 0.2609
0.05 0.40 0.38 5.00 1.1550 4.7647 0.2424
0.05 0.50 0.38 5.00 1.0851 4.7602 0.2280
0.05 0.60 0.38 5.00 1.0153 4.7530 0.2136
0.05 0.70 0.38 5.00 0.9342 4.7438 0.1969
0.05 0.80 0.38 5.00 0.8415 4.7409 0.1775
0.06 0.20 0.38 5.00 1.4407 4.8239 0.2987
0.06 0.30 0.38 5.00 1.2785 4.8097 0.2658
0.06 0.40 0.38 5.00 1.1682 4.8024 0.2433
0.06 0.50 0.38 5.00 1.0792 4.7955 0.2250
0.06 0.60 0.38 5.00 0.9909 4.7870 0.2070
0.06 0.70 0.38 5.00 0.9154 4.7933 0.1910
0.06 0.80 0.38 5.00 0.7768 4.7665 0.1630
0.07 0.20 0.38 5.00 1.5004 4.8683 0.3082
0.07 0.30 0.38 5.00 1.3105 4.8543 0.2700
0.07 0.40 0.38 5.00 1.1775 4.8449 0.2430
0.07 0.50 0.38 5.00 1.0708 4.8352 0.2215
0.07 0.60 0.38 5.00 0.9806 4.8379 0.2027
0.07 0.70 0.38 5.00 0.8932 4.8497 0.1842
0.07 0.80 0.38 5.00 0.7229 4.8082 0.1503
0.08 0.20 0.38 5.00 1.5583 4.9211 0.3167
0.08 0.30 0.38 5.00 1.3385 4.9034 0.2730
0.08 0.40 0.38 5.00 1.1843 4.8914 0.2421
0.08 0.50 0.38 5.00 1.0659 4.8888 0.2180
0.08 0.60 0.38 5.00 0.9729 4.9015 0.1985
0.08 0.70 0.38 5.00 0.8579 4.9076 0.1748
0.08 0.80 0.38 5.00 0.6848 4.8840 0.1402
0.09 0.20 0.38 5.00 1.6085 4.9817 0.3229
0.09 0.30 0.38 5.00 1.3633 4.9575 0.2750
0.09 0.40 0.38 5.00 1.1893 4.9485 0.2403
0.09 0.50 0.38 5.00 1.0679 4.9548 0.2155
0.09 0.60 0.38 5.00 0.9628 4.9705 0.1937
0.09 0.70 0.38 5.00 0.8074 4.9496 0.1631
0.09 0.80 0.38 5.00 0.6083 4.9406 0.1231
0.01 0.20 0.40 5.00 1.0997 4.9715 0.2212
0.01 0.30 0.40 5.00 1.0741 4.9673 0.2162
0.01 0.40 0.40 5.00 1.0563 4.9646 0.2128
0.01 0.50 0.40 5.00 1.0427 4.9628 0.2101
0.01 0.60 0.40 5.00 1.0308 4.9616 0.2077
0.01 0.70 0.40 5.00 1.0167 4.9602 0.2050
0.01 0.80 0.40 5.00 0.9954 4.9573 0.2008
0.02 0.20 0.40 5.00 1.1638 4.9916 0.2332
0.02 0.30 0.40 5.00 1.1118 4.9840 0.2231
0.02 0.40 0.40 5.00 1.0749 4.9789 0.2159
0.02 0.50 0.40 5.00 1.0465 4.9754 0.2103
0.02 0.60 0.40 5.00 1.0216 4.9729 0.2054
0.02 0.70 0.40 5.00 0.9942 4.9704 0.2000
0.02 0.80 0.40 5.00 0.9545 4.9650 0.1922
0.03 0.20 0.40 5.00 1.2266 5.0149 0.2446
0.03 0.30 0.40 5.00 1.1471 5.0045 0.2292
0.03 0.40 0.40 5.00 1.0921 4.9982 0.2185
0.03 0.50 0.40 5.00 1.0502 4.9941 0.2103
0.03 0.60 0.40 5.00 1.0139 4.9917 0.2031
0.03 0.70 0.40 5.00 0.9723 4.9885 0.1949
0.03 0.80 0.40 5.00 0.8934 4.9712 0.1797
0.04 0.20 0.40 5.00 1.2909 5.0425 0.2560
0.04 0.30 0.40 5.00 1.1836 5.0303 0.2353
0.04 0.40 0.40 5.00 1.1101 5.0237 0.2210
0.04 0.50 0.40 5.00 1.0551 5.0201 0.2102
0.04 0.60 0.40 5.00 1.0040 5.0170 0.2001
0.04 0.70 0.40 5.00 0.9375 5.0084 0.1872
0.04 0.80 0.40 5.00 0.8439 4.9902 0.1691
0.05 0.20 0.40 5.00 1.3569 5.0756 0.2673
0.05 0.30 0.40 5.00 1.2211 5.0623 0.2412
0.05 0.40 0.40 5.00 1.1290 5.0556 0.2233
0.05 0.50 0.40 5.00 1.0566 5.0512 0.2092
0.05 0.60 0.40 5.00 0.9858 5.0459 0.1954
0.05 0.70 0.40 5.00 0.8985 5.0323 0.1786
0.05 0.80 0.40 5.00 0.8073 5.0278 0.1606
0.06 0.20 0.40 5.00 1.4245 5.1145 0.2785
0.06 0.30 0.40 5.00 1.2586 5.0998 0.2468
0.06 0.40 0.40 5.00 1.1440 5.0923 0.2247
0.06 0.50 0.40 5.00 1.0528 5.0868 0.2070
0.06 0.60 0.40 5.00 0.9623 5.0759 0.1896
0.06 0.70 0.40 5.00 0.8795 5.0776 0.1732
0.06 0.80 0.40 5.00 0.7490 5.0598 0.1480
0.07 0.20 0.40 5.00 1.4908 5.1590 0.2890
0.07 0.30 0.40 5.00 1.2926 5.1413 0.2514
0.07 0.40 0.40 5.00 1.1554 5.1335 0.2251
0.07 0.50 0.40 5.00 1.0422 5.1248 0.2034
0.07 0.60 0.40 5.00 0.9458 5.1208 0.1847
0.07 0.70 0.40 5.00 0.8584 5.1314 0.1673
0.07 0.80 0.40 5.00 0.6847 5.0885 0.1346
0.08 0.20 0.40 5.00 1.5510 5.2078 0.2978
0.08 0.30 0.40 5.00 1.3243 5.1892 0.2552
0.08 0.40 0.40 5.00 1.1610 5.1782 0.2242
0.08 0.50 0.40 5.00 1.0349 5.1713 0.2001
0.08 0.60 0.40 5.00 0.9400 5.1811 0.1814
0.08 0.70 0.40 5.00 0.8285 5.1922 0.1596
0.08 0.80 0.40 5.00 0.6497 5.1623 0.1258
0.09 0.20 0.40 5.00 1.6081 5.2651 0.3054
0.09 0.30 0.40 5.00 1.3513 5.2412 0.2578
0.09 0.40 0.40 5.00 1.1685 5.2279 0.2235
0.09 0.50 0.40 5.00 1.0357 5.2314 0.1980
0.09 0.60 0.40 5.00 0.9301 5.2470 0.1773
0.09 0.70 0.40 5.00 0.7797 5.2363 0.1489
0.09 0.80 0.40 5.00 0.5866 5.2287 0.1122