0.00 0.00 0.10 7.50 2.1546 1.1929 1.8062
0.00 0.00 0.12 7.50 2.1247 1.4179 1.4985
0.00 0.00 0.14 7.50 2.0927 1.6465 1.2710
0.00 0.00 0.16 7.50 2.0585 1.8800 1.0950
0.00 0.00 0.18 7.50 2.0205 2.1201 0.9530
0.00 0.00 0.20 7.50 1.9807 2.3648 0.8376
0.00 0.00 0.22 7.50 1.9437 2.6147 0.7434
0.00 0.00 0.24 7.50 1.8994 2.8683 0.6622
0.00 0.00 0.26 7.50 1.8612 3.1297 0.5947
0.00 0.00 0.28 7.50 1.8212 3.3946 0.5365
0.00 0.00 0.30 7.50 1.7795 3.6638 0.4857
0.00 0.00 0.32 7.50 1.7357 3.9365 0.4409
0.00 0.00 0.34 7.50 1.6889 4.2147 0.4007
0.00 0.00 0.36 7.50 1.6423 4.4978 0.3651
0.00 0.00 0.38 7.50 1.5974 4.7853 0.3338
0.00 0.00 0.40 7.50 1.5520 5.0779 0.3056
0.01 0.20 0.10 7.50 2.1561 1.1973 1.8009
0.01 0.30 0.10 7.50 2.1529 1.1954 1.8010
0.01 0.40 0.10 7.50 2.1518 1.1950 1.8006
0.01 0.50 0.10 7.50 2.1519 1.1957 1.7997
0.01 0.60 0.10 7.50 2.1510 1.1971 1.7968
0.01 0.70 0.10 7.50 2.1481 1.1996 1.7908
0.01 0.80 0.10 7.50 2.1380 1.2028 1.7776
0.02 0.20 0.10 7.50 2.1571 1.2265 1.7587
0.02 0.30 0.10 7.50 2.1497 1.2195 1.7627
0.02 0.40 0.10 7.50 2.1487 1.2188 1.7630
0.02 0.50 0.10 7.50 2.1485 1.2214 1.7590
0.02 0.60 0.10 7.50 2.1451 1.2264 1.7491
0.02 0.70 0.10 7.50 2.1359 1.2345 1.7302
0.02 0.80 0.10 7.50 2.1088 1.2457 1.6928
0.03 0.20 0.10 7.50 2.1569 1.2793 1.6860
0.03 0.30 0.10 7.50 2.1453 1.2639 1.6974
0.03 0.40 0.10 7.50 2.1414 1.2604 1.6990
0.03 0.50 0.10 7.50 2.1390 1.2640 1.6923
0.03 0.60 0.10 7.50 2.1291 1.2707 1.6756
0.03 0.70 0.10 7.50 2.1120 1.2875 1.6404
0.03 0.80 0.10 7.50 1.9914 1.2408 1.6050
0.04 0.20 0.10 7.50 2.1528 1.3531 1.5910
0.04 0.30 0.10 7.50 2.1373 1.3259 1.6119
0.04 0.40 0.10 7.50 2.1298 1.3171 1.6170
0.04 0.50 0.10 7.50 2.1270 1.3215 1.6095
0.04 0.60 0.10 7.50 2.1087 1.3340 1.5808
0.04 0.70 0.10 7.50 2.0206 1.3171 1.5341
0.04 0.80 0.10 7.50 1.9484 1.2757 1.5273
0.05 0.20 0.10 7.50 2.1487 1.4481 1.4837
0.05 0.30 0.10 7.50 2.1222 1.4032 1.5124
0.05 0.40 0.10 7.50 2.1189 1.3910 1.5233
0.05 0.50 0.10 7.50 2.1013 1.3934 1.5080
0.05 0.60 0.10 7.50 2.0359 1.3692 1.4869
0.05 0.70 0.10 7.50 1.9671 1.3365 1.4718
0.05 0.80 0.10 7.50 1.9185 1.3758 1.3945
0.06 0.20 0.10 7.50 2.1418 1.5653 1.3683
0.06 0.30 0.10 7.50 2.1142 1.5014 1.4081
0.06 0.40 0.10 7.50 2.0923 1.4779 1.4157
0.06 0.50 0.10 7.50 2.0305 1.4576 1.3930
0.06 0.60 0.10 7.50 1.9755 1.4116 1.3995
0.06 0.70 0.10 7.50 1.9472 1.4267 1.3648
0.06 0.80 0.10 7.50 1.8396 1.4596 1.2604
0.07 0.20 0.10 7.50 2.1396 1.7079 1.2528
0.07 0.30 0.10 7.50 2.0916 1.6119 1.2976
0.07 0.40 0.10 7.50 2.0319 1.5649 1.2985
0.07 0.50 0.10 7.50 1.9833 1.5105 1.3130
0.07 0.60 0.10 7.50 1.9519 1.4934 1.3070
0.07 0.70 0.10 7.50 1.9210 1.5442 1.2440
0.07 0.80 0.10 7.50 1.7190 1.4555 1.1811
0.08 0.20 0.10 7.50 2.1294 1.8666 1.1408
0.08 0.30 0.10 7.50 2.0423 1.7294 1.1809
0.08 0.40 0.10 7.50 1.9845 1.6438 1.2072
0.08 0.50 0.10 7.50 1.9476 1.5896 1.2253
0.08 0.60 0.10 7.50 1.9304 1.6074 1.2010
0.08 0.70 0.10 7.50 1.8710 1.6675 1.1221
0.08 0.80 0.10 7.50 1.6810 1.6029 1.0487
0.09 0.20 0.10 7.50 2.1058 2.0342 1.0352
0.09 0.30 0.10 7.50 1.9991 1.8458 1.0830
0.09 0.40 0.10 7.50 1.9471 1.7318 1.1243
0.09 0.50 0.10 7.50 1.9276 1.7072 1.1291
0.09 0.60 0.10 7.50 1.9046 1.7411 1.0939
0.09 0.70 0.10 7.50 1.7575 1.7303 1.0157
0.09 0.80 0.10 7.50 1.6075 1.7652 0.9107
0.01 0.20 0.12 7.50 2.1306 1.4207 1.4996
0.01 0.30 0.12 7.50 2.1250 1.4187 1.4978
0.01 0.40 0.12 7.50 2.1229 1.4182 1.4969
0.01 0.50 0.12 7.50 2.1217 1.4184 1.4958
0.01 0.60 0.12 7.50 2.1193 1.4191 1.4933
0.01 0.70 0.12 7.50 2.1156 1.4208 1.4890
0.01 0.80 0.12 7.50 2.1061 1.4234 1.4796
0.02 0.20 0.12 7.50 2.1375 1.4463 1.4780
0.02 0.30 0.12 7.50 2.1263 1.4406 1.4760
0.02 0.40 0.12 7.50 2.1223 1.4398 1.4740
0.02 0.50 0.12 7.50 2.1201 1.4420 1.4702
0.02 0.60 0.12 7.50 2.1164 1.4465 1.4631
0.02 0.70 0.12 7.50 2.1046 1.4523 1.4491
0.02 0.80 0.12 7.50 2.0729 1.4640 1.4159
0.03 0.20 0.12 7.50 2.1437 1.4931 1.4358
0.03 0.30 0.12 7.50 2.1269 1.4816 1.4355
0.03 0.40 0.12 7.50 2.1202 1.4790 1.4335
0.03 0.50 0.12 7.50 2.1139 1.4814 1.4269
0.03 0.60 0.12 7.50 2.1020 1.4883 1.4124
0.03 0.70 0.12 7.50 2.0800 1.5048 1.3822
0.03 0.80 0.12 7.50 1.9765 1.4701 1.3445
0.04 0.20 0.12 7.50 2.1470 1.5597 1.3766
0.04 0.30 0.12 7.50 2.1233 1.5382 1.3804
0.04 0.40 0.12 7.50 2.1111 1.5316 1.3783
0.04 0.50 0.12 7.50 2.0975 1.5349 1.3666
0.04 0.60 0.12 7.50 2.0817 1.5500 1.3430
0.04 0.70 0.12 7.50 2.0097 1.5342 1.3100
0.04 0.80 0.12 7.50 1.9231 1.4943 1.2869
0.05 0.20 0.12 7.50 2.1452 1.6469 1.3026
0.05 0.30 0.12 7.50 2.1138 1.6102 1.3127
0.05 0.40 0.12 7.50 2.0949 1.5997 1.3096
0.05 0.50 0.12 7.50 2.0806 1.6067 1.2949
0.05 0.60 0.12 7.50 2.0266 1.5993 1.2671
0.05 0.70 0.12 7.50 1.9512 1.5625 1.2488
0.05 0.80 0.12 7.50 1.8918 1.5859 1.1929
0.06 0.20 0.12 7.50 2.1425 1.7540 1.2215
0.06 0.30 0.12 7.50 2.1022 1.7004 1.2363
0.06 0.40 0.12 7.50 2.0796 1.6853 1.2340
0.06 0.50 0.12 7.50 2.0350 1.6708 1.2179
0.06 0.60 0.12 7.50 1.9727 1.6419 1.2015
0.06 0.70 0.12 7.50 1.9269 1.6403 1.1747
0.06 0.80 0.12 7.50 1.8156 1.6678 1.0886
0.07 0.20 0.12 7.50 2.1447 1.8846 1.1380
0.07 0.30 0.12 7.50 2.0872 1.8082 1.1543
0.07 0.40 0.12 7.50 2.0409 1.7668 1.1552
0.07 0.50 0.12 7.50 1.9850 1.7314 1.1465
0.07 0.60 0.12 7.50 1.9393 1.7095 1.1345
0.07 0.70 0.12 7.50 1.8990 1.7489 1.0858
0.07 0.80 0.12 7.50 1.7014 1.6739 1.0165
0.08 0.20 0.12 7.50 2.1375 2.0338 1.0510
0.08 0.30 0.12 7.50 2.0570 1.9168 1.0731
0.08 0.40 0.12 7.50 1.9952 1.8450 1.0814
0.08 0.50 0.12 7.50 1.9460 1.8054 1.0779
0.08 0.60 0.12 7.50 1.9170 1.8144 1.0565
0.08 0.70 0.12 7.50 1.8534 1.8697 0.9913
0.08 0.80 0.12 7.50 1.6595 1.8039 0.9199
0.09 0.20 0.12 7.50 2.1241 2.1921 0.9690
0.09 0.30 0.12 7.50 2.0190 2.0289 0.9951
0.09 0.40 0.12 7.50 1.9594 1.9444 1.0077
0.09 0.50 0.12 7.50 1.9245 1.9106 1.0072
0.09 0.60 0.12 7.50 1.8897 1.9390 0.9746
0.09 0.70 0.12 7.50 1.7656 1.9515 0.9047
0.09 0.80 0.12 7.50 1.5888 1.9619 0.8099
0.01 0.20 0.14 7.50 2.1043 1.6495 1.2757
0.01 0.30 0.14 7.50 2.0964 1.6470 1.2729
0.01 0.40 0.14 7.50 2.0923 1.6461 1.2711
0.01 0.50 0.14 7.50 2.0894 1.6457 1.2696
0.01 0.60 0.14 7.50 2.0865 1.6457 1.2679
0.01 0.70 0.14 7.50 2.0812 1.6462 1.2643
0.01 0.80 0.14 7.50 2.0694 1.6466 1.2568
0.02 0.20 0.14 7.50 2.1163 1.6726 1.2653
0.02 0.30 0.14 7.50 2.1005 1.6668 1.2602
0.02 0.40 0.14 7.50 2.0935 1.6654 1.2571
0.02 0.50 0.14 7.50 2.0890 1.6663 1.2536
0.02 0.60 0.14 7.50 2.0827 1.6692 1.2477
0.02 0.70 0.14 7.50 2.0714 1.6754 1.2364
0.02 0.80 0.14 7.50 2.0308 1.6824 1.2071
0.03 0.20 0.14 7.50 2.1274 1.7153 1.2403
0.03 0.30 0.14 7.50 2.1045 1.7045 1.2347
0.03 0.40 0.14 7.50 2.0933 1.7014 1.2304
0.03 0.50 0.14 7.50 2.0852 1.7039 1.2238
0.03 0.60 0.14 7.50 2.0719 1.7110 1.2109
0.03 0.70 0.14 7.50 2.0420 1.7224 1.1856
0.03 0.80 0.14 7.50 1.9546 1.7006 1.1494
0.04 0.20 0.14 7.50 2.1367 1.7759 1.2032
0.04 0.30 0.14 7.50 2.1054 1.7580 1.1976
0.04 0.40 0.14 7.50 2.0894 1.7530 1.1919
0.04 0.50 0.14 7.50 2.0724 1.7565 1.1799
0.04 0.60 0.14 7.50 2.0479 1.7664 1.1593
0.04 0.70 0.14 7.50 1.9913 1.7673 1.1267
0.04 0.80 0.14 7.50 1.8946 1.7181 1.1027
0.05 0.20 0.14 7.50 2.1435 1.8555 1.1553
0.05 0.30 0.14 7.50 2.1016 1.8272 1.1502
0.05 0.40 0.14 7.50 2.0761 1.8186 1.1416
0.05 0.50 0.14 7.50 2.0519 1.8212 1.1267
0.05 0.60 0.14 7.50 2.0096 1.8254 1.1009
0.05 0.70 0.14 7.50 1.9334 1.7939 1.0778
0.05 0.80 0.14 7.50 1.8607 1.7995 1.0340
0.06 0.20 0.14 7.50 2.1438 1.9545 1.0968
0.06 0.30 0.14 7.50 2.0913 1.9116 1.0940
0.06 0.40 0.14 7.50 2.0589 1.8961 1.0859
0.06 0.50 0.14 7.50 2.0207 1.8926 1.0677
0.06 0.60 0.14 7.50 1.9583 1.8679 1.0484
0.06 0.70 0.14 7.50 1.9025 1.8591 1.0233
0.06 0.80 0.14 7.50 1.7906 1.8868 0.9490
0.07 0.20 0.14 7.50 2.1405 2.0748 1.0317
0.07 0.30 0.14 7.50 2.0791 2.0089 1.0349
0.07 0.40 0.14 7.50 2.0336 1.9828 1.0256
0.07 0.50 0.14 7.50 1.9775 1.9550 1.0115
0.07 0.60 0.14 7.50 1.9233 1.9319 0.9956
0.07 0.70 0.14 7.50 1.8738 1.9601 0.9560
0.07 0.80 0.14 7.50 1.6874 1.9023 0.8871
0.08 0.20 0.14 7.50 2.1396 2.2116 0.9674
0.08 0.30 0.14 7.50 2.0597 2.1196 0.9717
0.08 0.40 0.14 7.50 1.9988 2.0694 0.9659
0.08 0.50 0.14 7.50 1.9425 2.0300 0.9569
0.08 0.60 0.14 7.50 1.8994 2.0279 0.9367
0.08 0.70 0.14 7.50 1.8298 2.0756 0.8816
0.08 0.80 0.14 7.50 1.6335 2.0097 0.8128
0.09 0.20 0.14 7.50 2.1339 2.3663 0.9018
0.09 0.30 0.14 7.50 2.0326 2.2347 0.9095
0.09 0.40 0.14 7.50 1.9654 2.1586 0.9105
0.09 0.50 0.14 7.50 1.9166 2.1241 0.9023
0.09 0.60 0.14 7.50 1.8731 2.1455 0.8731
0.09 0.70 0.14 7.50 1.7527 2.1724 0.8068
0.09 0.80 0.14 7.50 1.5662 2.1630 0.7241
0.01 0.20 0.16 7.50 2.0755 1.8842 1.1015
0.01 0.30 0.16 7.50 2.0652 1.8813 1.0977
0.01 0.40 0.16 7.50 2.0597 1.8799 1.0956
0.01 0.50 0.16 7.50 2.0554 1.8790 1.0939
0.01 0.60 0.16 7.50 2.0507 1.8781 1.0919
0.01 0.70 0.16 7.50 2.0440 1.8771 1.0889
0.01 0.80 0.16 7.50 2.0303 1.8763 1.0821
0.02 0.20 0.16 7.50 2.0917 1.9057 1.0976
0.02 0.30 0.16 7.50 2.0723 1.8993 1.0911
0.02 0.40 0.16 7.50 2.0623 1.8968 1.0873
0.02 0.50 0.16 7.50 2.0546 1.8967 1.0833
0.02 0.60 0.16 7.50 2.0465 1.8990 1.0777
0.02 0.70 0.16 7.50 2.0331 1.9038 1.0679
0.02 0.80 0.16 7.50 1.9934 1.9092 1.0441
0.03 0.20 0.16 7.50 2.1080 1.9447 1.0840
0.03 0.30 0.16 7.50 2.0790 1.9342 1.0749
0.03 0.40 0.16 7.50 2.0638 1.9310 1.0688
0.03 0.50 0.16 7.50 2.0523 1.9326 1.0619
0.03 0.60 0.16 7.50 2.0378 1.9395 1.0507
0.03 0.70 0.16 7.50 2.0041 1.9471 1.0293
0.03 0.80 0.16 7.50 1.9279 1.9392 0.9942
0.04 0.20 0.16 7.50 2.1231 2.0016 1.0607
0.04 0.30 0.16 7.50 2.0837 1.9852 1.0496
0.04 0.40 0.16 7.50 2.0626 1.9804 1.0415
0.04 0.50 0.16 7.50 2.0432 1.9840 1.0299
0.04 0.60 0.16 7.50 2.0121 1.9904 1.0109
0.04 0.70 0.16 7.50 1.9622 1.9964 0.9829
0.04 0.80 0.16 7.50 1.8636 1.9482 0.9566
0.05 0.20 0.16 7.50 2.1355 2.0752 1.0291
0.05 0.30 0.16 7.50 2.0853 2.0517 1.0164
0.05 0.40 0.16 7.50 2.0539 2.0438 1.0049
0.05 0.50 0.16 7.50 2.0211 2.0439 0.9888
0.05 0.60 0.16 7.50 1.9816 2.0509 0.9662
0.05 0.70 0.16 7.50 1.9088 2.0259 0.9422
0.05 0.80 0.16 7.50 1.8266 2.0193 0.9046
0.06 0.20 0.16 7.50 2.1441 2.1668 0.9895
0.06 0.30 0.16 7.50 2.0799 2.1315 0.9758
0.06 0.40 0.16 7.50 2.0356 2.1162 0.9619
0.06 0.50 0.16 7.50 1.9972 2.1152 0.9442
0.06 0.60 0.16 7.50 1.9405 2.1022 0.9231
0.06 0.70 0.16 7.50 1.8745 2.0838 0.8996
0.06 0.80 0.16 7.50 1.7625 2.1087 0.8358
0.07 0.20 0.16 7.50 2.1455 2.2749 0.9431
0.07 0.30 0.16 7.50 2.0669 2.2219 0.9302
0.07 0.40 0.16 7.50 2.0175 2.2012 0.9165
0.07 0.50 0.16 7.50 1.9665 2.1882 0.8987
0.07 0.60 0.16 7.50 1.9049 2.1622 0.8810
0.07 0.70 0.16 7.50 1.8455 2.1772 0.8477
0.07 0.80 0.16 7.50 1.6667 2.1341 0.7810
0.08 0.20 0.16 7.50 2.1402 2.4025 0.8908
0.08 0.30 0.16 7.50 2.0555 2.3267 0.8834
0.08 0.40 0.16 7.50 1.9947 2.2931 0.8699
0.08 0.50 0.16 7.50 1.9312 2.2553 0.8563
0.08 0.60 0.16 7.50 1.8784 2.2477 0.8357
0.08 0.70 0.16 7.50 1.8027 2.2878 0.7880
0.08 0.80 0.16 7.50 1.6141 2.2278 0.7246
0.09 0.20 0.16 7.50 2.1392 2.5482 0.8395
0.09 0.30 0.16 7.50 2.0400 2.4412 0.8357
0.09 0.40 0.16 7.50 1.9643 2.3778 0.8261
0.09 0.50 0.16 7.50 1.9058 2.3454 0.8126
0.09 0.60 0.16 7.50 1.8523 2.3583 0.7854
0.09 0.70 0.16 7.50 1.7359 2.3955 0.7247
0.09 0.80 0.16 7.50 1.5413 2.3682 0.6508
0.01 0.20 0.18 7.50 2.0426 2.1258 0.9609
0.01 0.30 0.18 7.50 2.0307 2.1223 0.9568
0.01 0.40 0.18 7.50 2.0238 2.1204 0.9544
0.01 0.50 0.18 7.50 2.0184 2.1191 0.9525
0.01 0.60 0.18 7.50 2.0126 2.1177 0.9504
0.01 0.70 0.18 7.50 2.0046 2.1161 0.9473
0.01 0.80 0.18 7.50 1.9894 2.1137 0.9412
0.02 0.20 0.18 7.50 2.0649 2.1464 0.9620
0.02 0.30 0.18 7.50 2.0408 2.1397 0.9537
0.02 0.40 0.18 7.50 2.0273 2.1366 0.9488
0.02 0.50 0.18 7.50 2.0172 2.1356 0.9446
0.02 0.60 0.18 7.50 2.0074 2.1367 0.9395
0.02 0.70 0.18 7.50 1.9909 2.1400 0.9303
0.02 0.80 0.18 7.50 1.9510 2.1436 0.9101
0.03 0.20 0.18 7.50 2.0871 2.1826 0.9562
0.03 0.30 0.18 7.50 2.0511 2.1724 0.9442
0.03 0.40 0.18 7.50 2.0313 2.1687 0.9366
0.03 0.50 0.18 7.50 2.0155 2.1695 0.9290
0.03 0.60 0.18 7.50 1.9976 2.1745 0.9186
0.03 0.70 0.18 7.50 1.9631 2.1813 0.9000
0.03 0.80 0.18 7.50 1.8926 2.1765 0.8695
0.04 0.20 0.18 7.50 2.1074 2.2351 0.9429
0.04 0.30 0.18 7.50 2.0600 2.2202 0.9278
0.04 0.40 0.18 7.50 2.0319 2.2156 0.9171
0.04 0.50 0.18 7.50 2.0084 2.2177 0.9056
0.04 0.60 0.18 7.50 1.9754 2.2238 0.8883
0.04 0.70 0.18 7.50 1.9253 2.2296 0.8635
0.04 0.80 0.18 7.50 1.8289 2.1866 0.8364
0.05 0.20 0.18 7.50 2.1249 2.3037 0.9224
0.05 0.30 0.18 7.50 2.0646 2.2826 0.9045
0.05 0.40 0.18 7.50 2.0279 2.2750 0.8914
0.05 0.50 0.18 7.50 1.9905 2.2758 0.8746
0.05 0.60 0.18 7.50 1.9476 2.2819 0.8535
0.05 0.70 0.18 7.50 1.8806 2.2637 0.8308
0.05 0.80 0.18 7.50 1.7879 2.2459 0.7960
0.06 0.20 0.18 7.50 2.1383 2.3882 0.8954
0.06 0.30 0.18 7.50 2.0650 2.3576 0.8759
0.06 0.40 0.18 7.50 2.0140 2.3448 0.8589
0.06 0.50 0.18 7.50 1.9691 2.3436 0.8402
0.06 0.60 0.18 7.50 1.9190 2.3420 0.8194
0.06 0.70 0.18 7.50 1.8433 2.3163 0.7958
0.06 0.80 0.18 7.50 1.7282 2.3338 0.7405
0.07 0.20 0.18 7.50 2.1476 2.4881 0.8631
0.07 0.30 0.18 7.50 2.0565 2.4439 0.8415
0.07 0.40 0.18 7.50 1.9979 2.4253 0.8238
0.07 0.50 0.18 7.50 1.9484 2.4191 0.8054
0.07 0.60 0.18 7.50 1.8813 2.3957 0.7853
0.07 0.70 0.18 7.50 1.8132 2.4009 0.7552
0.07 0.80 0.18 7.50 1.6438 2.3735 0.6925
0.08 0.20 0.18 7.50 2.1482 2.6026 0.8254
0.08 0.30 0.18 7.50 2.0475 2.5429 0.8052
0.08 0.40 0.18 7.50 1.9823 2.5157 0.7880
0.08 0.50 0.18 7.50 1.9181 2.4877 0.7710
0.08 0.60 0.18 7.50 1.8547 2.4744 0.7496
0.08 0.70 0.18 7.50 1.7717 2.5051 0.7072
0.08 0.80 0.18 7.50 1.5811 2.4468 0.6462
0.09 0.20 0.18 7.50 2.1445 2.7383 0.7832
0.09 0.30 0.18 7.50 2.0397 2.6538 0.7686
0.09 0.40 0.18 7.50 1.9624 2.6094 0.7520
0.09 0.50 0.18 7.50 1.8922 2.5736 0.7352
0.09 0.60 0.18 7.50 1.8290 2.5773 0.7097
0.09 0.70 0.18 7.50 1.7142 2.6193 0.6544
0.09 0.80 0.18 7.50 1.5138 2.5796 0.5868
0.01 0.20 0.20 7.50 2.0094 2.3742 0.8464
0.01 0.30 0.20 7.50 1.9954 2.3703 0.8419
0.01 0.40 0.20 7.50 1.9871 2.3680 0.8392
0.01 0.50 0.20 7.50 1.9807 2.3663 0.8371
0.01 0.60 0.20 7.50 1.9741 2.3646 0.8348
0.01 0.70 0.20 7.50 1.9649 2.3627 0.8316
0.01 0.80 0.20 7.50 1.9476 2.3596 0.8254
0.02 0.20 0.20 7.50 2.0372 2.3949 0.8506
0.02 0.30 0.20 7.50 2.0093 2.3878 0.8415
0.02 0.40 0.20 7.50 1.9929 2.3840 0.8359
0.02 0.50 0.20 7.50 1.9806 2.3824 0.8313
0.02 0.60 0.20 7.50 1.9675 2.3821 0.8260
0.02 0.70 0.20 7.50 1.9492 2.3834 0.8178
0.02 0.80 0.20 7.50 1.9061 2.3845 0.7994
0.03 0.20 0.20 7.50 2.0639 2.4289 0.8497
0.03 0.30 0.20 7.50 2.0224 2.4192 0.8360
0.03 0.40 0.20 7.50 1.9976 2.4144 0.8274
0.03 0.50 0.20 7.50 1.9788 2.4135 0.8199
0.03 0.60 0.20 7.50 1.9571 2.4161 0.8100
0.03 0.70 0.20 7.50 1.9214 2.4217 0.7934
0.03 0.80 0.20 7.50 1.8536 2.4170 0.7669
0.04 0.20 0.20 7.50 2.0894 2.4764 0.8437
0.04 0.30 0.20 7.50 2.0337 2.4633 0.8256
0.04 0.40 0.20 7.50 1.9999 2.4579 0.8137
0.04 0.50 0.20 7.50 1.9710 2.4579 0.8019
0.04 0.60 0.20 7.50 1.9374 2.4637 0.7864
0.04 0.70 0.20 7.50 1.8865 2.4673 0.7646
0.04 0.80 0.20 7.50 1.7929 2.4298 0.7379
0.05 0.20 0.20 7.50 2.1122 2.5392 0.8319
0.05 0.30 0.20 7.50 2.0411 2.5204 0.8098
0.05 0.40 0.20 7.50 1.9963 2.5134 0.7943
0.05 0.50 0.20 7.50 1.9578 2.5147 0.7785
0.05 0.60 0.20 7.50 1.9099 2.5175 0.7587
0.05 0.70 0.20 7.50 1.8528 2.5136 0.7371
0.05 0.80 0.20 7.50 1.7483 2.4799 0.7050
0.06 0.20 0.20 7.50 2.1299 2.6162 0.8141
0.06 0.30 0.20 7.50 2.0442 2.5898 0.7893
0.06 0.40 0.20 7.50 1.9886 2.5805 0.7706
0.06 0.50 0.20 7.50 1.9374 2.5778 0.7516
0.06 0.60 0.20 7.50 1.8901 2.5824 0.7319
0.06 0.70 0.20 7.50 1.8107 2.5568 0.7082
0.06 0.80 0.20 7.50 1.6935 2.5657 0.6601
0.07 0.20 0.20 7.50 2.1430 2.7087 0.7912
0.07 0.30 0.20 7.50 2.0437 2.6724 0.7647
0.07 0.40 0.20 7.50 1.9747 2.6551 0.7438
0.07 0.50 0.20 7.50 1.9234 2.6533 0.7249
0.07 0.60 0.20 7.50 1.8555 2.6328 0.7048
0.07 0.70 0.20 7.50 1.7784 2.6316 0.6758
0.07 0.80 0.20 7.50 1.6141 2.6230 0.6154
0.08 0.20 0.20 7.50 2.1522 2.8168 0.7641
0.08 0.30 0.20 7.50 2.0375 2.7642 0.7371
0.08 0.40 0.20 7.50 1.9667 2.7428 0.7170
0.08 0.50 0.20 7.50 1.9027 2.7296 0.6970
0.08 0.60 0.20 7.50 1.8281 2.7092 0.6748
0.08 0.70 0.20 7.50 1.7393 2.7305 0.6370
0.08 0.80 0.20 7.50 1.5474 2.6736 0.5788
0.09 0.20 0.20 7.50 2.1560 2.9387 0.7337
0.09 0.30 0.20 7.50 2.0350 2.8701 0.7090
0.09 0.40 0.20 7.50 1.9541 2.8377 0.6886
0.09 0.50 0.20 7.50 1.8729 2.8035 0.6680
0.09 0.60 0.20 7.50 1.8015 2.8029 0.6427
0.09 0.70 0.20 7.50 1.6866 2.8448 0.5929
0.09 0.80 0.20 7.50 1.4835 2.7971 0.5304
0.01 0.20 0.22 7.50 1.9743 2.6275 0.7514
0.01 0.30 0.22 7.50 1.9591 2.6232 0.7468
0.01 0.40 0.22 7.50 1.9499 2.6210 0.7439
0.01 0.50 0.22 7.50 1.9427 2.6194 0.7416
0.01 0.60 0.22 7.50 1.9354 2.6179 0.7393
0.01 0.70 0.22 7.50 1.9251 2.6155 0.7360
0.01 0.80 0.22 7.50 1.9058 2.6111 0.7299
0.02 0.20 0.22 7.50 2.0075 2.6495 0.7577
0.02 0.30 0.22 7.50 1.9762 2.6420 0.7480
0.02 0.40 0.22 7.50 1.9572 2.6376 0.7420
0.02 0.50 0.22 7.50 1.9422 2.6351 0.7371
0.02 0.60 0.22 7.50 1.9270 2.6334 0.7317
0.02 0.70 0.22 7.50 1.9054 2.6323 0.7239
0.02 0.80 0.22 7.50 1.8596 2.6300 0.7071
0.03 0.20 0.22 7.50 2.0389 2.6817 0.7603
0.03 0.30 0.22 7.50 1.9914 2.6715 0.7455
0.03 0.40 0.22 7.50 1.9624 2.6658 0.7361
0.03 0.50 0.22 7.50 1.9395 2.6634 0.7282
0.03 0.60 0.22 7.50 1.9137 2.6638 0.7184
0.03 0.70 0.22 7.50 1.8766 2.6661 0.7039
0.03 0.80 0.22 7.50 1.8114 2.6601 0.6810
0.04 0.20 0.22 7.50 2.0685 2.7260 0.7588
0.04 0.30 0.22 7.50 2.0046 2.7127 0.7390
0.04 0.40 0.22 7.50 1.9648 2.7056 0.7262
0.04 0.50 0.22 7.50 1.9312 2.7045 0.7141
0.04 0.60 0.22 7.50 1.8955 2.7071 0.7002
0.04 0.70 0.22 7.50 1.8455 2.7098 0.6811
0.04 0.80 0.22 7.50 1.7533 2.6748 0.6555
0.05 0.20 0.22 7.50 2.0952 2.7821 0.7531
0.05 0.30 0.22 7.50 2.0145 2.7653 0.7285
0.05 0.40 0.22 7.50 1.9621 2.7577 0.7115
0.05 0.50 0.22 7.50 1.9205 2.7567 0.6966
0.05 0.60 0.22 7.50 1.8751 2.7602 0.6793
0.05 0.70 0.22 7.50 1.8177 2.7616 0.6582
0.05 0.80 0.22 7.50 1.7068 2.7200 0.6275
0.06 0.20 0.22 7.50 2.1180 2.8530 0.7424
0.06 0.30 0.22 7.50 2.0205 2.8301 0.7139
0.06 0.40 0.22 7.50 1.9588 2.8204 0.6945
0.06 0.50 0.22 7.50 1.9074 2.8191 0.6766
0.06 0.60 0.22 7.50 1.8559 2.8232 0.6574
0.06 0.70 0.22 7.50 1.7749 2.8004 0.6338
0.06 0.80 0.22 7.50 1.6546 2.8007 0.5908
0.07 0.20 0.22 7.50 2.1360 2.9384 0.7269
0.07 0.30 0.22 7.50 2.0248 2.9060 0.6968
0.07 0.40 0.22 7.50 1.9529 2.8933 0.6750
0.07 0.50 0.22 7.50 1.8939 2.8905 0.6552
0.07 0.60 0.22 7.50 1.8295 2.8846 0.6342
0.07 0.70 0.22 7.50 1.7412 2.8682 0.6071
0.07 0.80 0.22 7.50 1.5828 2.8715 0.5512
0.08 0.20 0.22 7.50 2.1525 3.0382 0.7085
0.08 0.30 0.22 7.50 2.0282 2.9941 0.6774
0.08 0.40 0.22 7.50 1.9440 2.9747 0.6535
0.08 0.50 0.22 7.50 1.8793 2.9705 0.6327
0.08 0.60 0.22 7.50 1.7985 2.9494 0.6098
0.08 0.70 0.22 7.50 1.7024 2.9603 0.5751
0.08 0.80 0.22 7.50 1.5113 2.9060 0.5201
0.09 0.20 0.22 7.50 2.1645 3.1530 0.6865
0.09 0.30 0.22 7.50 2.0265 3.0929 0.6552
0.09 0.40 0.22 7.50 1.9380 3.0685 0.6316
0.09 0.50 0.22 7.50 1.8541 3.0426 0.6094
0.09 0.60 0.22 7.50 1.7715 3.0355 0.5836
0.09 0.70 0.22 7.50 1.6566 3.0732 0.5390
0.09 0.80 0.22 7.50 1.4485 3.0187 0.4799
0.01 0.20 0.24 7.50 1.9423 2.8843 0.6734
0.01 0.30 0.24 7.50 1.9228 2.8794 0.6678
0.01 0.40 0.24 7.50 1.9108 2.8769 0.6642
0.01 0.50 0.24 7.50 1.9032 2.8757 0.6618
0.01 0.60 0.24 7.50 1.8953 2.8745 0.6593
0.01 0.70 0.24 7.50 1.8841 2.8726 0.6559
0.01 0.80 0.24 7.50 1.8627 2.8669 0.6497
0.02 0.20 0.24 7.50 1.9771 2.9078 0.6799
0.02 0.30 0.24 7.50 1.9422 2.8999 0.6698
0.02 0.40 0.24 7.50 1.9203 2.8951 0.6633
0.02 0.50 0.24 7.50 1.9029 2.8917 0.6581
0.02 0.60 0.24 7.50 1.8854 2.8888 0.6527
0.02 0.70 0.24 7.50 1.8596 2.8863 0.6443
0.02 0.80 0.24 7.50 1.8141 2.8801 0.6299
0.03 0.20 0.24 7.50 2.0128 2.9401 0.6846
0.03 0.30 0.24 7.50 1.9597 2.9284 0.6692
0.03 0.40 0.24 7.50 1.9266 2.9213 0.6595
0.03 0.50 0.24 7.50 1.8986 2.9176 0.6507
0.03 0.60 0.24 7.50 1.8694 2.9160 0.6411
0.03 0.70 0.24 7.50 1.8320 2.9150 0.6285
0.03 0.80 0.24 7.50 1.7687 2.9083 0.6082
0.04 0.20 0.24 7.50 2.0467 2.9810 0.6866
0.04 0.30 0.24 7.50 1.9744 2.9669 0.6655
0.04 0.40 0.24 7.50 1.9283 2.9591 0.6516
0.04 0.50 0.24 7.50 1.8910 2.9552 0.6399
0.04 0.60 0.24 7.50 1.8536 2.9550 0.6273
0.04 0.70 0.24 7.50 1.8064 2.9572 0.6108
0.04 0.80 0.24 7.50 1.7211 2.9346 0.5865
0.05 0.20 0.24 7.50 2.0767 3.0334 0.6846
0.05 0.30 0.24 7.50 1.9861 3.0166 0.6584
0.05 0.40 0.24 7.50 1.9291 3.0069 0.6416
0.05 0.50 0.24 7.50 1.8832 3.0038 0.6270
0.05 0.60 0.24 7.50 1.8386 3.0069 0.6115
0.05 0.70 0.24 7.50 1.7788 3.0084 0.5913
0.05 0.80 0.24 7.50 1.6653 2.9655 0.5616
0.06 0.20 0.24 7.50 2.1030 3.0976 0.6789
0.06 0.30 0.24 7.50 1.9974 3.0764 0.6493
0.06 0.40 0.24 7.50 1.9287 3.0657 0.6291
0.06 0.50 0.24 7.50 1.8752 3.0639 0.6120
0.06 0.60 0.24 7.50 1.8191 3.0663 0.5933
0.06 0.70 0.24 7.50 1.7401 3.0467 0.5711
0.06 0.80 0.24 7.50 1.6127 3.0373 0.5310
0.07 0.20 0.24 7.50 2.1294 3.1756 0.6706
0.07 0.30 0.24 7.50 2.0065 3.1472 0.6375
0.07 0.40 0.24 7.50 1.9279 3.1355 0.6149
0.07 0.50 0.24 7.50 1.8626 3.1320 0.5947
0.07 0.60 0.24 7.50 1.7992 3.1338 0.5741
0.07 0.70 0.24 7.50 1.7043 3.1113 0.5478
0.07 0.80 0.24 7.50 1.5513 3.1200 0.4972
0.08 0.20 0.24 7.50 2.1503 3.2678 0.6580
0.08 0.30 0.24 7.50 2.0148 3.2299 0.6238
0.08 0.40 0.24 7.50 1.9239 3.2144 0.5985
0.08 0.50 0.24 7.50 1.8521 3.2113 0.5767
0.08 0.60 0.24 7.50 1.7663 3.1912 0.5535
0.08 0.70 0.24 7.50 1.6649 3.1961 0.5209
0.08 0.80 0.24 7.50 1.4752 3.1434 0.4693
0.09 0.20 0.24 7.50 2.1690 3.3754 0.6426
0.09 0.30 0.24 7.50 2.0190 3.3237 0.6075
0.09 0.40 0.24 7.50 1.9194 3.3034 0.5810
0.09 0.50 0.24 7.50 1.8349 3.2914 0.5575
0.09 0.60 0.24 7.50 1.7415 3.2750 0.5317
0.09 0.70 0.24 7.50 1.6240 3.3047 0.4914
0.09 0.80 0.24 7.50 1.4134 3.2455 0.4355
0.01 0.20 0.26 7.50 1.9046 3.1445 0.6057
0.01 0.30 0.26 7.50 1.8861 3.1400 0.6007
0.01 0.40 0.26 7.50 1.8741 3.1372 0.5974
0.01 0.50 0.26 7.50 1.8645 3.1351 0.5947
0.01 0.60 0.26 7.50 1.8594 3.1357 0.5930
0.01 0.70 0.26 7.50 1.8438 3.1335 0.5884
0.01 0.80 0.26 7.50 1.8201 3.1288 0.5817
0.02 0.20 0.26 7.50 1.9479 3.1695 0.6146
0.02 0.30 0.26 7.50 1.9072 3.1606 0.6034
0.02 0.40 0.26 7.50 1.8842 3.1561 0.5970
0.02 0.50 0.26 7.50 1.8644 3.1528 0.5913
0.02 0.60 0.26 7.50 1.8436 3.1501 0.5852
0.02 0.70 0.26 7.50 1.8163 3.1457 0.5774
0.02 0.80 0.26 7.50 1.7722 3.1365 0.5650
0.03 0.20 0.26 7.50 1.9843 3.2014 0.6198
0.03 0.30 0.26 7.50 1.9257 3.1892 0.6038
0.03 0.40 0.26 7.50 1.8883 3.1820 0.5934
0.03 0.50 0.26 7.50 1.8583 3.1772 0.5849
0.03 0.60 0.26 7.50 1.8287 3.1736 0.5762
0.03 0.70 0.26 7.50 1.7908 3.1698 0.5650
0.03 0.80 0.26 7.50 1.7293 3.1620 0.5469
0.04 0.20 0.26 7.50 2.0204 3.2418 0.6232
0.04 0.30 0.26 7.50 1.9414 3.2262 0.6017
0.04 0.40 0.26 7.50 1.8915 3.2164 0.5881
0.04 0.50 0.26 7.50 1.8523 3.2109 0.5769
0.04 0.60 0.26 7.50 1.8140 3.2087 0.5653
0.04 0.70 0.26 7.50 1.7664 3.2087 0.5505
0.04 0.80 0.26 7.50 1.6856 3.1943 0.5277
0.05 0.20 0.26 7.50 2.0553 3.2907 0.6246
0.05 0.30 0.26 7.50 1.9577 3.2723 0.5983
0.05 0.40 0.26 7.50 1.8946 3.2610 0.5810
0.05 0.50 0.26 7.50 1.8464 3.2559 0.5671
0.05 0.60 0.26 7.50 1.7992 3.2561 0.5526
0.05 0.70 0.26 7.50 1.7385 3.2572 0.5337
0.05 0.80 0.26 7.50 1.6252 3.2183 0.5050
0.06 0.20 0.26 7.50 2.0892 3.3492 0.6238
0.06 0.30 0.26 7.50 1.9725 3.3282 0.5927
0.06 0.40 0.26 7.50 1.8984 3.3163 0.5724
0.06 0.50 0.26 7.50 1.8396 3.3119 0.5554
0.06 0.60 0.26 7.50 1.7811 3.3138 0.5375
0.06 0.70 0.26 7.50 1.7083 3.3084 0.5163
0.06 0.80 0.26 7.50 1.5711 3.2798 0.4790
0.07 0.20 0.26 7.50 2.1191 3.4198 0.6196
0.07 0.30 0.26 7.50 1.9865 3.3950 0.5851
0.07 0.40 0.26 7.50 1.8998 3.3817 0.5618
0.07 0.50 0.26 7.50 1.8317 3.3790 0.5421
0.07 0.60 0.26 7.50 1.7646 3.3819 0.5218
0.07 0.70 0.26 7.50 1.6667 3.3608 0.4959
0.07 0.80 0.26 7.50 1.5158 3.3627 0.4508
0.08 0.20 0.26 7.50 2.1472 3.5056 0.6125
0.08 0.30 0.26 7.50 1.9980 3.4719 0.5755
0.08 0.40 0.26 7.50 1.9010 3.4585 0.5497
0.08 0.50 0.26 7.50 1.8214 3.4541 0.5273
0.08 0.60 0.26 7.50 1.7390 3.4465 0.5046
0.08 0.70 0.26 7.50 1.6250 3.4360 0.4730
0.08 0.80 0.26 7.50 1.4383 3.3861 0.4248
0.09 0.20 0.26 7.50 2.1703 3.6052 0.6020
0.09 0.30 0.26 7.50 2.0090 3.5606 0.5642
0.09 0.40 0.26 7.50 1.8965 3.5425 0.5354
0.09 0.50 0.26 7.50 1.8099 3.5383 0.5115
0.09 0.60 0.26 7.50 1.7098 3.5204 0.4857
0.09 0.70 0.26 7.50 1.5871 3.5370 0.4487
0.09 0.80 0.26 7.50 1.3756 3.4761 0.3957
0.01 0.20 0.28 7.50 1.8677 3.4117 0.5474
0.01 0.30 0.28 7.50 1.8480 3.4070 0.5424
0.01 0.40 0.28 7.50 1.8353 3.4041 0.5391
0.01 0.50 0.28 7.50 1.8252 3.4020 0.5365
0.01 0.60 0.28 7.50 1.8146 3.3999 0.5337
0.01 0.70 0.28 7.50 1.7998 3.3968 0.5298
0.01 0.80 0.28 7.50 1.7756 3.3940 0.5232
0.02 0.20 0.28 7.50 1.9116 3.4347 0.5566
0.02 0.30 0.28 7.50 1.8706 3.4255 0.5461
0.02 0.40 0.28 7.50 1.8429 3.4197 0.5389
0.02 0.50 0.28 7.50 1.8209 3.4177 0.5328
0.02 0.60 0.28 7.50 1.7999 3.4153 0.5270
0.02 0.70 0.28 7.50 1.7725 3.4100 0.5198
0.02 0.80 0.28 7.50 1.7291 3.3983 0.5088
0.03 0.20 0.28 7.50 1.9511 3.4659 0.5629
0.03 0.30 0.28 7.50 1.8902 3.4544 0.5472
0.03 0.40 0.28 7.50 1.8500 3.4473 0.5367
0.03 0.50 0.28 7.50 1.8181 3.4418 0.5282
0.03 0.60 0.28 7.50 1.7865 3.4364 0.5199
0.03 0.70 0.28 7.50 1.7485 3.4304 0.5097
0.03 0.80 0.28 7.50 1.6860 3.4197 0.4930
0.04 0.20 0.28 7.50 1.9916 3.5059 0.5681
0.04 0.30 0.28 7.50 1.9100 3.4900 0.5473
0.04 0.40 0.28 7.50 1.8562 3.4794 0.5335
0.04 0.50 0.28 7.50 1.8146 3.4727 0.5225
0.04 0.60 0.28 7.50 1.7738 3.4683 0.5114
0.04 0.70 0.28 7.50 1.7231 3.4648 0.4973
0.04 0.80 0.28 7.50 1.6451 3.4543 0.4762
0.05 0.20 0.28 7.50 2.0325 3.5522 0.5722
0.05 0.30 0.28 7.50 1.9274 3.5322 0.5457
0.05 0.40 0.28 7.50 1.8626 3.5207 0.5290
0.05 0.50 0.28 7.50 1.8103 3.5139 0.5152
0.05 0.60 0.28 7.50 1.7597 3.5119 0.5011
0.05 0.70 0.28 7.50 1.6979 3.5123 0.4834
0.05 0.80 0.28 7.50 1.5847 3.4776 0.4557
0.06 0.20 0.28 7.50 2.0716 3.6073 0.5743
0.06 0.30 0.28 7.50 1.9467 3.5851 0.5430
0.06 0.40 0.28 7.50 1.8670 3.5717 0.5227
0.06 0.50 0.28 7.50 1.8047 3.5661 0.5061
0.06 0.60 0.28 7.50 1.7457 3.5678 0.4893
0.06 0.70 0.28 7.50 1.6726 3.5687 0.4687
0.06 0.80 0.28 7.50 1.5288 3.5289 0.4332
0.07 0.20 0.28 7.50 2.1087 3.6726 0.5742
0.07 0.30 0.28 7.50 1.9639 3.6471 0.5385
0.07 0.40 0.28 7.50 1.8695 3.6329 0.5146
0.07 0.50 0.28 7.50 1.7985 3.6292 0.4956
0.07 0.60 0.28 7.50 1.7282 3.6325 0.4758
0.07 0.70 0.28 7.50 1.6285 3.6147 0.4505
0.07 0.80 0.28 7.50 1.4794 3.6100 0.4098
0.08 0.20 0.28 7.50 2.1410 3.7504 0.5709
0.08 0.30 0.28 7.50 1.9794 3.7199 0.5321
0.08 0.40 0.28 7.50 1.8725 3.7049 0.5054
0.08 0.50 0.28 7.50 1.7882 3.7014 0.4831
0.08 0.60 0.28 7.50 1.7094 3.7036 0.4616
0.08 0.70 0.28 7.50 1.5859 3.6824 0.4307
0.08 0.80 0.28 7.50 1.4065 3.6409 0.3863
0.09 0.20 0.28 7.50 2.1692 3.8435 0.5644
0.09 0.30 0.28 7.50 1.9925 3.8030 0.5239
0.09 0.40 0.28 7.50 1.8738 3.7872 0.4948
0.09 0.50 0.28 7.50 1.7793 3.7840 0.4702
0.09 0.60 0.28 7.50 1.6746 3.7680 0.4444
0.09 0.70 0.28 7.50 1.5504 3.7758 0.4106
0.09 0.80 0.28 7.50 1.3381 3.7131 0.3604
0.01 0.20 0.30 7.50 1.8276 3.6821 0.4964
0.01 0.30 0.30 7.50 1.8062 3.6767 0.4913
0.01 0.40 0.30 7.50 1.7920 3.6736 0.4878
0.01 0.50 0.30 7.50 1.7808 3.6716 0.4850
0.01 0.60 0.30 7.50 1.7697 3.6700 0.4822
0.01 0.70 0.30 7.50 1.7555 3.6678 0.4786
0.01 0.80 0.30 7.50 1.7308 3.6603 0.4728
0.02 0.20 0.30 7.50 1.8733 3.7063 0.5054
0.02 0.30 0.30 7.50 1.8304 3.6973 0.4951
0.02 0.40 0.30 7.50 1.8018 3.6913 0.4881
0.02 0.50 0.30 7.50 1.7789 3.6861 0.4826
0.02 0.60 0.30 7.50 1.7605 3.6838 0.4779
0.02 0.70 0.30 7.50 1.7297 3.6783 0.4702
0.02 0.80 0.30 7.50 1.6860 3.6647 0.4601
0.03 0.20 0.30 7.50 1.9183 3.7356 0.5135
0.03 0.30 0.30 7.50 1.8530 3.7221 0.4978
0.03 0.40 0.30 7.50 1.8092 3.7145 0.4871
0.03 0.50 0.30 7.50 1.7763 3.7096 0.4789
0.03 0.60 0.30 7.50 1.7446 3.7041 0.4710
0.03 0.70 0.30 7.50 1.7053 3.6958 0.4614
0.03 0.80 0.30 7.50 1.6415 3.6822 0.4458
0.04 0.20 0.30 7.50 1.9624 3.7722 0.5202
0.04 0.30 0.30 7.50 1.8759 3.7570 0.4993
0.04 0.40 0.30 7.50 1.8193 3.7472 0.4855
0.04 0.50 0.30 7.50 1.7745 3.7390 0.4746
0.04 0.60 0.30 7.50 1.7322 3.7326 0.4641
0.04 0.70 0.30 7.50 1.6790 3.7264 0.4506
0.04 0.80 0.30 7.50 1.6011 3.7159 0.4309
0.05 0.20 0.30 7.50 2.0071 3.8183 0.5257
0.05 0.30 0.30 7.50 1.8990 3.7981 0.5000
0.05 0.40 0.30 7.50 1.8275 3.7852 0.4828
0.05 0.50 0.30 7.50 1.7718 3.7773 0.4691
0.05 0.60 0.30 7.50 1.7172 3.7725 0.4552
0.05 0.70 0.30 7.50 1.6564 3.7728 0.4390
0.05 0.80 0.30 7.50 1.5408 3.7389 0.4121
0.06 0.20 0.30 7.50 2.0522 3.8712 0.5301
0.06 0.30 0.30 7.50 1.9202 3.8464 0.4992
0.06 0.40 0.30 7.50 1.8346 3.8328 0.4787
0.06 0.50 0.30 7.50 1.7663 3.8253 0.4617
0.06 0.60 0.30 7.50 1.7044 3.8251 0.4456
0.06 0.70 0.30 7.50 1.6304 3.8282 0.4259
0.06 0.80 0.30 7.50 1.4840 3.7835 0.3922
0.07 0.20 0.30 7.50 2.0945 3.9320 0.5327
0.07 0.30 0.30 7.50 1.9387 3.9046 0.4965
0.07 0.40 0.30 7.50 1.8392 3.8896 0.4729
0.07 0.50 0.30 7.50 1.7613 3.8841 0.4535
0.07 0.60 0.30 7.50 1.6879 3.8879 0.4342
0.07 0.70 0.30 7.50 1.5886 3.8705 0.4104
0.07 0.80 0.30 7.50 1.4390 3.8613 0.3727
0.08 0.20 0.30 7.50 2.1327 4.0037 0.5327
0.08 0.30 0.30 7.50 1.9573 3.9731 0.4926
0.08 0.40 0.30 7.50 1.8433 3.9569 0.4658
0.08 0.50 0.30 7.50 1.7566 3.9552 0.4441
0.08 0.60 0.30 7.50 1.6721 3.9598 0.4223
0.08 0.70 0.30 7.50 1.5450 3.9361 0.3925
0.08 0.80 0.30 7.50 1.3689 3.9099 0.3501
0.09 0.20 0.30 7.50 2.1645 4.0888 0.5294
0.09 0.30 0.30 7.50 1.9740 4.0515 0.4872
0.09 0.40 0.30 7.50 1.8463 4.0355 0.4575
0.09 0.50 0.30 7.50 1.7474 4.0331 0.4333
0.09 0.60 0.30 7.50 1.6419 4.0230 0.4081
0.09 0.70 0.30 7.50 1.5100 4.0203 0.3756
0.09 0.80 0.30 7.50 1.2974 3.9567 0.3279
0.01 0.20 0.32 7.50 1.7837 3.9556 0.4509
0.01 0.30 0.32 7.50 1.7617 3.9503 0.4460
0.01 0.40 0.32 7.50 1.7468 3.9470 0.4425
0.01 0.50 0.32 7.50 1.7349 3.9448 0.4398
0.01 0.60 0.32 7.50 1.7235 3.9428 0.4371
0.01 0.70 0.32 7.50 1.7099 3.9402 0.4340
0.01 0.80 0.32 7.50 1.6875 3.9342 0.4289
0.02 0.20 0.32 7.50 1.8330 3.9805 0.4605
0.02 0.30 0.32 7.50 1.7882 3.9701 0.4504
0.02 0.40 0.32 7.50 1.7586 3.9636 0.4437
0.02 0.50 0.32 7.50 1.7354 3.9590 0.4383
0.02 0.60 0.32 7.50 1.7127 3.9540 0.4332
0.02 0.70 0.32 7.50 1.6848 3.9485 0.4267
0.02 0.80 0.32 7.50 1.6413 3.9351 0.4171
0.03 0.20 0.32 7.50 1.8843 4.0108 0.4698
0.03 0.30 0.32 7.50 1.8156 3.9962 0.4543
0.03 0.40 0.32 7.50 1.7701 3.9857 0.4441
0.03 0.50 0.32 7.50 1.7340 3.9776 0.4359
0.03 0.60 0.32 7.50 1.7014 3.9741 0.4281
0.03 0.70 0.32 7.50 1.6604 3.9647 0.4188
0.03 0.80 0.32 7.50 1.5959 3.9489 0.4041
0.04 0.20 0.32 7.50 1.9345 4.0452 0.4782
0.04 0.30 0.32 7.50 1.8412 4.0268 0.4572
0.04 0.40 0.32 7.50 1.7805 4.0170 0.4432
0.04 0.50 0.32 7.50 1.7337 4.0087 0.4325
0.04 0.60 0.32 7.50 1.6881 4.0004 0.4220
0.04 0.70 0.32 7.50 1.6340 3.9923 0.4093
0.04 0.80 0.32 7.50 1.5542 3.9810 0.3904
0.05 0.20 0.32 7.50 1.9826 4.0878 0.4850
0.05 0.30 0.32 7.50 1.8678 4.0685 0.4591
0.05 0.40 0.32 7.50 1.7912 4.0550 0.4417
0.05 0.50 0.32 7.50 1.7307 4.0445 0.4279
0.05 0.60 0.32 7.50 1.6737 4.0375 0.4145
0.05 0.70 0.32 7.50 1.6111 4.0356 0.3992
0.05 0.80 0.32 7.50 1.5013 4.0076 0.3746
0.06 0.20 0.32 7.50 2.0309 4.1392 0.4907
0.06 0.30 0.32 7.50 1.8925 4.1144 0.4600
0.06 0.40 0.32 7.50 1.7994 4.0995 0.4389
0.06 0.50 0.32 7.50 1.7266 4.0899 0.4222
0.06 0.60 0.32 7.50 1.6606 4.0873 0.4063
0.06 0.70 0.32 7.50 1.5839 4.0885 0.3874
0.06 0.80 0.32 7.50 1.4386 4.0434 0.3558
0.07 0.20 0.32 7.50 2.0778 4.1977 0.4950
0.07 0.30 0.32 7.50 1.9147 4.1682 0.4593
0.07 0.40 0.32 7.50 1.8060 4.1528 0.4349
0.07 0.50 0.32 7.50 1.7228 4.1461 0.4155
0.07 0.60 0.32 7.50 1.6483 4.1492 0.3973
0.07 0.70 0.32 7.50 1.5505 4.1428 0.3743
0.07 0.80 0.32 7.50 1.3951 4.1150 0.3390
0.08 0.20 0.32 7.50 2.1207 4.2647 0.4973
0.08 0.30 0.32 7.50 1.9346 4.2320 0.4571
0.08 0.40 0.32 7.50 1.8125 4.2160 0.4299
0.08 0.50 0.32 7.50 1.7196 4.2132 0.4082
0.08 0.60 0.32 7.50 1.6303 4.2175 0.3865
0.08 0.70 0.32 7.50 1.5042 4.1962 0.3585
0.08 0.80 0.32 7.50 1.3304 4.1769 0.3185
0.09 0.20 0.32 7.50 2.1589 4.3424 0.4972
0.09 0.30 0.32 7.50 1.9535 4.3059 0.4537
0.09 0.40 0.32 7.50 1.8183 4.2894 0.4239
0.09 0.50 0.32 7.50 1.7122 4.2886 0.3992
0.09 0.60 0.32 7.50 1.6078 4.2888 0.3749
0.09 0.70 0.32 7.50 1.4673 4.2709 0.3436
0.09 0.80 0.32 7.50 1.2551 4.2072 0.2983
0.01 0.20 0.34 7.50 1.7417 4.2349 0.4113
0.01 0.30 0.34 7.50 1.7186 4.2291 0.4064
0.01 0.40 0.34 7.50 1.7028 4.2254 0.4030
0.01 0.50 0.34 7.50 1.6906 4.2228 0.4004
0.01 0.60 0.34 7.50 1.6791 4.2206 0.3978
0.01 0.70 0.34 7.50 1.6653 4.2179 0.3948
0.01 0.80 0.34 7.50 1.6446 4.2121 0.3904
0.02 0.20 0.34 7.50 1.7950 4.2596 0.4214
0.02 0.30 0.34 7.50 1.7485 4.2487 0.4115
0.02 0.40 0.34 7.50 1.7169 4.2417 0.4048
0.02 0.50 0.34 7.50 1.6928 4.2365 0.3996
0.02 0.60 0.34 7.50 1.6706 4.2320 0.3948
0.02 0.70 0.34 7.50 1.6432 4.2243 0.3890
0.02 0.80 0.34 7.50 1.5983 4.2122 0.3794
0.03 0.20 0.34 7.50 1.8480 4.2891 0.4309
0.03 0.30 0.34 7.50 1.7784 4.2741 0.4161
0.03 0.40 0.34 7.50 1.7315 4.2641 0.4061
0.03 0.50 0.34 7.50 1.6945 4.2560 0.3981
0.03 0.60 0.34 7.50 1.6591 4.2488 0.3905
0.03 0.70 0.34 7.50 1.6171 4.2406 0.3813
0.03 0.80 0.34 7.50 1.5519 4.2232 0.3675
0.04 0.20 0.34 7.50 1.9039 4.3247 0.4402
0.04 0.30 0.34 7.50 1.8071 4.3046 0.4198
0.04 0.40 0.34 7.50 1.7434 4.2910 0.4063
0.04 0.50 0.34 7.50 1.6933 4.2836 0.3953
0.04 0.60 0.34 7.50 1.6459 4.2753 0.3850
0.04 0.70 0.34 7.50 1.5903 4.2655 0.3728
0.04 0.80 0.34 7.50 1.5102 4.2530 0.3551
0.05 0.20 0.34 7.50 1.9578 4.3634 0.4487
0.05 0.30 0.34 7.50 1.8376 4.3426 0.4232
0.05 0.40 0.34 7.50 1.7533 4.3283 0.4051
0.05 0.50 0.34 7.50 1.6906 4.3179 0.3915
0.05 0.60 0.34 7.50 1.6317 4.3097 0.3786
0.05 0.70 0.34 7.50 1.5657 4.3054 0.3637
0.05 0.80 0.34 7.50 1.4626 4.2860 0.3413
0.06 0.20 0.34 7.50 2.0086 4.4115 0.4553
0.06 0.30 0.34 7.50 1.8620 4.3880 0.4243
0.06 0.40 0.34 7.50 1.7623 4.3709 0.4032
0.06 0.50 0.34 7.50 1.6864 4.3601 0.3868
0.06 0.60 0.34 7.50 1.6175 4.3556 0.3713
0.06 0.70 0.34 7.50 1.5393 4.3557 0.3534
0.06 0.80 0.34 7.50 1.3958 4.3120 0.3237
0.07 0.20 0.34 7.50 2.0588 4.4687 0.4607
0.07 0.30 0.34 7.50 1.8872 4.4384 0.4252
0.07 0.40 0.34 7.50 1.7714 4.4220 0.4006
0.07 0.50 0.34 7.50 1.6825 4.4127 0.3813
0.07 0.60 0.34 7.50 1.6040 4.4132 0.3635
0.07 0.70 0.34 7.50 1.5097 4.4129 0.3421
0.07 0.80 0.34 7.50 1.3508 4.3735 0.3089
0.08 0.20 0.34 7.50 2.1061 4.5323 0.4647
0.08 0.30 0.34 7.50 1.9108 4.4975 0.4249
0.08 0.40 0.34 7.50 1.7793 4.4818 0.3970
0.08 0.50 0.34 7.50 1.6793 4.4763 0.3752
0.08 0.60 0.34 7.50 1.5855 4.4784 0.3540
0.08 0.70 0.34 7.50 1.4622 4.4603 0.3278
0.08 0.80 0.34 7.50 1.2932 4.4448 0.2909
0.09 0.20 0.34 7.50 2.1494 4.6056 0.4667
0.09 0.30 0.34 7.50 1.9325 4.5667 0.4232
0.09 0.40 0.34 7.50 1.7868 4.5508 0.3926
0.09 0.50 0.34 7.50 1.6755 4.5495 0.3683
0.09 0.60 0.34 7.50 1.5675 4.5526 0.3443
0.09 0.70 0.34 7.50 1.4231 4.5272 0.3143
0.09 0.80 0.34 7.50 1.2130 4.4644 0.2717
0.01 0.20 0.36 7.50 1.6994 4.5187 0.3761
0.01 0.30 0.36 7.50 1.6753 4.5126 0.3713
0.01 0.40 0.36 7.50 1.6588 4.5086 0.3679
0.01 0.50 0.36 7.50 1.6460 4.5058 0.3653
0.01 0.60 0.36 7.50 1.6345 4.5034 0.3630
0.01 0.70 0.36 7.50 1.6212 4.5005 0.3602
0.01 0.80 0.36 7.50 1.6005 4.4948 0.3561
0.02 0.20 0.36 7.50 1.7562 4.5432 0.3866
0.02 0.30 0.36 7.50 1.7081 4.5320 0.3769
0.02 0.40 0.36 7.50 1.6754 4.5246 0.3703
0.02 0.50 0.36 7.50 1.6500 4.5192 0.3651
0.02 0.60 0.36 7.50 1.6267 4.5141 0.3604
0.02 0.70 0.36 7.50 1.6001 4.5078 0.3550
0.02 0.80 0.36 7.50 1.5542 4.4943 0.3458
0.03 0.20 0.36 7.50 1.8134 4.5722 0.3966
0.03 0.30 0.36 7.50 1.7407 4.5563 0.3820
0.03 0.40 0.36 7.50 1.6909 4.5457 0.3720
0.03 0.50 0.36 7.50 1.6527 4.5381 0.3642
0.03 0.60 0.36 7.50 1.6165 4.5299 0.3569
0.03 0.70 0.36 7.50 1.5728 4.5219 0.3478
0.03 0.80 0.36 7.50 1.5063 4.5036 0.3345
0.04 0.20 0.36 7.50 1.8700 4.6060 0.4060
0.04 0.30 0.36 7.50 1.7720 4.5861 0.3864
0.04 0.40 0.36 7.50 1.7052 4.5732 0.3729
0.04 0.50 0.36 7.50 1.6516 4.5615 0.3621
0.04 0.60 0.36 7.50 1.6026 4.5553 0.3518
0.04 0.70 0.36 7.50 1.5452 4.5445 0.3400
0.04 0.80 0.36 7.50 1.4642 4.5302 0.3232
0.05 0.20 0.36 7.50 1.9290 4.6467 0.4151
0.05 0.30 0.36 7.50 1.8016 4.6214 0.3898
0.05 0.40 0.36 7.50 1.7188 4.6063 0.3731
0.05 0.50 0.36 7.50 1.6498 4.5965 0.3589
0.05 0.60 0.36 7.50 1.5878 4.5871 0.3461
0.05 0.70 0.36 7.50 1.5182 4.5798 0.3315
0.05 0.80 0.36 7.50 1.4187 4.5642 0.3108
0.06 0.20 0.36 7.50 1.9850 4.6901 0.4232
0.06 0.30 0.36 7.50 1.8278 4.6635 0.3919
0.06 0.40 0.36 7.50 1.7266 4.6480 0.3715
0.06 0.50 0.36 7.50 1.6462 4.6362 0.3551
0.06 0.60 0.36 7.50 1.5730 4.6298 0.3398
0.06 0.70 0.36 7.50 1.4942 4.6285 0.3228
0.06 0.80 0.36 7.50 1.3529 4.5867 0.2950
0.07 0.20 0.36 7.50 2.0375 4.7434 0.4295
0.07 0.30 0.36 7.50 1.8576 4.7146 0.3940
0.07 0.40 0.36 7.50 1.7351 4.6953 0.3695
0.07 0.50 0.36 7.50 1.6422 4.6854 0.3505
0.07 0.60 0.36 7.50 1.5588 4.6826 0.3329
0.07 0.70 0.36 7.50 1.4652 4.6840 0.3128
0.07 0.80 0.36 7.50 1.3035 4.6383 0.2810
0.08 0.20 0.36 7.50 2.0888 4.8063 0.4346
0.08 0.30 0.36 7.50 1.8843 4.7704 0.3950
0.08 0.40 0.36 7.50 1.7434 4.7520 0.3669
0.08 0.50 0.36 7.50 1.6381 4.7438 0.3453
0.08 0.60 0.36 7.50 1.5442 4.7464 0.3253
0.08 0.70 0.36 7.50 1.4189 4.7279 0.3001
0.08 0.80 0.36 7.50 1.2505 4.7103 0.2655
0.09 0.20 0.36 7.50 2.1369 4.8760 0.4383
0.09 0.30 0.36 7.50 1.9092 4.8344 0.3949
0.09 0.40 0.36 7.50 1.7523 4.8178 0.3637
0.09 0.50 0.36 7.50 1.6340 4.8121 0.3395
0.09 0.60 0.36 7.50 1.5262 4.8172 0.3168
0.09 0.70 0.36 7.50 1.3803 4.7913 0.2881
0.09 0.80 0.36 7.50 1.1719 4.7303 0.2477
0.01 0.20 0.38 7.50 1.6562 4.8061 0.3446
0.01 0.30 0.38 7.50 1.6318 4.7998 0.3400
0.01 0.40 0.38 7.50 1.6149 4.7957 0.3367
0.01 0.50 0.38 7.50 1.6022 4.7927 0.3343
0.01 0.60 0.38 7.50 1.5903 4.7901 0.3320
0.01 0.70 0.38 7.50 1.5770 4.7872 0.3294
0.01 0.80 0.38 7.50 1.5564 4.7816 0.3255
0.02 0.20 0.38 7.50 1.7164 4.8310 0.3553
0.02 0.30 0.38 7.50 1.6667 4.8190 0.3459
0.02 0.40 0.38 7.50 1.6327 4.8111 0.3394
0.02 0.50 0.38 7.50 1.6061 4.8052 0.3342
0.02 0.60 0.38 7.50 1.5821 4.8003 0.3296
0.02 0.70 0.38 7.50 1.5543 4.7938 0.3242
0.02 0.80 0.38 7.50 1.5099 4.7784 0.3160
0.03 0.20 0.38 7.50 1.7769 4.8598 0.3656
0.03 0.30 0.38 7.50 1.7009 4.8431 0.3512
0.03 0.40 0.38 7.50 1.6488 4.8321 0.3412
0.03 0.50 0.38 7.50 1.6084 4.8237 0.3334
0.03 0.60 0.38 7.50 1.5718 4.8163 0.3264
0.03 0.70 0.38 7.50 1.5315 4.8073 0.3186
0.03 0.80 0.38 7.50 1.4596 4.7882 0.3048
0.04 0.20 0.38 7.50 1.8370 4.8936 0.3754
0.04 0.30 0.38 7.50 1.7342 4.8722 0.3559
0.04 0.40 0.38 7.50 1.6638 4.8584 0.3425
0.04 0.50 0.38 7.50 1.6090 4.8479 0.3319
0.04 0.60 0.38 7.50 1.5569 4.8387 0.3218
0.04 0.70 0.38 7.50 1.4985 4.8283 0.3104
0.04 0.80 0.38 7.50 1.4153 4.8107 0.2942
0.05 0.20 0.38 7.50 1.8960 4.9321 0.3844
0.05 0.30 0.38 7.50 1.7666 4.9065 0.3600
0.05 0.40 0.38 7.50 1.6768 4.8899 0.3429
0.05 0.50 0.38 7.50 1.6063 4.8791 0.3292
0.05 0.60 0.38 7.50 1.5424 4.8701 0.3167
0.05 0.70 0.38 7.50 1.4704 4.8600 0.3026
0.05 0.80 0.38 7.50 1.3709 4.8436 0.2830
0.06 0.20 0.38 7.50 1.9577 4.9768 0.3934
0.06 0.30 0.38 7.50 1.7972 4.9455 0.3634
0.06 0.40 0.38 7.50 1.6881 4.9293 0.3425
0.06 0.50 0.38 7.50 1.6041 4.9179 0.3262
0.06 0.60 0.38 7.50 1.5265 4.9091 0.3110
0.06 0.70 0.38 7.50 1.4456 4.9051 0.2947
0.06 0.80 0.38 7.50 1.3079 4.8660 0.2688
0.07 0.20 0.38 7.50 2.0152 5.0249 0.4010
0.07 0.30 0.38 7.50 1.8250 4.9936 0.3655
0.07 0.40 0.38 7.50 1.6991 4.9756 0.3415
0.07 0.50 0.38 7.50 1.5995 4.9636 0.3222
0.07 0.60 0.38 7.50 1.5124 4.9582 0.3050
0.07 0.70 0.38 7.50 1.4173 4.9580 0.2859
0.07 0.80 0.38 7.50 1.2540 4.9088 0.2555
0.08 0.20 0.38 7.50 2.0693 5.0849 0.4070
0.08 0.30 0.38 7.50 1.8550 5.0486 0.3674
0.08 0.40 0.38 7.50 1.7078 5.0280 0.3397
0.08 0.50 0.38 7.50 1.5959 5.0178 0.3180
0.08 0.60 0.38 7.50 1.4995 5.0190 0.2988
0.08 0.70 0.38 7.50 1.3816 5.0091 0.2758
0.08 0.80 0.38 7.50 1.2058 4.9802 0.2421
0.09 0.20 0.38 7.50 2.1210 5.1529 0.4116
0.09 0.30 0.38 7.50 1.8824 5.1093 0.3684
0.09 0.40 0.38 7.50 1.7156 5.0885 0.3372
0.09 0.50 0.38 7.50 1.5930 5.0820 0.3135
0.09 0.60 0.38 7.50 1.4811 5.0857 0.2912
0.09 0.70 0.38 7.50 1.3369 5.0624 0.2641
0.09 0.80 0.38 7.50 1.1353 5.0033 0.2269
0.01 0.20 0.40 7.50 1.6134 5.0988 0.3164
0.01 0.30 0.40 7.50 1.5880 5.0922 0.3118
0.01 0.40 0.40 7.50 1.5702 5.0877 0.3086
0.01 0.50 0.40 7.50 1.5566 5.0845 0.3061
0.01 0.60 0.40 7.50 1.5444 5.0819 0.3039
0.01 0.70 0.40 7.50 1.5314 5.0792 0.3015
0.01 0.80 0.40 7.50 1.5109 5.0738 0.2978
0.02 0.20 0.40 7.50 1.6747 5.1234 0.3269
0.02 0.30 0.40 7.50 1.6240 5.1111 0.3177
0.02 0.40 0.40 7.50 1.5886 5.1031 0.3113
0.02 0.50 0.40 7.50 1.5610 5.0970 0.3063
0.02 0.60 0.40 7.50 1.5361 5.0918 0.3017
0.02 0.70 0.40 7.50 1.5079 5.0856 0.2965
0.02 0.80 0.40 7.50 1.4655 5.0725 0.2889
0.03 0.20 0.40 7.50 1.7372 5.1529 0.3371
0.03 0.30 0.40 7.50 1.6591 5.1347 0.3231
0.03 0.40 0.40 7.50 1.6049 5.1230 0.3133
0.03 0.50 0.40 7.50 1.5631 5.1146 0.3056
0.03 0.60 0.40 7.50 1.5252 5.1070 0.2986
0.03 0.70 0.40 7.50 1.4819 5.0970 0.2907
0.03 0.80 0.40 7.50 1.4123 5.0789 0.2781
0.04 0.20 0.40 7.50 1.8004 5.1859 0.3472
0.04 0.30 0.40 7.50 1.6936 5.1633 0.3280
0.04 0.40 0.40 7.50 1.6201 5.1486 0.3147
0.04 0.50 0.40 7.50 1.5639 5.1380 0.3044
0.04 0.60 0.40 7.50 1.5123 5.1275 0.2949
0.04 0.70 0.40 7.50 1.4511 5.1181 0.2835
0.04 0.80 0.40 7.50 1.3658 5.0974 0.2679
0.05 0.20 0.40 7.50 1.8631 5.2237 0.3567
0.05 0.30 0.40 7.50 1.7279 5.1965 0.3325
0.05 0.40 0.40 7.50 1.6350 5.1799 0.3157
0.05 0.50 0.40 7.50 1.5625 5.1661 0.3025
0.05 0.60 0.40 7.50 1.4953 5.1584 0.2899
0.05 0.70 0.40 7.50 1.4213 5.1461 0.2762
0.05 0.80 0.40 7.50 1.3217 5.1286 0.2577
0.06 0.20 0.40 7.50 1.9254 5.2672 0.3655
0.06 0.30 0.40 7.50 1.7621 5.2355 0.3366
0.06 0.40 0.40 7.50 1.6476 5.2151 0.3159
0.06 0.50 0.40 7.50 1.5587 5.2049 0.2995
0.06 0.60 0.40 7.50 1.4785 5.1937 0.2847
0.06 0.70 0.40 7.50 1.3953 5.1869 0.2690
0.06 0.80 0.40 7.50 1.2601 5.1489 0.2447
0.07 0.20 0.40 7.50 1.9901 5.3160 0.3744
0.07 0.30 0.40 7.50 1.7933 5.2779 0.3398
0.07 0.40 0.40 7.50 1.6589 5.2609 0.3153
0.07 0.50 0.40 7.50 1.5544 5.2470 0.2963
0.07 0.60 0.40 7.50 1.4634 5.2395 0.2793
0.07 0.70 0.40 7.50 1.3676 5.2376 0.2611
0.07 0.80 0.40 7.50 1.2033 5.1857 0.2320
0.08 0.20 0.40 7.50 2.0483 5.3684 0.3816
0.08 0.30 0.40 7.50 1.8231 5.3317 0.3419
0.08 0.40 0.40 7.50 1.6689 5.3100 0.3143
0.08 0.50 0.40 7.50 1.5512 5.2981 0.2928
0.08 0.60 0.40 7.50 1.4499 5.2955 0.2738
0.08 0.70 0.40 7.50 1.3371 5.2926 0.2526
0.08 0.80 0.40 7.50 1.1582 5.2544 0.2204
0.09 0.20 0.40 7.50 2.1006 5.4352 0.3865
0.09 0.30 0.40 7.50 1.8519 5.3899 0.3436
0.09 0.40 0.40 7.50 1.6789 5.3665 0.3128
0.09 0.50 0.40 7.50 1.5481 5.3575 0.2890
0.09 0.60 0.40 7.50 1.4340 5.3604 0.2675
0.09 0.70 0.40 7.50 1.2902 5.3390 0.2417
0.09 0.80 0.40 7.50 1.0926 5.2934 0.2064
