0.00 0.00 0.10 12.50 3.5446 1.6927 2.0940
0.00 0.00 0.12 12.50 3.5028 1.9220 1.8225
0.00 0.00 0.14 12.50 3.4452 2.1497 1.6026
0.00 0.00 0.16 12.50 3.3836 2.3770 1.4235
0.00 0.00 0.18 12.50 3.3180 2.6078 1.2723
0.00 0.00 0.20 12.50 3.2483 2.8421 1.1429
0.00 0.00 0.22 12.50 3.1804 3.0797 1.0327
0.00 0.00 0.24 12.50 3.1129 3.3238 0.9366
0.00 0.00 0.26 12.50 3.0433 3.5697 0.8526
0.00 0.00 0.28 12.50 2.9717 3.8213 0.7777
0.00 0.00 0.30 12.50 2.8989 4.0784 0.7108
0.00 0.00 0.32 12.50 2.8257 4.3406 0.6510
0.00 0.00 0.34 12.50 2.7504 4.6080 0.5969
0.00 0.00 0.36 12.50 2.6783 4.8805 0.5488
0.00 0.00 0.38 12.50 2.6061 5.1561 0.5054
0.00 0.00 0.40 12.50 2.5348 5.4375 0.4662
0.01 0.20 0.10 12.50 3.5438 1.6946 2.0913
0.01 0.30 0.10 12.50 3.5392 1.6917 2.0921
0.01 0.40 0.10 12.50 3.5368 1.6908 2.0918
0.01 0.50 0.10 12.50 3.5341 1.6904 2.0907
0.01 0.60 0.10 12.50 3.5294 1.6898 2.0886
0.01 0.70 0.10 12.50 3.5208 1.6883 2.0854
0.01 0.80 0.10 12.50 3.5069 1.6847 2.0816
0.02 0.20 0.10 12.50 3.5338 1.7139 2.0618
0.02 0.30 0.10 12.50 3.5246 1.7056 2.0664
0.02 0.40 0.10 12.50 3.5199 1.7034 2.0664
0.02 0.50 0.10 12.50 3.5166 1.7039 2.0639
0.02 0.60 0.10 12.50 3.5118 1.7068 2.0576
0.02 0.70 0.10 12.50 3.5006 1.7126 2.0440
0.02 0.80 0.10 12.50 3.4758 1.7188 2.0222
0.03 0.20 0.10 12.50 3.5208 1.7565 2.0044
0.03 0.30 0.10 12.50 3.5108 1.7397 2.0181
0.03 0.40 0.10 12.50 3.5064 1.7357 2.0202
0.03 0.50 0.10 12.50 3.5021 1.7392 2.0136
0.03 0.60 0.10 12.50 3.4931 1.7472 1.9992
0.03 0.70 0.10 12.50 3.4767 1.7615 1.9737
0.03 0.80 0.10 12.50 3.3946 1.7411 1.9497
0.04 0.20 0.10 12.50 3.5083 1.8234 1.9241
0.04 0.30 0.10 12.50 3.4950 1.7945 1.9476
0.04 0.40 0.10 12.50 3.4892 1.7872 1.9523
0.04 0.50 0.10 12.50 3.4800 1.7901 1.9441
0.04 0.60 0.10 12.50 3.4711 1.8061 1.9218
0.04 0.70 0.10 12.50 3.4230 1.8114 1.8897
0.04 0.80 0.10 12.50 3.3209 1.7314 1.9180
0.05 0.20 0.10 12.50 3.4930 1.9138 1.8252
0.05 0.30 0.10 12.50 3.4758 1.8674 1.8613
0.05 0.40 0.10 12.50 3.4632 1.8524 1.8695
0.05 0.50 0.10 12.50 3.4594 1.8610 1.8589
0.05 0.60 0.10 12.50 3.4295 1.8712 1.8328
0.05 0.70 0.10 12.50 3.3399 1.8116 1.8436
0.05 0.80 0.10 12.50 3.2911 1.8210 1.8073
0.06 0.20 0.10 12.50 3.4758 2.0246 1.7168
0.06 0.30 0.10 12.50 3.4570 1.9594 1.7643
0.06 0.40 0.10 12.50 3.4435 1.9395 1.7755
0.06 0.50 0.10 12.50 3.4220 1.9392 1.7646
0.06 0.60 0.10 12.50 3.3560 1.9069 1.7600
0.06 0.70 0.10 12.50 3.3052 1.8757 1.7621
0.06 0.80 0.10 12.50 3.1908 1.9107 1.6699
0.07 0.20 0.10 12.50 3.4618 2.1615 1.6016
0.07 0.30 0.10 12.50 3.4281 2.0687 1.6571
0.07 0.40 0.10 12.50 3.4083 2.0350 1.6748
0.07 0.50 0.10 12.50 3.3581 2.0031 1.6765
0.07 0.60 0.10 12.50 3.3021 1.9489 1.6943
0.07 0.70 0.10 12.50 3.2755 1.9861 1.6492
0.07 0.80 0.10 12.50 3.0608 1.8652 1.6410
0.08 0.20 0.10 12.50 3.4408 2.3194 1.4835
0.08 0.30 0.10 12.50 3.3966 2.1914 1.5500
0.08 0.40 0.10 12.50 3.3510 2.1260 1.5762
0.08 0.50 0.10 12.50 3.2993 2.0548 1.6056
0.08 0.60 0.10 12.50 3.2702 2.0471 1.5974
0.08 0.70 0.10 12.50 3.2141 2.1053 1.5267
0.08 0.80 0.10 12.50 3.0283 2.0113 1.5056
0.09 0.20 0.10 12.50 3.4233 2.4929 1.3732
0.09 0.30 0.10 12.50 3.3497 2.3164 1.4461
0.09 0.40 0.10 12.50 3.2923 2.2086 1.4907
0.09 0.50 0.10 12.50 3.2565 2.1463 1.5173
0.09 0.60 0.10 12.50 3.2390 2.1743 1.4897
0.09 0.70 0.10 12.50 3.0721 2.2013 1.3956
0.09 0.80 0.10 12.50 2.9312 2.1720 1.3495
0.01 0.20 0.12 12.50 3.4964 1.9215 1.8196
0.01 0.30 0.12 12.50 3.4884 1.9180 1.8187
0.01 0.40 0.12 12.50 3.4831 1.9163 1.8176
0.01 0.50 0.12 12.50 3.4777 1.9147 1.8163
0.01 0.60 0.12 12.50 3.4708 1.9125 1.8148
0.01 0.70 0.12 12.50 3.4606 1.9083 1.8134
0.01 0.80 0.12 12.50 3.4451 1.9007 1.8125
0.02 0.20 0.12 12.50 3.4886 1.9392 1.7990
0.02 0.30 0.12 12.50 3.4746 1.9298 1.8005
0.02 0.40 0.12 12.50 3.4666 1.9256 1.8003
0.02 0.50 0.12 12.50 3.4604 1.9234 1.7991
0.02 0.60 0.12 12.50 3.4545 1.9238 1.7956
0.02 0.70 0.12 12.50 3.4445 1.9269 1.7876
0.02 0.80 0.12 12.50 3.4106 1.9279 1.7691
0.03 0.20 0.12 12.50 3.4824 1.9750 1.7632
0.03 0.30 0.12 12.50 3.4641 1.9589 1.7684
0.03 0.40 0.12 12.50 3.4572 1.9539 1.7694
0.03 0.50 0.12 12.50 3.4523 1.9556 1.7653
0.03 0.60 0.12 12.50 3.4413 1.9611 1.7548
0.03 0.70 0.12 12.50 3.4230 1.9726 1.7353
0.03 0.80 0.12 12.50 3.3449 1.9616 1.7052
0.04 0.20 0.12 12.50 3.4785 2.0336 1.7105
0.04 0.30 0.12 12.50 3.4583 2.0095 1.7209
0.04 0.40 0.12 12.50 3.4464 2.0018 1.7216
0.04 0.50 0.12 12.50 3.4356 2.0050 1.7135
0.04 0.60 0.12 12.50 3.4215 2.0170 1.6963
0.04 0.70 0.12 12.50 3.3712 2.0266 1.6635
0.04 0.80 0.12 12.50 3.2678 1.9482 1.6773
0.05 0.20 0.12 12.50 3.4725 2.1146 1.6422
0.05 0.30 0.12 12.50 3.4443 2.0766 1.6586
0.05 0.40 0.12 12.50 3.4293 2.0662 1.6597
0.05 0.50 0.12 12.50 3.4158 2.0710 1.6494
0.05 0.60 0.12 12.50 3.3791 2.0819 1.6231
0.05 0.70 0.12 12.50 3.3026 2.0412 1.6180
0.05 0.80 0.12 12.50 3.2374 2.0253 1.5984
0.06 0.20 0.12 12.50 3.4594 2.2188 1.5591
0.06 0.30 0.12 12.50 3.4256 2.1612 1.5851
0.06 0.40 0.12 12.50 3.4090 2.1458 1.5887
0.06 0.50 0.12 12.50 3.3783 2.1461 1.5742
0.06 0.60 0.12 12.50 3.3219 2.1314 1.5586
0.06 0.70 0.12 12.50 3.2574 2.0875 1.5604
0.06 0.80 0.12 12.50 3.1487 2.1187 1.4861
0.07 0.20 0.12 12.50 3.4447 2.3428 1.4703
0.07 0.30 0.12 12.50 3.4066 2.2634 1.5051
0.07 0.40 0.12 12.50 3.3743 2.2351 1.5097
0.07 0.50 0.12 12.50 3.3278 2.2191 1.4996
0.07 0.60 0.12 12.50 3.2646 2.1669 1.5066
0.07 0.70 0.12 12.50 3.2287 2.1881 1.4756
0.07 0.80 0.12 12.50 3.0184 2.0801 1.4511
0.08 0.20 0.12 12.50 3.4355 2.4875 1.3811
0.08 0.30 0.12 12.50 3.3747 2.3780 1.4191
0.08 0.40 0.12 12.50 3.3290 2.3309 1.4282
0.08 0.50 0.12 12.50 3.2755 2.2776 1.4382
0.08 0.60 0.12 12.50 3.2321 2.2539 1.4340
0.08 0.70 0.12 12.50 3.1738 2.3050 1.3769
0.08 0.80 0.12 12.50 2.9829 2.2108 1.3492
0.09 0.20 0.12 12.50 3.4142 2.6513 1.2877
0.09 0.30 0.12 12.50 3.3347 2.5058 1.3308
0.09 0.40 0.12 12.50 3.2802 2.4194 1.3558
0.09 0.50 0.12 12.50 3.2282 2.3553 1.3706
0.09 0.60 0.12 12.50 3.1976 2.3695 1.3495
0.09 0.70 0.12 12.50 3.0566 2.4058 1.2705
0.09 0.80 0.12 12.50 2.8944 2.3586 1.2272
0.01 0.20 0.14 12.50 3.4471 2.1517 1.6021
0.01 0.30 0.14 12.50 3.4373 2.1473 1.6007
0.01 0.40 0.14 12.50 3.4306 2.1446 1.5997
0.01 0.50 0.14 12.50 3.4237 2.1415 1.5988
0.01 0.60 0.14 12.50 3.4140 2.1384 1.5965
0.01 0.70 0.14 12.50 3.4036 2.1343 1.5947
0.01 0.80 0.14 12.50 3.3861 2.1242 1.5941
0.02 0.20 0.14 12.50 3.4429 2.1656 1.5898
0.02 0.30 0.14 12.50 3.4250 2.1569 1.5879
0.02 0.40 0.14 12.50 3.4144 2.1522 1.5865
0.02 0.50 0.14 12.50 3.4059 2.1488 1.5850
0.02 0.60 0.14 12.50 3.3977 2.1467 1.5828
0.02 0.70 0.14 12.50 3.3878 2.1466 1.5782
0.02 0.80 0.14 12.50 3.3556 2.1471 1.5628
0.03 0.20 0.14 12.50 3.4429 2.1995 1.5653
0.03 0.30 0.14 12.50 3.4189 2.1833 1.5659
0.03 0.40 0.14 12.50 3.4070 2.1764 1.5655
0.03 0.50 0.14 12.50 3.3989 2.1758 1.5621
0.03 0.60 0.14 12.50 3.3874 2.1799 1.5539
0.03 0.70 0.14 12.50 3.3615 2.1881 1.5363
0.03 0.80 0.14 12.50 3.2962 2.1842 1.5091
0.04 0.20 0.14 12.50 3.4449 2.2517 1.5299
0.04 0.30 0.14 12.50 3.4158 2.2285 1.5328
0.04 0.40 0.14 12.50 3.4018 2.2210 1.5316
0.04 0.50 0.14 12.50 3.3865 2.2223 1.5239
0.04 0.60 0.14 12.50 3.3632 2.2312 1.5073
0.04 0.70 0.14 12.50 3.3198 2.2418 1.4809
0.04 0.80 0.14 12.50 3.2138 2.1669 1.4831
0.05 0.20 0.14 12.50 3.4476 2.3254 1.4826
0.05 0.30 0.14 12.50 3.4092 2.2921 1.4874
0.05 0.40 0.14 12.50 3.3868 2.2815 1.4845
0.05 0.50 0.14 12.50 3.3630 2.2835 1.4728
0.05 0.60 0.14 12.50 3.3299 2.2947 1.4511
0.05 0.70 0.14 12.50 3.2598 2.2726 1.4344
0.05 0.80 0.14 12.50 3.1827 2.2353 1.4239
0.06 0.20 0.14 12.50 3.4425 2.4192 1.4230
0.06 0.30 0.14 12.50 3.3952 2.3719 1.4314
0.06 0.40 0.14 12.50 3.3639 2.3554 1.4282
0.06 0.50 0.14 12.50 3.3338 2.3577 1.4140
0.06 0.60 0.14 12.50 3.2834 2.3550 1.3942
0.06 0.70 0.14 12.50 3.2081 2.3030 1.3930
0.06 0.80 0.14 12.50 3.1052 2.3248 1.3356
0.07 0.20 0.14 12.50 3.4310 2.5353 1.3533
0.07 0.30 0.14 12.50 3.3747 2.4657 1.3686
0.07 0.40 0.14 12.50 3.3379 2.4435 1.3660
0.07 0.50 0.14 12.50 3.2963 2.4368 1.3527
0.07 0.60 0.14 12.50 3.2301 2.3931 1.3498
0.07 0.70 0.14 12.50 3.1792 2.3946 1.3277
0.07 0.80 0.14 12.50 2.9765 2.2972 1.2957
0.08 0.20 0.14 12.50 3.4157 2.6705 1.2790
0.08 0.30 0.14 12.50 3.3525 2.5757 1.3016
0.08 0.40 0.14 12.50 3.3053 2.5399 1.3014
0.08 0.50 0.14 12.50 3.2469 2.5034 1.2970
0.08 0.60 0.14 12.50 3.1909 2.4650 1.2945
0.08 0.70 0.14 12.50 3.1268 2.5062 1.2476
0.08 0.80 0.14 12.50 2.9348 2.4134 1.2161
0.09 0.20 0.14 12.50 3.4032 2.8250 1.2047
0.09 0.30 0.14 12.50 3.3233 2.6970 1.2322
0.09 0.40 0.14 12.50 3.2628 2.6344 1.2385
0.09 0.50 0.14 12.50 3.2004 2.5659 1.2472
0.09 0.60 0.14 12.50 3.1605 2.5743 1.2277
0.09 0.70 0.14 12.50 3.0361 2.6160 1.1606
0.09 0.80 0.14 12.50 2.8535 2.5479 1.1200
0.01 0.20 0.16 12.50 3.3922 2.3825 1.4238
0.01 0.30 0.16 12.50 3.3810 2.3781 1.4218
0.01 0.40 0.16 12.50 3.3739 2.3755 1.4203
0.01 0.50 0.16 12.50 3.3672 2.3729 1.4190
0.01 0.60 0.16 12.50 3.3586 2.3689 1.4178
0.01 0.70 0.16 12.50 3.3445 2.3601 1.4171
0.01 0.80 0.16 12.50 3.3240 2.3488 1.4152
0.02 0.20 0.16 12.50 3.3965 2.3988 1.4159
0.02 0.30 0.16 12.50 3.3750 2.3870 1.4139
0.02 0.40 0.16 12.50 3.3599 2.3782 1.4128
0.02 0.50 0.16 12.50 3.3482 2.3748 1.4098
0.02 0.60 0.16 12.50 3.3378 2.3711 1.4077
0.02 0.70 0.16 12.50 3.3238 2.3678 1.4038
0.02 0.80 0.16 12.50 3.2920 2.3652 1.3918
0.03 0.20 0.16 12.50 3.3991 2.4281 1.3999
0.03 0.30 0.16 12.50 3.3684 2.4109 1.3972
0.03 0.40 0.16 12.50 3.3529 2.4023 1.3957
0.03 0.50 0.16 12.50 3.3406 2.3988 1.3927
0.03 0.60 0.16 12.50 3.3280 2.4003 1.3865
0.03 0.70 0.16 12.50 3.2990 2.4043 1.3721
0.03 0.80 0.16 12.50 3.2396 2.4022 1.3486
0.04 0.20 0.16 12.50 3.4074 2.4780 1.3751
0.04 0.30 0.16 12.50 3.3688 2.4533 1.3732
0.04 0.40 0.16 12.50 3.3474 2.4431 1.3701
0.04 0.50 0.16 12.50 3.3324 2.4434 1.3638
0.04 0.60 0.16 12.50 3.3039 2.4479 1.3497
0.04 0.70 0.16 12.50 3.2654 2.4576 1.3287
0.04 0.80 0.16 12.50 3.1620 2.3934 1.3211
0.05 0.20 0.16 12.50 3.4143 2.5459 1.3411
0.05 0.30 0.16 12.50 3.3672 2.5134 1.3397
0.05 0.40 0.16 12.50 3.3397 2.5019 1.3349
0.05 0.50 0.16 12.50 3.3083 2.5006 1.3230
0.05 0.60 0.16 12.50 3.2787 2.5106 1.3060
0.05 0.70 0.16 12.50 3.2111 2.5031 1.2828
0.05 0.80 0.16 12.50 3.1230 2.4462 1.2767
0.06 0.20 0.16 12.50 3.4191 2.6327 1.2987
0.06 0.30 0.16 12.50 3.3595 2.5899 1.2972
0.06 0.40 0.16 12.50 3.3183 2.5721 1.2901
0.06 0.50 0.16 12.50 3.2881 2.5730 1.2779
0.06 0.60 0.16 12.50 3.2381 2.5776 1.2562
0.06 0.70 0.16 12.50 3.1558 2.5204 1.2521
0.06 0.80 0.16 12.50 3.0541 2.5345 1.2050
0.07 0.20 0.16 12.50 3.4152 2.7380 1.2474
0.07 0.30 0.16 12.50 3.3417 2.6788 1.2475
0.07 0.40 0.16 12.50 3.3010 2.6573 1.2422
0.07 0.50 0.16 12.50 3.2556 2.6523 1.2274
0.07 0.60 0.16 12.50 3.1873 2.6269 1.2133
0.07 0.70 0.16 12.50 3.1247 2.6042 1.1999
0.07 0.80 0.16 12.50 2.9361 2.5429 1.1547
0.08 0.20 0.16 12.50 3.4005 2.8628 1.1878
0.08 0.30 0.16 12.50 3.3284 2.7834 1.1958
0.08 0.40 0.16 12.50 3.2738 2.7518 1.1897
0.08 0.50 0.16 12.50 3.2130 2.7308 1.1766
0.08 0.60 0.16 12.50 3.1456 2.6803 1.1736
0.08 0.70 0.16 12.50 3.0745 2.7113 1.1339
0.08 0.80 0.16 12.50 2.8807 2.6174 1.1006
0.09 0.20 0.16 12.50 3.3855 3.0079 1.1256
0.09 0.30 0.16 12.50 3.3070 2.8996 1.1405
0.09 0.40 0.16 12.50 3.2394 2.8535 1.1353
0.09 0.50 0.16 12.50 3.1673 2.7954 1.1331
0.09 0.60 0.16 12.50 3.1156 2.7819 1.1200
0.09 0.70 0.16 12.50 3.0011 2.8233 1.0630
0.09 0.80 0.16 12.50 2.8068 2.7410 1.0240
0.01 0.20 0.18 12.50 3.3329 2.6179 1.2731
0.01 0.30 0.18 12.50 3.3199 2.6126 1.2707
0.01 0.40 0.18 12.50 3.3118 2.6097 1.2690
0.01 0.50 0.18 12.50 3.3050 2.6072 1.2676
0.01 0.60 0.18 12.50 3.2969 2.6037 1.2662
0.01 0.70 0.18 12.50 3.2843 2.5968 1.2647
0.01 0.80 0.18 12.50 3.2567 2.5780 1.2633
0.02 0.20 0.18 12.50 3.3469 2.6380 1.2688
0.02 0.30 0.18 12.50 3.3216 2.6262 1.2648
0.02 0.40 0.18 12.50 3.3051 2.6181 1.2624
0.02 0.50 0.18 12.50 3.2902 2.6096 1.2608
0.02 0.60 0.18 12.50 3.2729 2.6019 1.2579
0.02 0.70 0.18 12.50 3.2565 2.5965 1.2542
0.02 0.80 0.18 12.50 3.2224 2.5897 1.2443
0.03 0.20 0.18 12.50 3.3574 2.6668 1.2590
0.03 0.30 0.18 12.50 3.3184 2.6448 1.2547
0.03 0.40 0.18 12.50 3.2949 2.6349 1.2505
0.03 0.50 0.18 12.50 3.2790 2.6297 1.2469
0.03 0.60 0.18 12.50 3.2618 2.6276 1.2414
0.03 0.70 0.18 12.50 3.2323 2.6296 1.2292
0.03 0.80 0.18 12.50 3.1777 2.6260 1.2101
0.04 0.20 0.18 12.50 3.3653 2.7107 1.2415
0.04 0.30 0.18 12.50 3.3191 2.6853 1.2361
0.04 0.40 0.18 12.50 3.2918 2.6733 1.2313
0.04 0.50 0.18 12.50 3.2709 2.6696 1.2252
0.04 0.60 0.18 12.50 3.2418 2.6729 1.2128
0.04 0.70 0.18 12.50 3.2057 2.6797 1.1963
0.04 0.80 0.18 12.50 3.1064 2.6356 1.1786
0.05 0.20 0.18 12.50 3.3779 2.7741 1.2176
0.05 0.30 0.18 12.50 3.3197 2.7413 1.2110
0.05 0.40 0.18 12.50 3.2866 2.7273 1.2051
0.05 0.50 0.18 12.50 3.2528 2.7254 1.1935
0.05 0.60 0.18 12.50 3.2166 2.7321 1.1773
0.05 0.70 0.18 12.50 3.1583 2.7364 1.1542
0.05 0.80 0.18 12.50 3.0595 2.6643 1.1484
0.06 0.20 0.18 12.50 3.3871 2.8547 1.1865
0.06 0.30 0.18 12.50 3.3168 2.8122 1.1794
0.06 0.40 0.18 12.50 3.2708 2.7955 1.1700
0.06 0.50 0.18 12.50 3.2334 2.7945 1.1570
0.06 0.60 0.18 12.50 3.1875 2.8006 1.1381
0.06 0.70 0.18 12.50 3.1035 2.7539 1.1270
0.06 0.80 0.18 12.50 2.9961 2.7484 1.0901
0.07 0.20 0.18 12.50 3.3906 2.9517 1.1487
0.07 0.30 0.18 12.50 3.3060 2.8985 1.1406
0.07 0.40 0.18 12.50 3.2546 2.8771 1.1312
0.07 0.50 0.18 12.50 3.2106 2.8727 1.1176
0.07 0.60 0.18 12.50 3.1424 2.8634 1.0975
0.07 0.70 0.18 12.50 3.0681 2.8206 1.0878
0.07 0.80 0.18 12.50 2.8905 2.8119 1.0280
0.08 0.20 0.18 12.50 3.3868 3.0665 1.1045
0.08 0.30 0.18 12.50 3.2951 2.9979 1.0991
0.08 0.40 0.18 12.50 3.2373 2.9686 1.0905
0.08 0.50 0.18 12.50 3.1746 2.9591 1.0728
0.08 0.60 0.18 12.50 3.0986 2.9024 1.0676
0.08 0.70 0.18 12.50 3.0203 2.9220 1.0336
0.08 0.80 0.18 12.50 2.8245 2.8268 0.9992
0.09 0.20 0.18 12.50 3.3809 3.2020 1.0559
0.09 0.30 0.18 12.50 3.2840 3.1094 1.0562
0.09 0.40 0.18 12.50 3.2085 3.0704 1.0450
0.09 0.50 0.18 12.50 3.1313 3.0317 1.0329
0.09 0.60 0.18 12.50 3.0669 2.9952 1.0239
0.09 0.70 0.18 12.50 2.9580 3.0345 0.9748
0.09 0.80 0.18 12.50 2.7560 2.9418 0.9368
0.01 0.20 0.20 12.50 3.2731 2.8581 1.1452
0.01 0.30 0.20 12.50 3.2589 2.8523 1.1426
0.01 0.40 0.20 12.50 3.2496 2.8489 1.1407
0.01 0.50 0.20 12.50 3.2416 2.8460 1.1390
0.01 0.60 0.20 12.50 3.2326 2.8426 1.1372
0.01 0.70 0.20 12.50 3.2202 2.8371 1.1350
0.01 0.80 0.20 12.50 3.1967 2.8211 1.1332
0.02 0.20 0.20 12.50 3.2932 2.8813 1.1430
0.02 0.30 0.20 12.50 3.2646 2.8691 1.1379
0.02 0.40 0.20 12.50 3.2467 2.8614 1.1347
0.02 0.50 0.20 12.50 3.2312 2.8541 1.1321
0.02 0.60 0.20 12.50 3.2133 2.8438 1.1299
0.02 0.70 0.20 12.50 3.1879 2.8319 1.1257
0.02 0.80 0.20 12.50 3.1515 2.8200 1.1176
0.03 0.20 0.20 12.50 3.3124 2.9134 1.1369
0.03 0.30 0.20 12.50 3.2689 2.8929 1.1300
0.03 0.40 0.20 12.50 3.2406 2.8781 1.1260
0.03 0.50 0.20 12.50 3.2152 2.8672 1.1214
0.03 0.60 0.20 12.50 3.1942 2.8617 1.1162
0.03 0.70 0.20 12.50 3.1657 2.8599 1.1069
0.03 0.80 0.20 12.50 3.1068 2.8561 1.0878
0.04 0.20 0.20 12.50 3.3272 2.9522 1.1270
0.04 0.30 0.20 12.50 3.2661 2.9237 1.1171
0.04 0.40 0.20 12.50 3.2335 2.9104 1.1110
0.04 0.50 0.20 12.50 3.2051 2.9026 1.1042
0.04 0.60 0.20 12.50 3.1792 2.9037 1.0949
0.04 0.70 0.20 12.50 3.1372 2.9100 1.0781
0.04 0.80 0.20 12.50 3.0474 2.8823 1.0573
0.05 0.20 0.20 12.50 3.3380 3.0095 1.1092
0.05 0.30 0.20 12.50 3.2706 2.9754 1.0992
0.05 0.40 0.20 12.50 3.2269 2.9595 1.0904
0.05 0.50 0.20 12.50 3.1962 2.9562 1.0812
0.05 0.60 0.20 12.50 3.1579 2.9613 1.0664
0.05 0.70 0.20 12.50 3.1015 2.9671 1.0453
0.05 0.80 0.20 12.50 2.9935 2.8892 1.0361
0.06 0.20 0.20 12.50 3.3511 3.0825 1.0872
0.06 0.30 0.20 12.50 3.2697 3.0412 1.0751
0.06 0.40 0.20 12.50 3.2226 3.0248 1.0654
0.06 0.50 0.20 12.50 3.1793 3.0223 1.0520
0.06 0.60 0.20 12.50 3.1328 3.0289 1.0343
0.06 0.70 0.20 12.50 3.0476 3.0016 1.0153
0.06 0.80 0.20 12.50 2.9353 2.9698 0.9884
0.07 0.20 0.20 12.50 3.3603 3.1741 1.0587
0.07 0.30 0.20 12.50 3.2700 3.1233 1.0469
0.07 0.40 0.20 12.50 3.2100 3.1019 1.0349
0.07 0.50 0.20 12.50 3.1542 3.0988 1.0179
0.07 0.60 0.20 12.50 3.0942 3.1025 0.9973
0.07 0.70 0.20 12.50 3.0071 3.0431 0.9882
0.07 0.80 0.20 12.50 2.8551 3.0500 0.9361
0.08 0.20 0.20 12.50 3.3693 3.2825 1.0264
0.08 0.30 0.20 12.50 3.2622 3.2182 1.0137
0.08 0.40 0.20 12.50 3.1920 3.1915 1.0002
0.08 0.50 0.20 12.50 3.1322 3.1847 0.9835
0.08 0.60 0.20 12.50 3.0490 3.1471 0.9688
0.08 0.70 0.20 12.50 2.9620 3.1396 0.9434
0.08 0.80 0.20 12.50 2.7636 3.0411 0.9087
0.09 0.20 0.20 12.50 3.3694 3.4058 0.9893
0.09 0.30 0.20 12.50 3.2509 3.3269 0.9772
0.09 0.40 0.20 12.50 3.1751 3.2900 0.9651
0.09 0.50 0.20 12.50 3.0935 3.2695 0.9462
0.09 0.60 0.20 12.50 3.0135 3.2141 0.9376
0.09 0.70 0.20 12.50 2.9068 3.2489 0.8947
0.09 0.80 0.20 12.50 2.7016 3.1509 0.8574
0.01 0.20 0.22 12.50 3.2105 3.0999 1.0357
0.01 0.30 0.22 12.50 3.1959 3.0936 1.0331
0.01 0.40 0.22 12.50 3.1865 3.0900 1.0312
0.01 0.50 0.22 12.50 3.1789 3.0876 1.0296
0.01 0.60 0.22 12.50 3.1707 3.0851 1.0277
0.01 0.70 0.22 12.50 3.1580 3.0800 1.0253
0.01 0.80 0.22 12.50 3.1342 3.0665 1.0221
0.02 0.20 0.22 12.50 3.2396 3.1283 1.0356
0.02 0.30 0.22 12.50 3.2074 3.1147 1.0298
0.02 0.40 0.22 12.50 3.1873 3.1061 1.0261
0.02 0.50 0.22 12.50 3.1704 3.0992 1.0230
0.02 0.60 0.22 12.50 3.1523 3.0910 1.0198
0.02 0.70 0.22 12.50 3.1234 3.0724 1.0166
0.02 0.80 0.22 12.50 3.0824 3.0553 1.0089
0.03 0.20 0.22 12.50 3.2639 3.1621 1.0322
0.03 0.30 0.22 12.50 3.2155 3.1419 1.0234
0.03 0.40 0.22 12.50 3.1841 3.1276 1.0181
0.03 0.50 0.22 12.50 3.1571 3.1133 1.0141
0.03 0.60 0.22 12.50 3.1244 3.0999 1.0079
0.03 0.70 0.22 12.50 3.0971 3.0941 1.0010
0.03 0.80 0.22 12.50 3.0447 3.0915 0.9849
0.04 0.20 0.22 12.50 3.2861 3.2039 1.0257
0.04 0.30 0.22 12.50 3.2205 3.1744 1.0145
0.04 0.40 0.22 12.50 3.1708 3.1500 1.0066
0.04 0.50 0.22 12.50 3.1401 3.1415 0.9996
0.04 0.60 0.22 12.50 3.1125 3.1376 0.9920
0.04 0.70 0.22 12.50 3.0730 3.1420 0.9780
0.04 0.80 0.22 12.50 2.9887 3.1279 0.9555
0.05 0.20 0.22 12.50 3.3023 3.2507 1.0158
0.05 0.30 0.22 12.50 3.2174 3.2160 1.0005
0.05 0.40 0.22 12.50 3.1698 3.1981 0.9912
0.05 0.50 0.22 12.50 3.1346 3.1906 0.9824
0.05 0.60 0.22 12.50 3.0954 3.1944 0.9690
0.05 0.70 0.22 12.50 3.0408 3.2001 0.9502
0.05 0.80 0.22 12.50 2.9226 3.1178 0.9374
0.06 0.20 0.22 12.50 3.3130 3.3182 0.9984
0.06 0.30 0.22 12.50 3.2236 3.2775 0.9836
0.06 0.40 0.22 12.50 3.1686 3.2589 0.9723
0.06 0.50 0.22 12.50 3.1231 3.2557 0.9593
0.06 0.60 0.22 12.50 3.0705 3.2622 0.9412
0.06 0.70 0.22 12.50 2.9910 3.2510 0.9200
0.06 0.80 0.22 12.50 2.8722 3.1952 0.8989
0.07 0.20 0.22 12.50 3.3297 3.4037 0.9783
0.07 0.30 0.22 12.50 3.2286 3.3529 0.9629
0.07 0.40 0.22 12.50 3.1625 3.3344 0.9484
0.07 0.50 0.22 12.50 3.1054 3.3319 0.9320
0.07 0.60 0.22 12.50 3.0420 3.3362 0.9118
0.07 0.70 0.22 12.50 2.9423 3.2702 0.8997
0.07 0.80 0.22 12.50 2.8059 3.2809 0.8552
0.08 0.20 0.22 12.50 3.3439 3.5041 0.9543
0.08 0.30 0.22 12.50 3.2287 3.4440 0.9375
0.08 0.40 0.22 12.50 3.1504 3.4202 0.9211
0.08 0.50 0.22 12.50 3.0853 3.4146 0.9036
0.08 0.60 0.22 12.50 2.9982 3.3966 0.8827
0.08 0.70 0.22 12.50 2.9016 3.3611 0.8633
0.08 0.80 0.22 12.50 2.7022 3.2603 0.8288
0.09 0.20 0.22 12.50 3.3525 3.6228 0.9254
0.09 0.30 0.22 12.50 3.2202 3.5478 0.9077
0.09 0.40 0.22 12.50 3.1307 3.5154 0.8906
0.09 0.50 0.22 12.50 3.0529 3.5057 0.8708
0.09 0.60 0.22 12.50 2.9568 3.4385 0.8599
0.09 0.70 0.22 12.50 2.8527 3.4685 0.8225
0.09 0.80 0.22 12.50 2.6455 3.3651 0.7862
0.01 0.20 0.24 12.50 3.1495 3.3449 0.9416
0.01 0.30 0.24 12.50 3.1337 3.3386 0.9386
0.01 0.40 0.24 12.50 3.1236 3.3351 0.9366
0.01 0.50 0.24 12.50 3.1156 3.3329 0.9348
0.01 0.60 0.24 12.50 3.1070 3.3306 0.9329
0.01 0.70 0.24 12.50 3.0953 3.3270 0.9304
0.01 0.80 0.24 12.50 3.0717 3.3155 0.9265
0.02 0.20 0.24 12.50 3.1829 3.3747 0.9432
0.02 0.30 0.24 12.50 3.1501 3.3614 0.9371
0.02 0.40 0.24 12.50 3.1289 3.3537 0.9330
0.02 0.50 0.24 12.50 3.1110 3.3476 0.9293
0.02 0.60 0.24 12.50 3.0904 3.3394 0.9254
0.02 0.70 0.24 12.50 3.0608 3.3250 0.9205
0.02 0.80 0.24 12.50 3.0146 3.2975 0.9142
0.03 0.20 0.24 12.50 3.2112 3.4125 0.9410
0.03 0.30 0.24 12.50 3.1612 3.3905 0.9324
0.03 0.40 0.24 12.50 3.1269 3.3761 0.9262
0.03 0.50 0.24 12.50 3.0971 3.3640 0.9206
0.03 0.60 0.24 12.50 3.0653 3.3465 0.9160
0.03 0.70 0.24 12.50 3.0297 3.3347 0.9085
0.03 0.80 0.24 12.50 2.9788 3.3290 0.8948
0.04 0.20 0.24 12.50 3.2385 3.4553 0.9372
0.04 0.30 0.24 12.50 3.1662 3.4258 0.9242
0.04 0.40 0.24 12.50 3.1202 3.4035 0.9168
0.04 0.50 0.24 12.50 3.0790 3.3836 0.9100
0.04 0.60 0.24 12.50 3.0474 3.3769 0.9024
0.04 0.70 0.24 12.50 3.0089 3.3790 0.8905
0.04 0.80 0.24 12.50 2.9300 3.3697 0.8695
0.05 0.20 0.24 12.50 3.2606 3.5050 0.9303
0.05 0.30 0.24 12.50 3.1698 3.4651 0.9148
0.05 0.40 0.24 12.50 3.1115 3.4398 0.9046
0.05 0.50 0.24 12.50 3.0718 3.4289 0.8958
0.05 0.60 0.24 12.50 3.0345 3.4299 0.8847
0.05 0.70 0.24 12.50 2.9749 3.4368 0.8656
0.05 0.80 0.24 12.50 2.8578 3.3516 0.8527
0.06 0.20 0.24 12.50 3.2796 3.5596 0.9214
0.06 0.30 0.24 12.50 3.1739 3.5193 0.9019
0.06 0.40 0.24 12.50 3.1095 3.4973 0.8891
0.06 0.50 0.24 12.50 3.0639 3.4906 0.8778
0.06 0.60 0.24 12.50 3.0115 3.4963 0.8613
0.06 0.70 0.24 12.50 2.9366 3.4961 0.8400
0.06 0.80 0.24 12.50 2.8090 3.4227 0.8207
0.07 0.20 0.24 12.50 3.2972 3.6383 0.9063
0.07 0.30 0.24 12.50 3.1818 3.5904 0.8862
0.07 0.40 0.24 12.50 3.1091 3.5690 0.8711
0.07 0.50 0.24 12.50 3.0470 3.5643 0.8549
0.07 0.60 0.24 12.50 2.9864 3.5689 0.8368
0.07 0.70 0.24 12.50 2.8816 3.5084 0.8213
0.07 0.80 0.24 12.50 2.7516 3.5106 0.7838
0.08 0.20 0.24 12.50 3.3143 3.7345 0.8875
0.08 0.30 0.24 12.50 3.1881 3.6748 0.8675
0.08 0.40 0.24 12.50 3.1015 3.6526 0.8491
0.08 0.50 0.24 12.50 3.0267 3.6484 0.8296
0.08 0.60 0.24 12.50 2.9464 3.6427 0.8088
0.08 0.70 0.24 12.50 2.8391 3.5857 0.7918
0.08 0.80 0.24 12.50 2.6401 3.4809 0.7585
0.09 0.20 0.24 12.50 3.3298 3.8451 0.8660
0.09 0.30 0.24 12.50 3.1883 3.7733 0.8450
0.09 0.40 0.24 12.50 3.0892 3.7471 0.8244
0.09 0.50 0.24 12.50 3.0059 3.7372 0.8043
0.09 0.60 0.24 12.50 2.9009 3.6815 0.7880
0.09 0.70 0.24 12.50 2.7954 3.6906 0.7574
0.09 0.80 0.24 12.50 2.5866 3.5816 0.7222
0.01 0.20 0.26 12.50 3.0832 3.5932 0.8581
0.01 0.30 0.26 12.50 3.0656 3.5859 0.8549
0.01 0.40 0.26 12.50 3.0544 3.5818 0.8528
0.01 0.50 0.26 12.50 3.0454 3.5789 0.8509
0.01 0.60 0.26 12.50 3.0366 3.5766 0.8490
0.01 0.70 0.26 12.50 3.0254 3.5739 0.8465
0.01 0.80 0.26 12.50 3.0015 3.5645 0.8421
0.02 0.20 0.26 12.50 3.1219 3.6245 0.8613
0.02 0.30 0.26 12.50 3.0864 3.6106 0.8548
0.02 0.40 0.26 12.50 3.0634 3.6024 0.8504
0.02 0.50 0.26 12.50 3.0443 3.5962 0.8465
0.02 0.60 0.26 12.50 3.0222 3.5896 0.8419
0.02 0.70 0.26 12.50 2.9940 3.5766 0.8371
0.02 0.80 0.26 12.50 2.9422 3.5437 0.8303
0.03 0.20 0.26 12.50 3.1579 3.6633 0.8620
0.03 0.30 0.26 12.50 3.1017 3.6415 0.8518
0.03 0.40 0.26 12.50 3.0642 3.6281 0.8446
0.03 0.50 0.26 12.50 3.0338 3.6161 0.8390
0.03 0.60 0.26 12.50 3.0025 3.6018 0.8336
0.03 0.70 0.26 12.50 2.9583 3.5799 0.8264
0.03 0.80 0.26 12.50 2.9088 3.5710 0.8146
0.04 0.20 0.26 12.50 3.1869 3.7097 0.8591
0.04 0.30 0.26 12.50 3.1125 3.6781 0.8462
0.04 0.40 0.26 12.50 3.0633 3.6574 0.8376
0.04 0.50 0.26 12.50 3.0220 3.6385 0.8306
0.04 0.60 0.26 12.50 2.9796 3.6218 0.8227
0.04 0.70 0.26 12.50 2.9381 3.6195 0.8118
0.04 0.80 0.26 12.50 2.8656 3.6112 0.7935
0.05 0.20 0.26 12.50 3.2167 3.7606 0.8554
0.05 0.30 0.26 12.50 3.1217 3.7205 0.8391
0.05 0.40 0.26 12.50 3.0585 3.6905 0.8287
0.05 0.50 0.26 12.50 3.0086 3.6731 0.8191
0.05 0.60 0.26 12.50 2.9657 3.6698 0.8081
0.05 0.70 0.26 12.50 2.9109 3.6773 0.7916
0.05 0.80 0.26 12.50 2.7918 3.6080 0.7738
0.06 0.20 0.26 12.50 3.2444 3.8177 0.8498
0.06 0.30 0.26 12.50 3.1257 3.7676 0.8296
0.06 0.40 0.26 12.50 3.0540 3.7402 0.8165
0.06 0.50 0.26 12.50 3.0005 3.7298 0.8045
0.06 0.60 0.26 12.50 2.9484 3.7338 0.7896
0.06 0.70 0.26 12.50 2.8765 3.7365 0.7698
0.06 0.80 0.26 12.50 2.7406 3.6554 0.7497
0.07 0.20 0.26 12.50 3.2647 3.8810 0.8412
0.07 0.30 0.26 12.50 3.1333 3.8336 0.8173
0.07 0.40 0.26 12.50 3.0522 3.8076 0.8016
0.07 0.50 0.26 12.50 2.9909 3.8015 0.7868
0.07 0.60 0.26 12.50 2.9221 3.8066 0.7676
0.07 0.70 0.26 12.50 2.8194 3.7657 0.7487
0.07 0.80 0.26 12.50 2.6898 3.7413 0.7190
0.08 0.20 0.26 12.50 3.2853 3.9710 0.8273
0.08 0.30 0.26 12.50 3.1421 3.9139 0.8028
0.08 0.40 0.26 12.50 3.0490 3.8894 0.7839
0.08 0.50 0.26 12.50 2.9740 3.8829 0.7659
0.08 0.60 0.26 12.50 2.8941 3.8822 0.7455
0.08 0.70 0.26 12.50 2.7741 3.8143 0.7273
0.08 0.80 0.26 12.50 2.5857 3.7626 0.6872
0.09 0.20 0.26 12.50 3.3021 4.0761 0.8101
0.09 0.30 0.26 12.50 3.1485 4.0068 0.7858
0.09 0.40 0.26 12.50 3.0405 3.9800 0.7640
0.09 0.50 0.26 12.50 2.9566 3.9692 0.7449
0.09 0.60 0.26 12.50 2.8461 3.9359 0.7231
0.09 0.70 0.26 12.50 2.7355 3.9147 0.6988
0.09 0.80 0.26 12.50 2.5257 3.8035 0.6640
0.01 0.20 0.28 12.50 3.0157 3.8477 0.7838
0.01 0.30 0.28 12.50 2.9968 3.8396 0.7805
0.01 0.40 0.28 12.50 2.9844 3.8348 0.7783
0.01 0.50 0.28 12.50 2.9746 3.8314 0.7764
0.01 0.60 0.28 12.50 2.9649 3.8287 0.7744
0.01 0.70 0.28 12.50 2.9511 3.8250 0.7715
0.01 0.80 0.28 12.50 2.9310 3.8179 0.7677
0.02 0.20 0.28 12.50 3.0577 3.8798 0.7881
0.02 0.30 0.28 12.50 3.0181 3.8641 0.7811
0.02 0.40 0.28 12.50 2.9923 3.8553 0.7761
0.02 0.50 0.28 12.50 2.9723 3.8491 0.7722
0.02 0.60 0.28 12.50 2.9538 3.8437 0.7685
0.02 0.70 0.28 12.50 2.9274 3.8336 0.7636
0.02 0.80 0.28 12.50 2.8793 3.8028 0.7571
0.03 0.20 0.28 12.50 3.0965 3.9189 0.7901
0.03 0.30 0.28 12.50 3.0388 3.8976 0.7797
0.03 0.40 0.28 12.50 3.0009 3.8835 0.7727
0.03 0.50 0.28 12.50 2.9701 3.8730 0.7669
0.03 0.60 0.28 12.50 2.9359 3.8594 0.7607
0.03 0.70 0.28 12.50 2.8927 3.8350 0.7543
0.03 0.80 0.28 12.50 2.8351 3.8182 0.7425
0.04 0.20 0.28 12.50 3.1366 3.9655 0.7910
0.04 0.30 0.28 12.50 3.0576 3.9361 0.7768
0.04 0.40 0.28 12.50 3.0035 3.9157 0.7670
0.04 0.50 0.28 12.50 2.9593 3.8981 0.7592
0.04 0.60 0.28 12.50 2.9134 3.8745 0.7519
0.04 0.70 0.28 12.50 2.8652 3.8666 0.7410
0.04 0.80 0.28 12.50 2.7925 3.8599 0.7235
0.05 0.20 0.28 12.50 3.1711 4.0192 0.7890
0.05 0.30 0.28 12.50 3.0697 3.9784 0.7716
0.05 0.40 0.28 12.50 3.0022 3.9516 0.7597
0.05 0.50 0.28 12.50 2.9450 3.9245 0.7504
0.05 0.60 0.28 12.50 2.8958 3.9176 0.7392
0.05 0.70 0.28 12.50 2.8423 3.9211 0.7249
0.05 0.80 0.28 12.50 2.7261 3.8726 0.7039
0.06 0.20 0.28 12.50 3.2025 4.0778 0.7854
0.06 0.30 0.28 12.50 3.0809 4.0269 0.7651
0.06 0.40 0.28 12.50 2.9965 3.9895 0.7511
0.06 0.50 0.28 12.50 2.9356 3.9775 0.7380
0.06 0.60 0.28 12.50 2.8827 3.9785 0.7246
0.06 0.70 0.28 12.50 2.8128 3.9803 0.7067
0.06 0.80 0.28 12.50 2.6704 3.8945 0.6857
0.07 0.20 0.28 12.50 3.2332 4.1421 0.7806
0.07 0.30 0.28 12.50 3.0821 4.0811 0.7552
0.07 0.40 0.28 12.50 2.9952 4.0533 0.7390
0.07 0.50 0.28 12.50 2.9283 4.0440 0.7241
0.07 0.60 0.28 12.50 2.8621 4.0498 0.7067
0.07 0.70 0.28 12.50 2.7573 4.0273 0.6846
0.07 0.80 0.28 12.50 2.6237 3.9774 0.6596
0.08 0.20 0.28 12.50 3.2516 4.2144 0.7715
0.08 0.30 0.28 12.50 3.0932 4.1586 0.7438
0.08 0.40 0.28 12.50 2.9944 4.1287 0.7253
0.08 0.50 0.28 12.50 2.9167 4.1219 0.7076
0.08 0.60 0.28 12.50 2.8364 4.1232 0.6879
0.08 0.70 0.28 12.50 2.7053 4.0508 0.6678
0.08 0.80 0.28 12.50 2.5321 4.0473 0.6256
0.09 0.20 0.28 12.50 3.2732 4.3145 0.7587
0.09 0.30 0.28 12.50 3.1036 4.2468 0.7308
0.09 0.40 0.28 12.50 2.9916 4.2170 0.7094
0.09 0.50 0.28 12.50 2.8989 4.2090 0.6887
0.09 0.60 0.28 12.50 2.7911 4.1921 0.6658
0.09 0.70 0.28 12.50 2.6720 4.1456 0.6445
0.09 0.80 0.28 12.50 2.4612 4.0322 0.6104
0.01 0.20 0.30 12.50 2.9466 4.1063 0.7176
0.01 0.30 0.30 12.50 2.9259 4.0971 0.7141
0.01 0.40 0.30 12.50 2.9120 4.0917 0.7117
0.01 0.50 0.30 12.50 2.9012 4.0884 0.7096
0.01 0.60 0.30 12.50 2.8908 4.0856 0.7076
0.01 0.70 0.30 12.50 2.8790 4.0820 0.7053
0.01 0.80 0.30 12.50 2.8600 4.0749 0.7019
0.02 0.20 0.30 12.50 2.9899 4.1398 0.7222
0.02 0.30 0.30 12.50 2.9498 4.1235 0.7154
0.02 0.40 0.30 12.50 2.9236 4.1133 0.7108
0.02 0.50 0.30 12.50 2.9036 4.1065 0.7071
0.02 0.60 0.30 12.50 2.8835 4.1006 0.7032
0.02 0.70 0.30 12.50 2.8588 4.0926 0.6985
0.02 0.80 0.30 12.50 2.8118 4.0662 0.6915
0.03 0.20 0.30 12.50 3.0364 4.1796 0.7265
0.03 0.30 0.30 12.50 2.9748 4.1562 0.7158
0.03 0.40 0.30 12.50 2.9345 4.1417 0.7085
0.03 0.50 0.30 12.50 2.9031 4.1318 0.7026
0.03 0.60 0.30 12.50 2.8707 4.1209 0.6966
0.03 0.70 0.30 12.50 2.8272 4.0999 0.6896
0.03 0.80 0.30 12.50 2.7617 4.0711 0.6784
0.04 0.20 0.30 12.50 3.0811 4.2259 0.7291
0.04 0.30 0.30 12.50 2.9974 4.1963 0.7143
0.04 0.40 0.30 12.50 2.9418 4.1762 0.7044
0.04 0.50 0.30 12.50 2.8969 4.1596 0.6964
0.04 0.60 0.30 12.50 2.8500 4.1402 0.6884
0.04 0.70 0.30 12.50 2.7931 4.1200 0.6779
0.04 0.80 0.30 12.50 2.7257 4.1130 0.6627
0.05 0.20 0.30 12.50 3.1231 4.2795 0.7298
0.05 0.30 0.30 12.50 3.0161 4.2409 0.7112
0.05 0.40 0.30 12.50 2.9436 4.2136 0.6986
0.05 0.50 0.30 12.50 2.8850 4.1902 0.6885
0.05 0.60 0.30 12.50 2.8260 4.1709 0.6776
0.05 0.70 0.30 12.50 2.7732 4.1707 0.6649
0.05 0.80 0.30 12.50 2.6623 4.1382 0.6433
0.06 0.20 0.30 12.50 3.1602 4.3399 0.7282
0.06 0.30 0.30 12.50 3.0304 4.2893 0.7065
0.06 0.40 0.30 12.50 2.9425 4.2557 0.6914
0.06 0.50 0.30 12.50 2.8692 4.2308 0.6782
0.06 0.60 0.30 12.50 2.8125 4.2261 0.6655
0.06 0.70 0.30 12.50 2.7408 4.2307 0.6478
0.06 0.80 0.30 12.50 2.5981 4.1390 0.6277
0.07 0.20 0.30 12.50 3.1936 4.4053 0.7249
0.07 0.30 0.30 12.50 3.0415 4.3438 0.7002
0.07 0.40 0.30 12.50 2.9360 4.3064 0.6818
0.07 0.50 0.30 12.50 2.8627 4.2923 0.6669
0.07 0.60 0.30 12.50 2.7962 4.2947 0.6511
0.07 0.70 0.30 12.50 2.6964 4.2868 0.6290
0.07 0.80 0.30 12.50 2.5561 4.2181 0.6060
0.08 0.20 0.30 12.50 3.2240 4.4766 0.7202
0.08 0.30 0.30 12.50 3.0458 4.4079 0.6910
0.08 0.40 0.30 12.50 2.9376 4.3761 0.6713
0.08 0.50 0.30 12.50 2.8566 4.3678 0.6540
0.08 0.60 0.30 12.50 2.7677 4.3693 0.6334
0.08 0.70 0.30 12.50 2.6398 4.2973 0.6143
0.08 0.80 0.30 12.50 2.4820 4.2946 0.5779
0.09 0.20 0.30 12.50 3.2434 4.5580 0.7116
0.09 0.30 0.30 12.50 3.0567 4.4928 0.6804
0.09 0.40 0.30 12.50 2.9384 4.4585 0.6591
0.09 0.50 0.30 12.50 2.8426 4.4510 0.6386
0.09 0.60 0.30 12.50 2.7350 4.4446 0.6154
0.09 0.70 0.30 12.50 2.6054 4.3823 0.5945
0.09 0.80 0.30 12.50 2.3942 4.2658 0.5613
0.01 0.20 0.32 12.50 2.8735 4.3689 0.6577
0.01 0.30 0.32 12.50 2.8528 4.3599 0.6543
0.01 0.40 0.32 12.50 2.8393 4.3544 0.6521
0.01 0.50 0.32 12.50 2.8292 4.3507 0.6503
0.01 0.60 0.32 12.50 2.8197 4.3475 0.6486
0.01 0.70 0.32 12.50 2.8079 4.3439 0.6464
0.01 0.80 0.32 12.50 2.7882 4.3364 0.6430
0.02 0.20 0.32 12.50 2.9255 4.4034 0.6644
0.02 0.30 0.32 12.50 2.8833 4.3862 0.6574
0.02 0.40 0.32 12.50 2.8553 4.3757 0.6525
0.02 0.50 0.32 12.50 2.8330 4.3680 0.6486
0.02 0.60 0.32 12.50 2.8126 4.3619 0.6448
0.02 0.70 0.32 12.50 2.7889 4.3545 0.6405
0.02 0.80 0.32 12.50 2.7447 4.3336 0.6334
0.03 0.20 0.32 12.50 2.9744 4.4442 0.6693
0.03 0.30 0.32 12.50 2.9099 4.4187 0.6585
0.03 0.40 0.32 12.50 2.8673 4.4032 0.6512
0.03 0.50 0.32 12.50 2.8343 4.3927 0.6452
0.03 0.60 0.32 12.50 2.8033 4.3833 0.6395
0.03 0.70 0.32 12.50 2.7599 4.3660 0.6321
0.03 0.80 0.32 12.50 2.6890 4.3300 0.6210
0.04 0.20 0.32 12.50 3.0226 4.4908 0.6731
0.04 0.30 0.32 12.50 2.9354 4.4587 0.6584
0.04 0.40 0.32 12.50 2.8786 4.4384 0.6486
0.04 0.50 0.32 12.50 2.8324 4.4233 0.6403
0.04 0.60 0.32 12.50 2.7839 4.4055 0.6319
0.04 0.70 0.32 12.50 2.7212 4.3783 0.6215
0.04 0.80 0.32 12.50 2.6539 4.3665 0.6078
0.05 0.20 0.32 12.50 3.0702 4.5433 0.6758
0.05 0.30 0.32 12.50 2.9590 4.5046 0.6569
0.05 0.40 0.32 12.50 2.8845 4.4786 0.6441
0.05 0.50 0.32 12.50 2.8220 4.4555 0.6334
0.05 0.60 0.32 12.50 2.7576 4.4275 0.6228
0.05 0.70 0.32 12.50 2.7005 4.4227 0.6106
0.05 0.80 0.32 12.50 2.5987 4.4005 0.5905
0.06 0.20 0.32 12.50 3.1146 4.6031 0.6766
0.06 0.30 0.32 12.50 2.9781 4.5553 0.6538
0.06 0.40 0.32 12.50 2.8843 4.5214 0.6379
0.06 0.50 0.32 12.50 2.8074 4.4907 0.6252
0.06 0.60 0.32 12.50 2.7424 4.4787 0.6123
0.06 0.70 0.32 12.50 2.6732 4.4823 0.5964
0.06 0.80 0.32 12.50 2.5249 4.3884 0.5754
0.07 0.20 0.32 12.50 3.1520 4.6709 0.6748
0.07 0.30 0.32 12.50 2.9926 4.6096 0.6492
0.07 0.40 0.32 12.50 2.8809 4.5680 0.6307
0.07 0.50 0.32 12.50 2.7971 4.5460 0.6153
0.07 0.60 0.32 12.50 2.7293 4.5445 0.6006
0.07 0.70 0.32 12.50 2.6331 4.5391 0.5801
0.07 0.80 0.32 12.50 2.4877 4.4630 0.5574
0.08 0.20 0.32 12.50 3.1871 4.7424 0.6721
0.08 0.30 0.32 12.50 3.0034 4.6691 0.6432
0.08 0.40 0.32 12.50 2.8787 4.6301 0.6217
0.08 0.50 0.32 12.50 2.7911 4.6154 0.6047
0.08 0.60 0.32 12.50 2.7060 4.6188 0.5859
0.08 0.70 0.32 12.50 2.5758 4.5639 0.5644
0.08 0.80 0.32 12.50 2.4236 4.5404 0.5338
0.09 0.20 0.32 12.50 3.2168 4.8205 0.6673
0.09 0.30 0.32 12.50 3.0109 4.7415 0.6350
0.09 0.40 0.32 12.50 2.8813 4.7063 0.6122
0.09 0.50 0.32 12.50 2.7811 4.6962 0.5922
0.09 0.60 0.32 12.50 2.6756 4.6919 0.5703
0.09 0.70 0.32 12.50 2.5374 4.6230 0.5489
0.09 0.80 0.32 12.50 2.3266 4.5038 0.5166
0.01 0.20 0.34 12.50 2.8052 4.6369 0.6050
0.01 0.30 0.34 12.50 2.7833 4.6272 0.6015
0.01 0.40 0.34 12.50 2.7683 4.6207 0.5991
0.01 0.50 0.34 12.50 2.7569 4.6163 0.5972
0.01 0.60 0.34 12.50 2.7465 4.6128 0.5954
0.01 0.70 0.34 12.50 2.7352 4.6094 0.5934
0.01 0.80 0.34 12.50 2.7166 4.6026 0.5902
0.02 0.20 0.34 12.50 2.8574 4.6719 0.6116
0.02 0.30 0.34 12.50 2.8141 4.6537 0.6047
0.02 0.40 0.34 12.50 2.7851 4.6422 0.6000
0.02 0.50 0.34 12.50 2.7625 4.6341 0.5961
0.02 0.60 0.34 12.50 2.7415 4.6276 0.5924
0.02 0.70 0.34 12.50 2.7173 4.6199 0.5882
0.02 0.80 0.34 12.50 2.6770 4.6034 0.5815
0.03 0.20 0.34 12.50 2.9106 4.7128 0.6176
0.03 0.30 0.34 12.50 2.8440 4.6866 0.6068
0.03 0.40 0.34 12.50 2.7993 4.6700 0.5994
0.03 0.50 0.34 12.50 2.7653 4.6583 0.5936
0.03 0.60 0.34 12.50 2.7328 4.6489 0.5878
0.03 0.70 0.34 12.50 2.6928 4.6360 0.5808
0.03 0.80 0.34 12.50 2.6164 4.5942 0.5695
0.04 0.20 0.34 12.50 2.9629 4.7595 0.6225
0.04 0.30 0.34 12.50 2.8723 4.7253 0.6079
0.04 0.40 0.34 12.50 2.8116 4.7042 0.5977
0.04 0.50 0.34 12.50 2.7648 4.6900 0.5895
0.04 0.60 0.34 12.50 2.7182 4.6753 0.5814
0.04 0.70 0.34 12.50 2.6553 4.6462 0.5715
0.04 0.80 0.34 12.50 2.5809 4.6259 0.5579
0.05 0.20 0.34 12.50 3.0144 4.8123 0.6264
0.05 0.30 0.34 12.50 2.8982 4.7703 0.6076
0.05 0.40 0.34 12.50 2.8210 4.7452 0.5945
0.05 0.50 0.34 12.50 2.7584 4.7249 0.5838
0.05 0.60 0.34 12.50 2.6945 4.7000 0.5733
0.05 0.70 0.34 12.50 2.6261 4.6806 0.5611
0.05 0.80 0.34 12.50 2.5321 4.6609 0.5433
0.06 0.20 0.34 12.50 3.0641 4.8712 0.6290
0.06 0.30 0.34 12.50 2.9222 4.8226 0.6059
0.06 0.40 0.34 12.50 2.8252 4.7896 0.5899
0.06 0.50 0.34 12.50 2.7459 4.7610 0.5768
0.06 0.60 0.34 12.50 2.6714 4.7380 0.5638
0.06 0.70 0.34 12.50 2.6013 4.7366 0.5492
0.06 0.80 0.34 12.50 2.4571 4.6502 0.5284
0.07 0.20 0.34 12.50 3.1092 4.9372 0.6297
0.07 0.30 0.34 12.50 2.9408 4.8784 0.6028
0.07 0.40 0.34 12.50 2.8247 4.8365 0.5840
0.07 0.50 0.34 12.50 2.7298 4.8044 0.5682
0.07 0.60 0.34 12.50 2.6576 4.7973 0.5540
0.07 0.70 0.34 12.50 2.5675 4.7939 0.5356
0.07 0.80 0.34 12.50 2.4152 4.7121 0.5125
0.08 0.20 0.34 12.50 3.1452 5.0120 0.6275
0.08 0.30 0.34 12.50 2.9561 4.9377 0.5987
0.08 0.40 0.34 12.50 2.8197 4.8870 0.5770
0.08 0.50 0.34 12.50 2.7238 4.8681 0.5595
0.08 0.60 0.34 12.50 2.6379 4.8684 0.5418
0.08 0.70 0.34 12.50 2.5123 4.8360 0.5195
0.08 0.80 0.34 12.50 2.3596 4.7899 0.4926
0.09 0.20 0.34 12.50 3.1825 5.0892 0.6254
0.09 0.30 0.34 12.50 2.9670 5.0014 0.5932
0.09 0.40 0.34 12.50 2.8215 4.9600 0.5689
0.09 0.50 0.34 12.50 2.7174 4.9459 0.5494
0.09 0.60 0.34 12.50 2.6137 4.9407 0.5290
0.09 0.70 0.34 12.50 2.4654 4.8684 0.5064
0.09 0.80 0.34 12.50 2.2568 4.7482 0.4753
0.01 0.20 0.36 12.50 2.7327 4.9092 0.5567
0.01 0.30 0.36 12.50 2.7101 4.8991 0.5532
0.01 0.40 0.36 12.50 2.6947 4.8924 0.5508
0.01 0.50 0.36 12.50 2.6829 4.8876 0.5489
0.01 0.60 0.36 12.50 2.6722 4.8836 0.5472
0.01 0.70 0.36 12.50 2.6599 4.8793 0.5451
0.01 0.80 0.36 12.50 2.6432 4.8729 0.5424
0.02 0.20 0.36 12.50 2.7878 4.9437 0.5639
0.02 0.30 0.36 12.50 2.7424 4.9243 0.5569
0.02 0.40 0.36 12.50 2.7115 4.9118 0.5520
0.02 0.50 0.36 12.50 2.6882 4.9036 0.5482
0.02 0.60 0.36 12.50 2.6679 4.8972 0.5448
0.02 0.70 0.36 12.50 2.6431 4.8897 0.5405
0.02 0.80 0.36 12.50 2.6048 4.8757 0.5343
0.03 0.20 0.36 12.50 2.8436 4.9845 0.5705
0.03 0.30 0.36 12.50 2.7753 4.9571 0.5599
0.03 0.40 0.36 12.50 2.7285 4.9396 0.5524
0.03 0.50 0.36 12.50 2.6926 4.9276 0.5464
0.03 0.60 0.36 12.50 2.6593 4.9179 0.5407
0.03 0.70 0.36 12.50 2.6204 4.9067 0.5340
0.03 0.80 0.36 12.50 2.5484 4.8674 0.5236
0.04 0.20 0.36 12.50 2.9005 5.0320 0.5764
0.04 0.30 0.36 12.50 2.8061 4.9960 0.5617
0.04 0.40 0.36 12.50 2.7420 4.9732 0.5514
0.04 0.50 0.36 12.50 2.6928 4.9581 0.5431
0.04 0.60 0.36 12.50 2.6468 4.9453 0.5352
0.04 0.70 0.36 12.50 2.5856 4.9198 0.5256
0.04 0.80 0.36 12.50 2.5036 4.8883 0.5122
0.05 0.20 0.36 12.50 2.9552 5.0854 0.5811
0.05 0.30 0.36 12.50 2.8345 5.0405 0.5624
0.05 0.40 0.36 12.50 2.7533 5.0135 0.5492
0.05 0.50 0.36 12.50 2.6900 4.9944 0.5386
0.05 0.60 0.36 12.50 2.6252 4.9715 0.5280
0.05 0.70 0.36 12.50 2.5490 4.9432 0.5157
0.05 0.80 0.36 12.50 2.4612 4.9229 0.4999
0.06 0.20 0.36 12.50 3.0088 5.1445 0.5849
0.06 0.30 0.36 12.50 2.8615 5.0918 0.5620
0.06 0.40 0.36 12.50 2.7620 5.0592 0.5459
0.06 0.50 0.36 12.50 2.6797 5.0314 0.5326
0.06 0.60 0.36 12.50 2.5964 5.0002 0.5193
0.06 0.70 0.36 12.50 2.5265 4.9947 0.5058
0.06 0.80 0.36 12.50 2.3879 4.9262 0.4847
0.07 0.20 0.36 12.50 3.0605 5.2097 0.5875
0.07 0.30 0.36 12.50 2.8858 5.1487 0.5605
0.07 0.40 0.36 12.50 2.7644 5.1071 0.5413
0.07 0.50 0.36 12.50 2.6658 5.0707 0.5257
0.07 0.60 0.36 12.50 2.5819 5.0541 0.5109
0.07 0.70 0.36 12.50 2.4916 5.0539 0.4930
0.07 0.80 0.36 12.50 2.3390 4.9650 0.4711
0.08 0.20 0.36 12.50 3.1063 5.2815 0.5881
0.08 0.30 0.36 12.50 2.9041 5.2089 0.5575
0.08 0.40 0.36 12.50 2.7639 5.1583 0.5358
0.08 0.50 0.36 12.50 2.6539 5.1264 0.5177
0.08 0.60 0.36 12.50 2.5665 5.1221 0.5011
0.08 0.70 0.36 12.50 2.4478 5.1057 0.4794
0.08 0.80 0.36 12.50 2.2887 5.0397 0.4541
0.09 0.20 0.36 12.50 3.1441 5.3606 0.5865
0.09 0.30 0.36 12.50 2.9204 5.2733 0.5538
0.09 0.40 0.36 12.50 2.7593 5.2177 0.5288
0.09 0.50 0.36 12.50 2.6475 5.1975 0.5094
0.09 0.60 0.36 12.50 2.5418 5.1974 0.4891
0.09 0.70 0.36 12.50 2.3939 5.1186 0.4677
0.09 0.80 0.36 12.50 2.1956 5.0411 0.4355
0.01 0.20 0.38 12.50 2.6617 5.1858 0.5133
0.01 0.30 0.38 12.50 2.6383 5.1749 0.5098
0.01 0.40 0.38 12.50 2.6221 5.1676 0.5074
0.01 0.50 0.38 12.50 2.6094 5.1621 0.5055
0.01 0.60 0.38 12.50 2.5981 5.1576 0.5037
0.01 0.70 0.38 12.50 2.5863 5.1528 0.5019
0.01 0.80 0.38 12.50 2.5680 5.1456 0.4991
0.02 0.20 0.38 12.50 2.7188 5.2209 0.5208
0.02 0.30 0.38 12.50 2.6715 5.2002 0.5137
0.02 0.40 0.38 12.50 2.6397 5.1865 0.5089
0.02 0.50 0.38 12.50 2.6147 5.1769 0.5051
0.02 0.60 0.38 12.50 2.5926 5.1696 0.5015
0.02 0.70 0.38 12.50 2.5689 5.1629 0.4976
0.02 0.80 0.38 12.50 2.5309 5.1488 0.4916
0.03 0.20 0.38 12.50 2.7769 5.2618 0.5278
0.03 0.30 0.38 12.50 2.7052 5.2320 0.5171
0.03 0.40 0.38 12.50 2.6563 5.2131 0.5095
0.03 0.50 0.38 12.50 2.6194 5.2007 0.5037
0.03 0.60 0.38 12.50 2.5855 5.1907 0.4981
0.03 0.70 0.38 12.50 2.5469 5.1798 0.4917
0.03 0.80 0.38 12.50 2.4768 5.1443 0.4815
0.04 0.20 0.38 12.50 2.8356 5.3089 0.5341
0.04 0.30 0.38 12.50 2.7384 5.2708 0.5195
0.04 0.40 0.38 12.50 2.6723 5.2471 0.5093
0.04 0.50 0.38 12.50 2.6208 5.2306 0.5011
0.04 0.60 0.38 12.50 2.5744 5.2176 0.4934
0.04 0.70 0.38 12.50 2.5150 5.1956 0.4841
0.04 0.80 0.38 12.50 2.4253 5.1542 0.4705
0.05 0.20 0.38 12.50 2.8946 5.3621 0.5398
0.05 0.30 0.38 12.50 2.7699 5.3154 0.5211
0.05 0.40 0.38 12.50 2.6849 5.2860 0.5079
0.05 0.50 0.38 12.50 2.6200 5.2666 0.4975
0.05 0.60 0.38 12.50 2.5566 5.2468 0.4873
0.05 0.70 0.38 12.50 2.4724 5.2106 0.4745
0.05 0.80 0.38 12.50 2.3848 5.1930 0.4592
0.06 0.20 0.38 12.50 2.9514 5.4214 0.5444
0.06 0.30 0.38 12.50 2.7993 5.3650 0.5218
0.06 0.40 0.38 12.50 2.6960 5.3317 0.5057
0.06 0.50 0.38 12.50 2.6140 5.3059 0.4927
0.06 0.60 0.38 12.50 2.5302 5.2738 0.4798
0.06 0.70 0.38 12.50 2.4493 5.2565 0.4660
0.06 0.80 0.38 12.50 2.3200 5.2064 0.4456
0.07 0.20 0.38 12.50 3.0073 5.4856 0.5482
0.07 0.30 0.38 12.50 2.8275 5.4213 0.5216
0.07 0.40 0.38 12.50 2.7032 5.3807 0.5024
0.07 0.50 0.38 12.50 2.6004 5.3450 0.4865
0.07 0.60 0.38 12.50 2.5071 5.3169 0.4715
0.07 0.70 0.38 12.50 2.4214 5.3160 0.4555
0.07 0.80 0.38 12.50 2.2624 5.2233 0.4331
0.08 0.20 0.38 12.50 3.0596 5.5563 0.5507
0.08 0.30 0.38 12.50 2.8518 5.4815 0.5203
0.08 0.40 0.38 12.50 2.7034 5.4308 0.4978
0.08 0.50 0.38 12.50 2.5827 5.3894 0.4792
0.08 0.60 0.38 12.50 2.4933 5.3804 0.4634
0.08 0.70 0.38 12.50 2.3811 5.3701 0.4434
0.08 0.80 0.38 12.50 2.2163 5.2944 0.4186
0.09 0.20 0.38 12.50 3.1042 5.6355 0.5508
0.09 0.30 0.38 12.50 2.8689 5.5446 0.5174
0.09 0.40 0.38 12.50 2.7015 5.4846 0.4926
0.09 0.50 0.38 12.50 2.5768 5.4552 0.4724
0.09 0.60 0.38 12.50 2.4728 5.4534 0.4534
0.09 0.70 0.38 12.50 2.3254 5.3911 0.4313
0.09 0.80 0.38 12.50 2.1321 5.3483 0.3986
0.01 0.20 0.40 12.50 2.5916 5.4682 0.4739
0.01 0.30 0.40 12.50 2.5668 5.4567 0.4704
0.01 0.40 0.40 12.50 2.5492 5.4490 0.4678
0.01 0.50 0.40 12.50 2.5367 5.4431 0.4660
0.01 0.60 0.40 12.50 2.5249 5.4382 0.4643
0.01 0.70 0.40 12.50 2.5118 5.4329 0.4623
0.01 0.80 0.40 12.50 2.4932 5.4253 0.4596
0.02 0.20 0.40 12.50 2.6497 5.5039 0.4814
0.02 0.30 0.40 12.50 2.6009 5.4820 0.4745
0.02 0.40 0.40 12.50 2.5667 5.4671 0.4695
0.02 0.50 0.40 12.50 2.5406 5.4566 0.4656
0.02 0.60 0.40 12.50 2.5176 5.4484 0.4621
0.02 0.70 0.40 12.50 2.4932 5.4410 0.4582
0.02 0.80 0.40 12.50 2.4566 5.4276 0.4526
0.03 0.20 0.40 12.50 2.7089 5.5447 0.4886
0.03 0.30 0.40 12.50 2.6349 5.5130 0.4779
0.03 0.40 0.40 12.50 2.5835 5.4926 0.4704
0.03 0.50 0.40 12.50 2.5445 5.4787 0.4644
0.03 0.60 0.40 12.50 2.5108 5.4687 0.4591
0.03 0.70 0.40 12.50 2.4721 5.4571 0.4530
0.03 0.80 0.40 12.50 2.4064 5.4273 0.4434
0.04 0.20 0.40 12.50 2.7691 5.5912 0.4953
0.04 0.30 0.40 12.50 2.6687 5.5507 0.4808
0.04 0.40 0.40 12.50 2.6003 5.5255 0.4706
0.04 0.50 0.40 12.50 2.5480 5.5082 0.4626
0.04 0.60 0.40 12.50 2.5001 5.4943 0.4550
0.04 0.70 0.40 12.50 2.4434 5.4762 0.4462
0.04 0.80 0.40 12.50 2.3480 5.4275 0.4326
0.05 0.20 0.40 12.50 2.8305 5.6441 0.5015
0.05 0.30 0.40 12.50 2.7028 5.5944 0.4831
0.05 0.40 0.40 12.50 2.6152 5.5639 0.4700
0.05 0.50 0.40 12.50 2.5473 5.5427 0.4596
0.05 0.60 0.40 12.50 2.4846 5.5245 0.4497
0.05 0.70 0.40 12.50 2.4022 5.4880 0.4377
0.05 0.80 0.40 12.50 2.3107 5.4644 0.4229
0.06 0.20 0.40 12.50 2.8918 5.7022 0.5071
0.06 0.30 0.40 12.50 2.7348 5.6433 0.4846
0.06 0.40 0.40 12.50 2.6273 5.6073 0.4686
0.06 0.50 0.40 12.50 2.5435 5.5822 0.4556
0.06 0.60 0.40 12.50 2.4594 5.5523 0.4430
0.06 0.70 0.40 12.50 2.3708 5.5239 0.4292
0.06 0.80 0.40 12.50 2.2517 5.4878 0.4103
0.07 0.20 0.40 12.50 2.9505 5.7666 0.5117
0.07 0.30 0.40 12.50 2.7652 5.6975 0.4853
0.07 0.40 0.40 12.50 2.6368 5.6562 0.4662
0.07 0.50 0.40 12.50 2.5326 5.6219 0.4505
0.07 0.60 0.40 12.50 2.4311 5.5856 0.4352
0.07 0.70 0.40 12.50 2.3460 5.5805 0.4204
0.07 0.80 0.40 12.50 2.1829 5.4864 0.3979
0.08 0.20 0.40 12.50 3.0080 5.8363 0.5154
0.08 0.30 0.40 12.50 2.7933 5.7571 0.4852
0.08 0.40 0.40 12.50 2.6413 5.7072 0.4628
0.08 0.50 0.40 12.50 2.5179 5.6633 0.4446
0.08 0.60 0.40 12.50 2.4167 5.6429 0.4283
0.08 0.70 0.40 12.50 2.3115 5.6355 0.4102
0.08 0.80 0.40 12.50 2.1421 5.5550 0.3856
0.09 0.20 0.40 12.50 3.0594 5.9116 0.5175
0.09 0.30 0.40 12.50 2.8169 5.8206 0.4840
0.09 0.40 0.40 12.50 2.6413 5.7600 0.4586
0.09 0.50 0.40 12.50 2.5055 5.7193 0.4381
0.09 0.60 0.40 12.50 2.4004 5.7133 0.4201
0.09 0.70 0.40 12.50 2.2560 5.6708 0.3978
0.09 0.80 0.40 12.50 2.0748 5.6171 0.3694
