0.00 0.00 0.10 2.50 0.7206 0.9477 0.7604
0.00 0.00 0.12 2.50 0.7137 1.1721 0.6089
0.00 0.00 0.14 2.50 0.7032 1.4017 0.5017
0.00 0.00 0.16 2.50 0.6950 1.6363 0.4247
0.00 0.00 0.18 2.50 0.6834 1.8806 0.3634
0.00 0.00 0.20 2.50 0.6703 2.1316 0.3145
0.00 0.00 0.22 2.50 0.6577 2.3866 0.2756
0.00 0.00 0.24 2.50 0.6430 2.6458 0.2430
0.00 0.00 0.26 2.50 0.6290 2.9087 0.2162
0.00 0.00 0.28 2.50 0.6142 3.1765 0.1933
0.00 0.00 0.30 2.50 0.5986 3.4480 0.1736
0.00 0.00 0.32 2.50 0.5846 3.7257 0.1569
0.00 0.00 0.34 2.50 0.5679 4.0084 0.1417
0.00 0.00 0.36 2.50 0.5522 4.2961 0.1285
0.00 0.00 0.38 2.50 0.5334 4.5903 0.1162
0.00 0.00 0.40 2.50 0.5190 4.8884 0.1062
0.01 0.20 0.10 2.50 0.7150 0.9526 0.7506
0.01 0.30 0.10 2.50 0.7092 0.9499 0.7467
0.01 0.40 0.10 2.50 0.7063 0.9480 0.7450
0.01 0.50 0.10 2.50 0.7033 0.9465 0.7431
0.01 0.60 0.10 2.50 0.7000 0.9455 0.7404
0.01 0.70 0.10 2.50 0.6978 0.9461 0.7376
0.01 0.80 0.10 2.50 0.6742 0.9412 0.7163
0.02 0.20 0.10 2.50 0.7092 0.9775 0.7255
0.02 0.30 0.10 2.50 0.7022 0.9707 0.7234
0.02 0.40 0.10 2.50 0.6875 0.9622 0.7145
0.02 0.50 0.10 2.50 0.6832 0.9634 0.7091
0.02 0.60 0.10 2.50 0.6840 0.9624 0.7108
0.02 0.70 0.10 2.50 0.6757 0.9671 0.6987
0.02 0.80 0.10 2.50 0.6396 0.9732 0.6573
0.03 0.20 0.10 2.50 0.6944 1.0250 0.6775
0.03 0.30 0.10 2.50 0.6868 1.0071 0.6820
0.03 0.40 0.10 2.50 0.6848 0.9990 0.6854
0.03 0.50 0.10 2.50 0.6845 0.9990 0.6852
0.03 0.60 0.10 2.50 0.6715 1.0032 0.6693
0.03 0.70 0.10 2.50 0.6496 1.0114 0.6423
0.03 0.80 0.10 2.50 0.5879 1.0239 0.5742
0.04 0.20 0.10 2.50 0.7051 1.0936 0.6448
0.04 0.30 0.10 2.50 0.6841 1.0641 0.6428
0.04 0.40 0.10 2.50 0.6780 1.0542 0.6431
0.04 0.50 0.10 2.50 0.6679 1.0522 0.6347
0.04 0.60 0.10 2.50 0.6533 1.0587 0.6170
0.04 0.70 0.10 2.50 0.6194 1.0751 0.5762
0.04 0.80 0.10 2.50 0.5005 1.0511 0.4762
0.05 0.20 0.10 2.50 0.7091 1.1896 0.5961
0.05 0.30 0.10 2.50 0.6790 1.1426 0.5942
0.05 0.40 0.10 2.50 0.6641 1.1238 0.5910
0.05 0.50 0.10 2.50 0.6531 1.1209 0.5827
0.05 0.60 0.10 2.50 0.6323 1.1308 0.5591
0.05 0.70 0.10 2.50 0.5658 1.1403 0.4962
0.05 0.80 0.10 2.50 0.4615 1.1157 0.4136
0.06 0.20 0.10 2.50 0.7083 1.3071 0.5419
0.06 0.30 0.10 2.50 0.6715 1.2368 0.5429
0.06 0.40 0.10 2.50 0.6535 1.2089 0.5405
0.06 0.50 0.10 2.50 0.6290 1.2040 0.5225
0.06 0.60 0.10 2.50 0.5972 1.2139 0.4920
0.06 0.70 0.10 2.50 0.4904 1.1834 0.4144
0.06 0.80 0.10 2.50 0.4276 1.2320 0.3471
0.07 0.20 0.10 2.50 0.7147 1.4457 0.4944
0.07 0.30 0.10 2.50 0.6657 1.3491 0.4934
0.07 0.40 0.10 2.50 0.6365 1.3102 0.4858
0.07 0.50 0.10 2.50 0.6094 1.3013 0.4684
0.07 0.60 0.10 2.50 0.5447 1.2901 0.4222
0.07 0.70 0.10 2.50 0.4798 1.2814 0.3745
0.07 0.80 0.10 2.50 0.3357 1.3374 0.2510
0.08 0.20 0.10 2.50 0.7287 1.6035 0.4545
0.08 0.30 0.10 2.50 0.6560 1.4790 0.4436
0.08 0.40 0.10 2.50 0.6233 1.4261 0.4371
0.08 0.50 0.10 2.50 0.5755 1.4029 0.4102
0.08 0.60 0.10 2.50 0.4945 1.3658 0.3621
0.08 0.70 0.10 2.50 0.4594 1.4116 0.3255
0.08 0.80 0.10 2.50 0.2159 1.3531 0.1596
0.09 0.20 0.10 2.50 0.7473 1.7746 0.4211
0.09 0.30 0.10 2.50 0.6533 1.6249 0.4020
0.09 0.40 0.10 2.50 0.6010 1.5513 0.3874
0.09 0.50 0.10 2.50 0.5330 1.4990 0.3556
0.09 0.60 0.10 2.50 0.4839 1.4825 0.3264
0.09 0.70 0.10 2.50 0.4185 1.5528 0.2695
0.09 0.80 0.10 2.50 0.2064 1.5298 0.1349
0.01 0.20 0.12 2.50 0.7124 1.1771 0.6052
0.01 0.30 0.12 2.50 0.7051 1.1750 0.6001
0.01 0.40 0.12 2.50 0.7010 1.1737 0.5973
0.01 0.50 0.12 2.50 0.6973 1.1726 0.5947
0.01 0.60 0.12 2.50 0.6921 1.1716 0.5907
0.01 0.70 0.12 2.50 0.6850 1.1699 0.5856
0.01 0.80 0.12 2.50 0.6657 1.1679 0.5700
0.02 0.20 0.12 2.50 0.7114 1.2000 0.5929
0.02 0.30 0.12 2.50 0.6996 1.1933 0.5863
0.02 0.40 0.12 2.50 0.6923 1.1899 0.5818
0.02 0.50 0.12 2.50 0.6874 1.1891 0.5781
0.02 0.60 0.12 2.50 0.6768 1.1884 0.5695
0.02 0.70 0.12 2.50 0.6656 1.1911 0.5588
0.02 0.80 0.12 2.50 0.6315 1.1950 0.5285
0.03 0.20 0.12 2.50 0.7156 1.2424 0.5760
0.03 0.30 0.12 2.50 0.6939 1.2291 0.5645
0.03 0.40 0.12 2.50 0.6829 1.2229 0.5584
0.03 0.50 0.12 2.50 0.6777 1.2221 0.5546
0.03 0.60 0.12 2.50 0.6653 1.2248 0.5431
0.03 0.70 0.12 2.50 0.6438 1.2326 0.5224
0.03 0.80 0.12 2.50 0.5825 1.2436 0.4684
0.04 0.20 0.12 2.50 0.7154 1.3048 0.5482
0.04 0.30 0.12 2.50 0.6922 1.2826 0.5397
0.04 0.40 0.12 2.50 0.6786 1.2731 0.5330
0.04 0.50 0.12 2.50 0.6670 1.2713 0.5246
0.04 0.60 0.12 2.50 0.6512 1.2781 0.5095
0.04 0.70 0.12 2.50 0.6110 1.2923 0.4728
0.04 0.80 0.12 2.50 0.5008 1.2771 0.3922
0.05 0.20 0.12 2.50 0.7249 1.3900 0.5215
0.05 0.30 0.12 2.50 0.6883 1.3524 0.5089
0.05 0.40 0.12 2.50 0.6707 1.3376 0.5014
0.05 0.50 0.12 2.50 0.6554 1.3370 0.4902
0.05 0.60 0.12 2.50 0.6296 1.3485 0.4669
0.05 0.70 0.12 2.50 0.5617 1.3581 0.4136
0.05 0.80 0.12 2.50 0.4548 1.3323 0.3414
0.06 0.20 0.12 2.50 0.7328 1.4937 0.4906
0.06 0.30 0.12 2.50 0.6845 1.4395 0.4755
0.06 0.40 0.12 2.50 0.6629 1.4188 0.4672
0.06 0.50 0.12 2.50 0.6403 1.4187 0.4513
0.06 0.60 0.12 2.50 0.5948 1.4267 0.4169
0.06 0.70 0.12 2.50 0.5112 1.4118 0.3621
0.06 0.80 0.12 2.50 0.4231 1.4396 0.2939
0.07 0.20 0.12 2.50 0.7401 1.6209 0.4566
0.07 0.30 0.12 2.50 0.6837 1.5453 0.4424
0.07 0.40 0.12 2.50 0.6522 1.5154 0.4304
0.07 0.50 0.12 2.50 0.6178 1.5093 0.4094
0.07 0.60 0.12 2.50 0.5525 1.5053 0.3670
0.07 0.70 0.12 2.50 0.4778 1.4943 0.3198
0.07 0.80 0.12 2.50 0.3401 1.5460 0.2200
0.08 0.20 0.12 2.50 0.7519 1.7702 0.4247
0.08 0.30 0.12 2.50 0.6817 1.6672 0.4089
0.08 0.40 0.12 2.50 0.6369 1.6232 0.3924
0.08 0.50 0.12 2.50 0.5818 1.6084 0.3617
0.08 0.60 0.12 2.50 0.5147 1.5835 0.3250
0.08 0.70 0.12 2.50 0.4590 1.6146 0.2843
0.08 0.80 0.12 2.50 0.2224 1.5710 0.1416
0.09 0.20 0.12 2.50 0.7685 1.9364 0.3969
0.09 0.30 0.12 2.50 0.6729 1.8000 0.3738
0.09 0.40 0.12 2.50 0.6122 1.7441 0.3510
0.09 0.50 0.12 2.50 0.5494 1.7055 0.3222
0.09 0.60 0.12 2.50 0.4890 1.6889 0.2895
0.09 0.70 0.12 2.50 0.4249 1.7525 0.2425
0.09 0.80 0.12 2.50 0.2077 1.7267 0.1203
0.01 0.20 0.14 2.50 0.7124 1.4068 0.5064
0.01 0.30 0.14 2.50 0.7033 1.4050 0.5006
0.01 0.40 0.14 2.50 0.6981 1.4037 0.4973
0.01 0.50 0.14 2.50 0.6942 1.4030 0.4948
0.01 0.60 0.14 2.50 0.6882 1.4022 0.4908
0.01 0.70 0.14 2.50 0.6787 1.4016 0.4842
0.01 0.80 0.14 2.50 0.6575 1.3992 0.4699
0.02 0.20 0.14 2.50 0.7188 1.4284 0.5032
0.02 0.30 0.14 2.50 0.7010 1.4235 0.4925
0.02 0.40 0.14 2.50 0.6913 1.4211 0.4865
0.02 0.50 0.14 2.50 0.6826 1.4197 0.4808
0.02 0.60 0.14 2.50 0.6717 1.4196 0.4732
0.02 0.70 0.14 2.50 0.6541 1.4210 0.4603
0.02 0.80 0.14 2.50 0.6220 1.4234 0.4370
0.03 0.20 0.14 2.50 0.7258 1.4679 0.4944
0.03 0.30 0.14 2.50 0.6986 1.4574 0.4794
0.03 0.40 0.14 2.50 0.6848 1.4527 0.4714
0.03 0.50 0.14 2.50 0.6716 1.4512 0.4628
0.03 0.60 0.14 2.50 0.6582 1.4529 0.4530
0.03 0.70 0.14 2.50 0.6364 1.4598 0.4360
0.03 0.80 0.14 2.50 0.5671 1.4696 0.3858
0.04 0.20 0.14 2.50 0.7332 1.5248 0.4809
0.04 0.30 0.14 2.50 0.6969 1.5069 0.4625
0.04 0.40 0.14 2.50 0.6781 1.4989 0.4524
0.04 0.50 0.14 2.50 0.6648 1.4972 0.4440
0.04 0.60 0.14 2.50 0.6469 1.5036 0.4303
0.04 0.70 0.14 2.50 0.6079 1.5184 0.4003
0.04 0.80 0.14 2.50 0.5002 1.5069 0.3319
0.05 0.20 0.14 2.50 0.7409 1.5995 0.4632
0.05 0.30 0.14 2.50 0.6973 1.5719 0.4436
0.05 0.40 0.14 2.50 0.6756 1.5596 0.4332
0.05 0.50 0.14 2.50 0.6569 1.5597 0.4212
0.05 0.60 0.14 2.50 0.6273 1.5706 0.3994
0.05 0.70 0.14 2.50 0.5609 1.5832 0.3543
0.05 0.80 0.14 2.50 0.4463 1.5547 0.2871
0.06 0.20 0.14 2.50 0.7518 1.6957 0.4434
0.06 0.30 0.14 2.50 0.7002 1.6525 0.4237
0.06 0.40 0.14 2.50 0.6710 1.6365 0.4100
0.06 0.50 0.14 2.50 0.6425 1.6367 0.3925
0.06 0.60 0.14 2.50 0.5946 1.6478 0.3609
0.06 0.70 0.14 2.50 0.5137 1.6384 0.3135
0.06 0.80 0.14 2.50 0.4162 1.6537 0.2517
0.07 0.20 0.14 2.50 0.7653 1.8112 0.4225
0.07 0.30 0.14 2.50 0.7013 1.7497 0.4008
0.07 0.40 0.14 2.50 0.6622 1.7277 0.3833
0.07 0.50 0.14 2.50 0.6151 1.7245 0.3567
0.07 0.60 0.14 2.50 0.5595 1.7270 0.3239
0.07 0.70 0.14 2.50 0.4760 1.7135 0.2778
0.07 0.80 0.14 2.50 0.3386 1.7581 0.1926
0.08 0.20 0.14 2.50 0.7794 1.9460 0.4005
0.08 0.30 0.14 2.50 0.6986 1.8631 0.3749
0.08 0.40 0.14 2.50 0.6477 1.8317 0.3536
0.08 0.50 0.14 2.50 0.5936 1.8233 0.3256
0.08 0.60 0.14 2.50 0.5236 1.8049 0.2901
0.08 0.70 0.14 2.50 0.4572 1.8250 0.2505
0.08 0.80 0.14 2.50 0.2277 1.7926 0.1270
0.09 0.20 0.14 2.50 0.7911 2.1031 0.3762
0.09 0.30 0.14 2.50 0.6960 1.9935 0.3491
0.09 0.40 0.14 2.50 0.6291 1.9465 0.3232
0.09 0.50 0.14 2.50 0.5667 1.9204 0.2951
0.09 0.60 0.14 2.50 0.4938 1.9024 0.2596
0.09 0.70 0.14 2.50 0.4255 1.9574 0.2174
0.09 0.80 0.14 2.50 0.2060 1.9309 0.1067
0.01 0.20 0.16 2.50 0.7093 1.6435 0.4316
0.01 0.30 0.16 2.50 0.6987 1.6422 0.4255
0.01 0.40 0.16 2.50 0.6923 1.6416 0.4217
0.01 0.50 0.16 2.50 0.6867 1.6411 0.4185
0.01 0.60 0.16 2.50 0.6799 1.6410 0.4143
0.01 0.70 0.16 2.50 0.6684 1.6404 0.4075
0.01 0.80 0.16 2.50 0.6453 1.6375 0.3941
0.02 0.20 0.16 2.50 0.7210 1.6655 0.4329
0.02 0.30 0.16 2.50 0.6993 1.6614 0.4209
0.02 0.40 0.16 2.50 0.6861 1.6591 0.4135
0.02 0.50 0.16 2.50 0.6746 1.6578 0.4070
0.02 0.60 0.16 2.50 0.6614 1.6567 0.3992
0.02 0.70 0.16 2.50 0.6422 1.6566 0.3876
0.02 0.80 0.16 2.50 0.6083 1.6557 0.3674
0.03 0.20 0.16 2.50 0.7322 1.7020 0.4302
0.03 0.30 0.16 2.50 0.6993 1.6931 0.4130
0.03 0.40 0.16 2.50 0.6804 1.6880 0.4031
0.03 0.50 0.16 2.50 0.6651 1.6864 0.3944
0.03 0.60 0.16 2.50 0.6462 1.6859 0.3833
0.03 0.70 0.16 2.50 0.6243 1.6905 0.3693
0.03 0.80 0.16 2.50 0.5569 1.7034 0.3270
0.04 0.20 0.16 2.50 0.7445 1.7528 0.4248
0.04 0.30 0.16 2.50 0.7009 1.7382 0.4032
0.04 0.40 0.16 2.50 0.6762 1.7306 0.3907
0.04 0.50 0.16 2.50 0.6575 1.7280 0.3805
0.04 0.60 0.16 2.50 0.6380 1.7326 0.3682
0.04 0.70 0.16 2.50 0.5957 1.7478 0.3408
0.04 0.80 0.16 2.50 0.4965 1.7421 0.2850
0.05 0.20 0.16 2.50 0.7577 1.8205 0.4162
0.05 0.30 0.16 2.50 0.7049 1.7981 0.3921
0.05 0.40 0.16 2.50 0.6751 1.7867 0.3778
0.05 0.50 0.16 2.50 0.6529 1.7862 0.3655
0.05 0.60 0.16 2.50 0.6214 1.7979 0.3456
0.05 0.70 0.16 2.50 0.5601 1.8132 0.3089
0.05 0.80 0.16 2.50 0.4357 1.7822 0.2445
0.06 0.20 0.16 2.50 0.7704 1.9036 0.4047
0.06 0.30 0.16 2.50 0.7100 1.8720 0.3793
0.06 0.40 0.16 2.50 0.6750 1.8584 0.3632
0.06 0.50 0.16 2.50 0.6436 1.8618 0.3457
0.06 0.60 0.16 2.50 0.5897 1.8750 0.3145
0.06 0.70 0.16 2.50 0.5144 1.8710 0.2749
0.06 0.80 0.16 2.50 0.4076 1.8739 0.2175
0.07 0.20 0.16 2.50 0.7877 2.0085 0.3922
0.07 0.30 0.16 2.50 0.7155 1.9622 0.3647
0.07 0.40 0.16 2.50 0.6711 1.9469 0.3447
0.07 0.50 0.16 2.50 0.6202 1.9490 0.3182
0.07 0.60 0.16 2.50 0.5661 1.9548 0.2896
0.07 0.70 0.16 2.50 0.4706 1.9370 0.2429
0.07 0.80 0.16 2.50 0.3343 1.9821 0.1687
0.08 0.20 0.16 2.50 0.8021 2.1346 0.3758
0.08 0.30 0.16 2.50 0.7191 2.0699 0.3474
0.08 0.40 0.16 2.50 0.6561 2.0473 0.3205
0.08 0.50 0.16 2.50 0.6046 2.0428 0.2960
0.08 0.60 0.16 2.50 0.5308 2.0326 0.2611
0.08 0.70 0.16 2.50 0.4506 2.0409 0.2208
0.08 0.80 0.16 2.50 0.2350 2.0194 0.1164
0.09 0.20 0.16 2.50 0.8204 2.2811 0.3596
0.09 0.30 0.16 2.50 0.7140 2.1900 0.3260
0.09 0.40 0.16 2.50 0.6408 2.1570 0.2971
0.09 0.50 0.16 2.50 0.5802 2.1409 0.2710
0.09 0.60 0.16 2.50 0.4987 2.1202 0.2352
0.09 0.70 0.16 2.50 0.4238 2.1689 0.1954
0.09 0.80 0.16 2.50 0.2006 2.1406 0.0937
0.01 0.20 0.18 2.50 0.7042 1.8892 0.3728
0.01 0.30 0.18 2.50 0.6912 1.8883 0.3661
0.01 0.40 0.18 2.50 0.6833 1.8878 0.3620
0.01 0.50 0.18 2.50 0.6765 1.8875 0.3584
0.01 0.60 0.18 2.50 0.6685 1.8874 0.3542
0.01 0.70 0.18 2.50 0.6563 1.8870 0.3478
0.01 0.80 0.18 2.50 0.6326 1.8841 0.3358
0.02 0.20 0.18 2.50 0.7220 1.9097 0.3781
0.02 0.30 0.18 2.50 0.6964 1.9068 0.3652
0.02 0.40 0.18 2.50 0.6803 1.9051 0.3571
0.02 0.50 0.18 2.50 0.6666 1.9040 0.3501
0.02 0.60 0.18 2.50 0.6513 1.9029 0.3423
0.02 0.70 0.18 2.50 0.6297 1.9015 0.3312
0.02 0.80 0.18 2.50 0.5933 1.8980 0.3126
0.03 0.20 0.18 2.50 0.7385 1.9428 0.3801
0.03 0.30 0.18 2.50 0.7005 1.9363 0.3618
0.03 0.40 0.18 2.50 0.6772 1.9323 0.3504
0.03 0.50 0.18 2.50 0.6584 1.9303 0.3411
0.03 0.60 0.18 2.50 0.6369 1.9293 0.3301
0.03 0.70 0.18 2.50 0.6122 1.9315 0.3170
0.03 0.80 0.18 2.50 0.5456 1.9424 0.2809
0.04 0.20 0.18 2.50 0.7553 1.9887 0.3798
0.04 0.30 0.18 2.50 0.7057 1.9778 0.3568
0.04 0.40 0.18 2.50 0.6753 1.9712 0.3426
0.04 0.50 0.18 2.50 0.6507 1.9678 0.3307
0.04 0.60 0.18 2.50 0.6300 1.9718 0.3195
0.04 0.70 0.18 2.50 0.5840 1.9861 0.2941
0.04 0.80 0.18 2.50 0.4923 1.9858 0.2479
0.05 0.20 0.18 2.50 0.7739 2.0493 0.3776
0.05 0.30 0.18 2.50 0.7103 2.0317 0.3496
0.05 0.40 0.18 2.50 0.6753 2.0223 0.3339
0.05 0.50 0.18 2.50 0.6497 2.0224 0.3213
0.05 0.60 0.18 2.50 0.6107 2.0322 0.3005
0.05 0.70 0.18 2.50 0.5527 2.0504 0.2696
0.05 0.80 0.18 2.50 0.4277 2.0191 0.2118
0.06 0.20 0.18 2.50 0.7901 2.1237 0.3721
0.06 0.30 0.18 2.50 0.7197 2.0994 0.3428
0.06 0.40 0.18 2.50 0.6783 2.0895 0.3246
0.06 0.50 0.18 2.50 0.6381 2.0920 0.3050
0.06 0.60 0.18 2.50 0.5900 2.1084 0.2799
0.06 0.70 0.18 2.50 0.5132 2.1115 0.2430
0.06 0.80 0.18 2.50 0.3976 2.1027 0.1891
0.07 0.20 0.18 2.50 0.8113 2.2177 0.3658
0.07 0.30 0.18 2.50 0.7293 2.1837 0.3340
0.07 0.40 0.18 2.50 0.6737 2.1706 0.3104
0.07 0.50 0.18 2.50 0.6228 2.1768 0.2861
0.07 0.60 0.18 2.50 0.5704 2.1876 0.2607
0.07 0.70 0.18 2.50 0.4697 2.1727 0.2162
0.07 0.80 0.18 2.50 0.3355 2.2120 0.1517
0.08 0.20 0.18 2.50 0.8324 2.3315 0.3570
0.08 0.30 0.18 2.50 0.7341 2.2821 0.3217
0.08 0.40 0.18 2.50 0.6647 2.2677 0.2931
0.08 0.50 0.18 2.50 0.6087 2.2693 0.2682
0.08 0.60 0.18 2.50 0.5354 2.2670 0.2362
0.08 0.70 0.18 2.50 0.4450 2.2651 0.1964
0.08 0.80 0.18 2.50 0.2402 2.2631 0.1062
0.09 0.20 0.18 2.50 0.8461 2.4671 0.3430
0.09 0.30 0.18 2.50 0.7336 2.3986 0.3058
0.09 0.40 0.18 2.50 0.6586 2.3749 0.2773
0.09 0.50 0.18 2.50 0.5924 2.3666 0.2503
0.09 0.60 0.18 2.50 0.5028 2.3510 0.2139
0.09 0.70 0.18 2.50 0.4200 2.3874 0.1759
0.09 0.80 0.18 2.50 0.1921 2.3561 0.0816
0.01 0.20 0.20 2.50 0.6964 2.1405 0.3253
0.01 0.30 0.20 2.50 0.6818 2.1395 0.3187
0.01 0.40 0.20 2.50 0.6728 2.1389 0.3145
0.01 0.50 0.20 2.50 0.6652 2.1387 0.3111
0.01 0.60 0.20 2.50 0.6566 2.1386 0.3070
0.01 0.70 0.20 2.50 0.6440 2.1382 0.3012
0.01 0.80 0.20 2.50 0.6202 2.1355 0.2904
0.02 0.20 0.20 2.50 0.7214 2.1597 0.3340
0.02 0.30 0.20 2.50 0.6914 2.1575 0.3205
0.02 0.40 0.20 2.50 0.6728 2.1560 0.3121
0.02 0.50 0.20 2.50 0.6575 2.1551 0.3051
0.02 0.60 0.20 2.50 0.6407 2.1541 0.2974
0.02 0.70 0.20 2.50 0.6171 2.1524 0.2867
0.02 0.80 0.20 2.50 0.5755 2.1461 0.2681
0.03 0.20 0.20 2.50 0.7452 2.1891 0.3404
0.03 0.30 0.20 2.50 0.7007 2.1853 0.3207
0.03 0.40 0.20 2.50 0.6730 2.1823 0.3084
0.03 0.50 0.20 2.50 0.6506 2.1806 0.2983
0.03 0.60 0.20 2.50 0.6255 2.1789 0.2871
0.03 0.70 0.20 2.50 0.5962 2.1783 0.2737
0.03 0.80 0.20 2.50 0.5337 2.1851 0.2443
0.04 0.20 0.20 2.50 0.7678 2.2306 0.3442
0.04 0.30 0.20 2.50 0.7100 2.2235 0.3193
0.04 0.40 0.20 2.50 0.6738 2.2190 0.3036
0.04 0.50 0.20 2.50 0.6433 2.2157 0.2904
0.04 0.60 0.20 2.50 0.6172 2.2171 0.2784
0.04 0.70 0.20 2.50 0.5714 2.2279 0.2565
0.04 0.80 0.20 2.50 0.4868 2.2343 0.2179
0.05 0.20 0.20 2.50 0.7900 2.2856 0.3456
0.05 0.30 0.20 2.50 0.7180 2.2726 0.3160
0.05 0.40 0.20 2.50 0.6752 2.2660 0.2980
0.05 0.50 0.20 2.50 0.6429 2.2651 0.2838
0.05 0.60 0.20 2.50 0.6015 2.2745 0.2644
0.05 0.70 0.20 2.50 0.5459 2.2931 0.2381
0.05 0.80 0.20 2.50 0.4188 2.2674 0.1847
0.06 0.20 0.20 2.50 0.8111 2.3540 0.3446
0.06 0.30 0.20 2.50 0.7275 2.3340 0.3117
0.06 0.40 0.20 2.50 0.6799 2.3265 0.2923
0.06 0.50 0.20 2.50 0.6336 2.3308 0.2718
0.06 0.60 0.20 2.50 0.5889 2.3437 0.2513
0.06 0.70 0.20 2.50 0.5111 2.3578 0.2168
0.06 0.80 0.20 2.50 0.3832 2.3374 0.1639
0.07 0.20 0.20 2.50 0.8336 2.4375 0.3420
0.07 0.30 0.20 2.50 0.7404 2.4114 0.3070
0.07 0.40 0.20 2.50 0.6769 2.4034 0.2816
0.07 0.50 0.20 2.50 0.6263 2.4083 0.2601
0.07 0.60 0.20 2.50 0.5654 2.4261 0.2331
0.07 0.70 0.20 2.50 0.4664 2.4173 0.1929
0.07 0.80 0.20 2.50 0.3323 2.4413 0.1361
0.08 0.20 0.20 2.50 0.8573 2.5401 0.3375
0.08 0.30 0.20 2.50 0.7456 2.5045 0.2977
0.08 0.40 0.20 2.50 0.6751 2.4925 0.2708
0.08 0.50 0.20 2.50 0.6157 2.5001 0.2463
0.08 0.60 0.20 2.50 0.5402 2.5073 0.2155
0.08 0.70 0.20 2.50 0.4365 2.4956 0.1749
0.08 0.80 0.20 2.50 0.2441 2.5169 0.0970
0.09 0.20 0.20 2.50 0.8756 2.6634 0.3287
0.09 0.30 0.20 2.50 0.7535 2.6114 0.2885
0.09 0.40 0.20 2.50 0.6751 2.5931 0.2604
0.09 0.50 0.20 2.50 0.6042 2.5949 0.2329
0.09 0.60 0.20 2.50 0.5077 2.5886 0.1961
0.09 0.70 0.20 2.50 0.4144 2.6118 0.1587
0.09 0.80 0.20 2.50 0.1845 2.5800 0.0715
0.01 0.20 0.22 2.50 0.6883 2.3951 0.2874
0.01 0.30 0.22 2.50 0.6720 2.3940 0.2807
0.01 0.40 0.22 2.50 0.6618 2.3933 0.2765
0.01 0.50 0.22 2.50 0.6534 2.3929 0.2731
0.01 0.60 0.22 2.50 0.6447 2.3927 0.2695
0.01 0.70 0.22 2.50 0.6324 2.3923 0.2643
0.01 0.80 0.22 2.50 0.6083 2.3899 0.2545
0.02 0.20 0.22 2.50 0.7189 2.4130 0.2979
0.02 0.30 0.22 2.50 0.6864 2.4109 0.2847
0.02 0.40 0.22 2.50 0.6659 2.4096 0.2763
0.02 0.50 0.22 2.50 0.6489 2.4088 0.2694
0.02 0.60 0.22 2.50 0.6308 2.4080 0.2619
0.02 0.70 0.22 2.50 0.6060 2.4069 0.2518
0.02 0.80 0.22 2.50 0.5591 2.3989 0.2331
0.03 0.20 0.22 2.50 0.7491 2.4408 0.3069
0.03 0.30 0.22 2.50 0.6995 2.4377 0.2870
0.03 0.40 0.22 2.50 0.6685 2.4352 0.2745
0.03 0.50 0.22 2.50 0.6436 2.4341 0.2644
0.03 0.60 0.22 2.50 0.6156 2.4328 0.2530
0.03 0.70 0.22 2.50 0.5790 2.4304 0.2382
0.03 0.80 0.22 2.50 0.5222 2.4336 0.2146
0.04 0.20 0.22 2.50 0.7788 2.4785 0.3142
0.04 0.30 0.22 2.50 0.7126 2.4744 0.2880
0.04 0.40 0.22 2.50 0.6713 2.4711 0.2716
0.04 0.50 0.22 2.50 0.6373 2.4682 0.2582
0.04 0.60 0.22 2.50 0.5991 2.4667 0.2429
0.04 0.70 0.22 2.50 0.5603 2.4750 0.2264
0.04 0.80 0.22 2.50 0.4741 2.4856 0.1907
0.05 0.20 0.22 2.50 0.8068 2.5286 0.3191
0.05 0.30 0.22 2.50 0.7240 2.5210 0.2872
0.05 0.40 0.22 2.50 0.6728 2.5152 0.2675
0.05 0.50 0.22 2.50 0.6284 2.5126 0.2501
0.05 0.60 0.22 2.50 0.5924 2.5204 0.2350
0.05 0.70 0.22 2.50 0.5378 2.5343 0.2122
0.05 0.80 0.22 2.50 0.4106 2.5195 0.1630
0.06 0.20 0.22 2.50 0.8312 2.5907 0.3209
0.06 0.30 0.22 2.50 0.7370 2.5772 0.2860
0.06 0.40 0.22 2.50 0.6724 2.5706 0.2616
0.06 0.50 0.22 2.50 0.6281 2.5743 0.2440
0.06 0.60 0.22 2.50 0.5800 2.5870 0.2242
0.06 0.70 0.22 2.50 0.5079 2.6050 0.1950
0.06 0.80 0.22 2.50 0.3679 2.5767 0.1428
0.07 0.20 0.22 2.50 0.8567 2.6666 0.3213
0.07 0.30 0.22 2.50 0.7456 2.6464 0.2817
0.07 0.40 0.22 2.50 0.6791 2.6420 0.2570
0.07 0.50 0.22 2.50 0.6254 2.6484 0.2361
0.07 0.60 0.22 2.50 0.5635 2.6684 0.2112
0.07 0.70 0.22 2.50 0.4615 2.6660 0.1731
0.07 0.80 0.22 2.50 0.3229 2.6768 0.1206
0.08 0.20 0.22 2.50 0.8775 2.7595 0.3180
0.08 0.30 0.22 2.50 0.7599 2.7322 0.2781
0.08 0.40 0.22 2.50 0.6841 2.7256 0.2510
0.08 0.50 0.22 2.50 0.6191 2.7329 0.2265
0.08 0.60 0.22 2.50 0.5427 2.7515 0.1972
0.08 0.70 0.22 2.50 0.4245 2.7311 0.1554
0.08 0.80 0.22 2.50 0.2497 2.7666 0.0903
0.09 0.20 0.22 2.50 0.9023 2.8708 0.3143
0.09 0.30 0.22 2.50 0.7724 2.8319 0.2728
0.09 0.40 0.22 2.50 0.6846 2.8210 0.2427
0.09 0.50 0.22 2.50 0.6062 2.8327 0.2140
0.09 0.60 0.22 2.50 0.5092 2.8317 0.1798
0.09 0.70 0.22 2.50 0.4017 2.8408 0.1414
0.09 0.80 0.22 2.50 0.1737 2.8084 0.0618
0.01 0.20 0.24 2.50 0.6810 2.6539 0.2566
0.01 0.30 0.24 2.50 0.6633 2.6528 0.2500
0.01 0.40 0.24 2.50 0.6519 2.6521 0.2458
0.01 0.50 0.24 2.50 0.6425 2.6515 0.2423
0.01 0.60 0.24 2.50 0.6328 2.6511 0.2387
0.01 0.70 0.24 2.50 0.6199 2.6504 0.2339
0.01 0.80 0.24 2.50 0.5971 2.6483 0.2255
0.02 0.20 0.24 2.50 0.7164 2.6707 0.2682
0.02 0.30 0.24 2.50 0.6806 2.6686 0.2550
0.02 0.40 0.24 2.50 0.6580 2.6671 0.2467
0.02 0.50 0.24 2.50 0.6402 2.6663 0.2401
0.02 0.60 0.24 2.50 0.6213 2.6661 0.2330
0.02 0.70 0.24 2.50 0.5950 2.6654 0.2233
0.02 0.80 0.24 2.50 0.5428 2.6585 0.2042
0.03 0.20 0.24 2.50 0.7520 2.6965 0.2789
0.03 0.30 0.24 2.50 0.6987 2.6940 0.2593
0.03 0.40 0.24 2.50 0.6643 2.6923 0.2468
0.03 0.50 0.24 2.50 0.6364 2.6916 0.2364
0.03 0.60 0.24 2.50 0.6062 2.6905 0.2253
0.03 0.70 0.24 2.50 0.5636 2.6876 0.2097
0.03 0.80 0.24 2.50 0.5080 2.6867 0.1891
0.04 0.20 0.24 2.50 0.7865 2.7320 0.2879
0.04 0.30 0.24 2.50 0.7147 2.7295 0.2618
0.04 0.40 0.24 2.50 0.6689 2.7269 0.2453
0.04 0.50 0.24 2.50 0.6302 2.7247 0.2313
0.04 0.60 0.24 2.50 0.5883 2.7233 0.2160
0.04 0.70 0.24 2.50 0.5472 2.7265 0.2007
0.04 0.80 0.24 2.50 0.4666 2.7398 0.1703
0.05 0.20 0.24 2.50 0.8203 2.7775 0.2953
0.05 0.30 0.24 2.50 0.7289 2.7735 0.2628
0.05 0.40 0.24 2.50 0.6696 2.7692 0.2418
0.05 0.50 0.24 2.50 0.6212 2.7670 0.2245
0.05 0.60 0.24 2.50 0.5814 2.7702 0.2099
0.05 0.70 0.24 2.50 0.5258 2.7846 0.1888
0.05 0.80 0.24 2.50 0.4044 2.7761 0.1457
0.06 0.20 0.24 2.50 0.8507 2.8340 0.3002
0.06 0.30 0.24 2.50 0.7407 2.8267 0.2620
0.06 0.40 0.24 2.50 0.6706 2.8216 0.2377
0.06 0.50 0.24 2.50 0.6211 2.8218 0.2201
0.06 0.60 0.24 2.50 0.5724 2.8343 0.2019
0.06 0.70 0.24 2.50 0.4980 2.8567 0.1743
0.06 0.80 0.24 2.50 0.3498 2.8206 0.1240
0.07 0.20 0.24 2.50 0.8759 2.9039 0.3016
0.07 0.30 0.24 2.50 0.7536 2.8903 0.2607
0.07 0.40 0.24 2.50 0.6778 2.8854 0.2349
0.07 0.50 0.24 2.50 0.6213 2.8927 0.2148
0.07 0.60 0.24 2.50 0.5607 2.9094 0.1927
0.07 0.70 0.24 2.50 0.4584 2.9184 0.1571
0.07 0.80 0.24 2.50 0.3121 2.9162 0.1070
0.08 0.20 0.24 2.50 0.9019 2.9876 0.3019
0.08 0.30 0.24 2.50 0.7707 2.9658 0.2599
0.08 0.40 0.24 2.50 0.6872 2.9648 0.2318
0.08 0.50 0.24 2.50 0.6164 2.9747 0.2072
0.08 0.60 0.24 2.50 0.5369 2.9967 0.1792
0.08 0.70 0.24 2.50 0.4165 2.9753 0.1400
0.08 0.80 0.24 2.50 0.2437 3.0142 0.0809
0.09 0.20 0.24 2.50 0.9288 3.0884 0.3007
0.09 0.30 0.24 2.50 0.7893 3.0591 0.2580
0.09 0.40 0.24 2.50 0.6916 3.0555 0.2264
0.09 0.50 0.24 2.50 0.6093 3.0703 0.1984
0.09 0.60 0.24 2.50 0.5111 3.0784 0.1660
0.09 0.70 0.24 2.50 0.3913 3.0750 0.1272
0.09 0.80 0.24 2.50 0.1614 3.0414 0.0531
0.01 0.20 0.26 2.50 0.6712 2.9174 0.2301
0.01 0.30 0.26 2.50 0.6525 2.9164 0.2238
0.01 0.40 0.26 2.50 0.6405 2.9157 0.2197
0.01 0.50 0.26 2.50 0.6312 2.9153 0.2165
0.01 0.60 0.26 2.50 0.6221 2.9143 0.2135
0.01 0.70 0.26 2.50 0.6087 2.9137 0.2089
0.01 0.80 0.26 2.50 0.5851 2.9114 0.2010
0.02 0.20 0.26 2.50 0.7131 2.9330 0.2431
0.02 0.30 0.26 2.50 0.6749 2.9313 0.2303
0.02 0.40 0.26 2.50 0.6499 2.9300 0.2218
0.02 0.50 0.26 2.50 0.6302 2.9292 0.2151
0.02 0.60 0.26 2.50 0.6105 2.9288 0.2084
0.02 0.70 0.26 2.50 0.5832 2.9282 0.1992
0.02 0.80 0.26 2.50 0.5299 2.9221 0.1814
0.03 0.20 0.26 2.50 0.7526 2.9570 0.2545
0.03 0.30 0.26 2.50 0.6948 2.9549 0.2351
0.03 0.40 0.26 2.50 0.6581 2.9537 0.2228
0.03 0.50 0.26 2.50 0.6281 2.9533 0.2127
0.03 0.60 0.26 2.50 0.5932 2.9529 0.2009
0.03 0.70 0.26 2.50 0.5508 2.9502 0.1867
0.03 0.80 0.26 2.50 0.4932 2.9446 0.1675
0.04 0.20 0.26 2.50 0.7925 2.9901 0.2650
0.04 0.30 0.26 2.50 0.7149 2.9881 0.2392
0.04 0.40 0.26 2.50 0.6640 2.9865 0.2223
0.04 0.50 0.26 2.50 0.6188 2.9858 0.2072
0.04 0.60 0.26 2.50 0.5773 2.9845 0.1934
0.04 0.70 0.26 2.50 0.5292 2.9831 0.1774
0.04 0.80 0.26 2.50 0.4540 2.9923 0.1517
0.05 0.20 0.26 2.50 0.8303 3.0328 0.2738
0.05 0.30 0.26 2.50 0.7297 3.0301 0.2408
0.05 0.40 0.26 2.50 0.6646 3.0278 0.2195
0.05 0.50 0.26 2.50 0.6139 3.0258 0.2029
0.05 0.60 0.26 2.50 0.5652 3.0252 0.1868
0.05 0.70 0.26 2.50 0.5143 3.0392 0.1692
0.05 0.80 0.26 2.50 0.3966 3.0374 0.1306
0.06 0.20 0.26 2.50 0.8626 3.0845 0.2797
0.06 0.30 0.26 2.50 0.7451 3.0812 0.2418
0.06 0.40 0.26 2.50 0.6702 3.0768 0.2178
0.06 0.50 0.26 2.50 0.6106 3.0749 0.1986
0.06 0.60 0.26 2.50 0.5629 3.0862 0.1824
0.06 0.70 0.26 2.50 0.4882 3.1096 0.1570
0.06 0.80 0.26 2.50 0.3312 3.0699 0.1079
0.07 0.20 0.26 2.50 0.8964 3.1477 0.2848
0.07 0.30 0.26 2.50 0.7624 3.1405 0.2428
0.07 0.40 0.26 2.50 0.6765 3.1360 0.2157
0.07 0.50 0.26 2.50 0.6154 3.1410 0.1959
0.07 0.60 0.26 2.50 0.5499 3.1593 0.1741
0.07 0.70 0.26 2.50 0.4530 3.1742 0.1427
0.07 0.80 0.26 2.50 0.2984 3.1604 0.0944
0.08 0.20 0.26 2.50 0.9272 3.2247 0.2875
0.08 0.30 0.26 2.50 0.7793 3.2100 0.2428
0.08 0.40 0.26 2.50 0.6864 3.2090 0.2139
0.08 0.50 0.26 2.50 0.6137 3.2201 0.1906
0.08 0.60 0.26 2.50 0.5338 3.2453 0.1645
0.08 0.70 0.26 2.50 0.4077 3.2295 0.1262
0.08 0.80 0.26 2.50 0.2450 3.2578 0.0752
0.09 0.20 0.26 2.50 0.9561 3.3159 0.2883
0.09 0.30 0.26 2.50 0.7985 3.2937 0.2424
0.09 0.40 0.26 2.50 0.6958 3.2955 0.2111
0.09 0.50 0.26 2.50 0.6093 3.3088 0.1841
0.09 0.60 0.26 2.50 0.5109 3.3275 0.1535
0.09 0.70 0.26 2.50 0.3771 3.3140 0.1138
0.09 0.80 0.26 2.50 0.1510 3.2808 0.0460
0.01 0.20 0.28 2.50 0.6605 3.1850 0.2074
0.01 0.30 0.28 2.50 0.6405 3.1838 0.2012
0.01 0.40 0.28 2.50 0.6276 3.1832 0.1972
0.01 0.50 0.28 2.50 0.6176 3.1829 0.1940
0.01 0.60 0.28 2.50 0.6079 3.1828 0.1910
0.01 0.70 0.28 2.50 0.5955 3.1827 0.1871
0.01 0.80 0.28 2.50 0.5716 3.1799 0.1797
0.02 0.20 0.28 2.50 0.7072 3.2010 0.2209
0.02 0.30 0.28 2.50 0.6667 3.1994 0.2084
0.02 0.40 0.28 2.50 0.6405 3.1986 0.2003
0.02 0.50 0.28 2.50 0.6198 3.1972 0.1938
0.02 0.60 0.28 2.50 0.5974 3.1964 0.1869
0.02 0.70 0.28 2.50 0.5659 3.1959 0.1771
0.02 0.80 0.28 2.50 0.5175 3.1900 0.1622
0.03 0.20 0.28 2.50 0.7533 3.2233 0.2337
0.03 0.30 0.28 2.50 0.6907 3.2216 0.2144
0.03 0.40 0.28 2.50 0.6495 3.2202 0.2017
0.03 0.50 0.28 2.50 0.6146 3.2198 0.1909
0.03 0.60 0.28 2.50 0.5802 3.2199 0.1802
0.03 0.70 0.28 2.50 0.5388 3.2173 0.1675
0.03 0.80 0.28 2.50 0.4735 3.2082 0.1476
0.04 0.20 0.28 2.50 0.7959 3.2537 0.2446
0.04 0.30 0.28 2.50 0.7106 3.2522 0.2185
0.04 0.40 0.28 2.50 0.6544 3.2520 0.2012
0.04 0.50 0.28 2.50 0.6098 3.2514 0.1876
0.04 0.60 0.28 2.50 0.5671 3.2503 0.1745
0.04 0.70 0.28 2.50 0.5126 3.2461 0.1579
0.04 0.80 0.28 2.50 0.4378 3.2546 0.1345
0.05 0.20 0.28 2.50 0.8355 3.2935 0.2537
0.05 0.30 0.28 2.50 0.7298 3.2922 0.2217
0.05 0.40 0.28 2.50 0.6610 3.2909 0.2009
0.05 0.50 0.28 2.50 0.6072 3.2900 0.1846
0.05 0.60 0.28 2.50 0.5534 3.2881 0.1683
0.05 0.70 0.28 2.50 0.4995 3.2991 0.1514
0.05 0.80 0.28 2.50 0.3884 3.3025 0.1176
0.06 0.20 0.28 2.50 0.8756 3.3413 0.2620
0.06 0.30 0.28 2.50 0.7500 3.3397 0.2246
0.06 0.40 0.28 2.50 0.6688 3.3377 0.2004
0.06 0.50 0.28 2.50 0.6027 3.3363 0.1806
0.06 0.60 0.28 2.50 0.5487 3.3439 0.1641
0.06 0.70 0.28 2.50 0.4761 3.3626 0.1416
0.06 0.80 0.28 2.50 0.3169 3.3298 0.0952
0.07 0.20 0.28 2.50 0.9149 3.3992 0.2692
0.07 0.30 0.28 2.50 0.7703 3.3961 0.2268
0.07 0.40 0.28 2.50 0.6742 3.3926 0.1987
0.07 0.50 0.28 2.50 0.6044 3.3955 0.1780
0.07 0.60 0.28 2.50 0.5394 3.4143 0.1580
0.07 0.70 0.28 2.50 0.4475 3.4330 0.1304
0.07 0.80 0.28 2.50 0.2831 3.4112 0.0830
0.08 0.20 0.28 2.50 0.9516 3.4690 0.2743
0.08 0.30 0.28 2.50 0.7881 3.4610 0.2277
0.08 0.40 0.28 2.50 0.6826 3.4583 0.1974
0.08 0.50 0.28 2.50 0.6079 3.4714 0.1751
0.08 0.60 0.28 2.50 0.5267 3.4924 0.1508
0.08 0.70 0.28 2.50 0.3981 3.4896 0.1141
0.08 0.80 0.28 2.50 0.2375 3.5095 0.0677
0.09 0.20 0.28 2.50 0.9828 3.5527 0.2766
0.09 0.30 0.28 2.50 0.8085 3.5368 0.2286
0.09 0.40 0.28 2.50 0.6968 3.5409 0.1968
0.09 0.50 0.28 2.50 0.6035 3.5563 0.1697
0.09 0.60 0.28 2.50 0.5033 3.5795 0.1406
0.09 0.70 0.28 2.50 0.3602 3.5589 0.1012
0.09 0.80 0.28 2.50 0.1447 3.5448 0.0408
0.01 0.20 0.30 2.50 0.6500 3.4577 0.1880
0.01 0.30 0.30 2.50 0.6286 3.4565 0.1819
0.01 0.40 0.30 2.50 0.6146 3.4558 0.1778
0.01 0.50 0.30 2.50 0.6037 3.4555 0.1747
0.01 0.60 0.30 2.50 0.5934 3.4553 0.1717
0.01 0.70 0.30 2.50 0.5805 3.4553 0.1680
0.01 0.80 0.30 2.50 0.5555 3.4547 0.1608
0.02 0.20 0.30 2.50 0.7006 3.4732 0.2017
0.02 0.30 0.30 2.50 0.6574 3.4716 0.1894
0.02 0.40 0.30 2.50 0.6289 3.4707 0.1812
0.02 0.50 0.30 2.50 0.6065 3.4705 0.1748
0.02 0.60 0.30 2.50 0.5817 3.4697 0.1677
0.02 0.70 0.30 2.50 0.5514 3.4687 0.1590
0.02 0.80 0.30 2.50 0.5042 3.4630 0.1456
0.03 0.20 0.30 2.50 0.7503 3.4953 0.2147
0.03 0.30 0.30 2.50 0.6833 3.4942 0.1955
0.03 0.40 0.30 2.50 0.6380 3.4927 0.1827
0.03 0.50 0.30 2.50 0.6018 3.4922 0.1723
0.03 0.60 0.30 2.50 0.5682 3.4914 0.1628
0.03 0.70 0.30 2.50 0.5253 3.4893 0.1505
0.03 0.80 0.30 2.50 0.4559 3.4789 0.1311
0.04 0.20 0.30 2.50 0.7957 3.5232 0.2259
0.04 0.30 0.30 2.50 0.7056 3.5230 0.2003
0.04 0.40 0.30 2.50 0.6469 3.5220 0.1837
0.04 0.50 0.30 2.50 0.6017 3.5216 0.1709
0.04 0.60 0.30 2.50 0.5550 3.5211 0.1576
0.04 0.70 0.30 2.50 0.4989 3.5172 0.1418
0.04 0.80 0.30 2.50 0.4223 3.5214 0.1199
0.05 0.20 0.30 2.50 0.8414 3.5591 0.2364
0.05 0.30 0.30 2.50 0.7304 3.5591 0.2052
0.05 0.40 0.30 2.50 0.6580 3.5589 0.1849
0.05 0.50 0.30 2.50 0.5981 3.5589 0.1681
0.05 0.60 0.30 2.50 0.5411 3.5578 0.1521
0.05 0.70 0.30 2.50 0.4820 3.5639 0.1352
0.05 0.80 0.30 2.50 0.3750 3.5715 0.1050
0.06 0.20 0.30 2.50 0.8880 3.6038 0.2464
0.06 0.30 0.30 2.50 0.7552 3.6034 0.2096
0.06 0.40 0.30 2.50 0.6652 3.6037 0.1846
0.06 0.50 0.30 2.50 0.5952 3.6032 0.1652
0.06 0.60 0.30 2.50 0.5317 3.6071 0.1474
0.06 0.70 0.30 2.50 0.4609 3.6257 0.1271
0.06 0.80 0.30 2.50 0.3044 3.5985 0.0846
0.07 0.20 0.30 2.50 0.9320 3.6572 0.2548
0.07 0.30 0.30 2.50 0.7759 3.6561 0.2122
0.07 0.40 0.30 2.50 0.6737 3.6556 0.1843
0.07 0.50 0.30 2.50 0.5937 3.6577 0.1623
0.07 0.60 0.30 2.50 0.5268 3.6741 0.1434
0.07 0.70 0.30 2.50 0.4342 3.6973 0.1174
0.07 0.80 0.30 2.50 0.2647 3.6665 0.0722
0.08 0.20 0.30 2.50 0.9717 3.7206 0.2612
0.08 0.30 0.30 2.50 0.7976 3.7173 0.2146
0.08 0.40 0.30 2.50 0.6819 3.7165 0.1835
0.08 0.50 0.30 2.50 0.5982 3.7278 0.1605
0.08 0.60 0.30 2.50 0.5148 3.7498 0.1373
0.08 0.70 0.30 2.50 0.3891 3.7543 0.1036
0.08 0.80 0.30 2.50 0.2249 3.7624 0.0598
0.09 0.20 0.30 2.50 1.0090 3.7975 0.2657
0.09 0.30 0.30 2.50 0.8185 3.7885 0.2160
0.09 0.40 0.30 2.50 0.6935 3.7912 0.1829
0.09 0.50 0.30 2.50 0.5984 3.8087 0.1571
0.09 0.60 0.30 2.50 0.5000 3.8368 0.1303
0.09 0.70 0.30 2.50 0.3453 3.8114 0.0906
0.09 0.80 0.30 2.50 0.1399 3.8221 0.0366
0.01 0.20 0.32 2.50 0.6386 3.7343 0.1710
0.01 0.30 0.32 2.50 0.6167 3.7340 0.1652
0.01 0.40 0.32 2.50 0.6019 3.7332 0.1612
0.01 0.50 0.32 2.50 0.5904 3.7329 0.1582
0.01 0.60 0.32 2.50 0.5792 3.7327 0.1552
0.01 0.70 0.32 2.50 0.5633 3.7330 0.1509
0.01 0.80 0.32 2.50 0.5393 3.7328 0.1445
0.02 0.20 0.32 2.50 0.6921 3.7502 0.1845
0.02 0.30 0.32 2.50 0.6455 3.7484 0.1722
0.02 0.40 0.32 2.50 0.6137 3.7482 0.1637
0.02 0.50 0.32 2.50 0.5887 3.7484 0.1570
0.02 0.60 0.32 2.50 0.5666 3.7485 0.1512
0.02 0.70 0.32 2.50 0.5398 3.7465 0.1441
0.02 0.80 0.32 2.50 0.4910 3.7402 0.1313
0.03 0.20 0.32 2.50 0.7413 3.7718 0.1965
0.03 0.30 0.32 2.50 0.6721 3.7709 0.1782
0.03 0.40 0.32 2.50 0.6267 3.7705 0.1662
0.03 0.50 0.32 2.50 0.5911 3.7698 0.1568
0.03 0.60 0.32 2.50 0.5566 3.7678 0.1477
0.03 0.70 0.32 2.50 0.5121 3.7657 0.1360
0.03 0.80 0.32 2.50 0.4410 3.7561 0.1174
0.04 0.20 0.32 2.50 0.7947 3.7990 0.2092
0.04 0.30 0.32 2.50 0.7019 3.7987 0.1848
0.04 0.40 0.32 2.50 0.6404 3.7970 0.1687
0.04 0.50 0.32 2.50 0.5906 3.7963 0.1556
0.04 0.60 0.32 2.50 0.5428 3.7962 0.1430
0.04 0.70 0.32 2.50 0.4847 3.7934 0.1278
0.04 0.80 0.32 2.50 0.4069 3.7932 0.1073
0.05 0.20 0.32 2.50 0.8482 3.8309 0.2214
0.05 0.30 0.32 2.50 0.7298 3.8313 0.1905
0.05 0.40 0.32 2.50 0.6508 3.8313 0.1699
0.05 0.50 0.32 2.50 0.5888 3.8320 0.1536
0.05 0.60 0.32 2.50 0.5292 3.8321 0.1381
0.05 0.70 0.32 2.50 0.4617 3.8335 0.1204
0.05 0.80 0.32 2.50 0.3623 3.8444 0.0942
0.06 0.20 0.32 2.50 0.8976 3.8711 0.2319
0.06 0.30 0.32 2.50 0.7557 3.8727 0.1951
0.06 0.40 0.32 2.50 0.6610 3.8739 0.1706
0.06 0.50 0.32 2.50 0.5863 3.8748 0.1513
0.06 0.60 0.32 2.50 0.5156 3.8768 0.1330
0.06 0.70 0.32 2.50 0.4460 3.8929 0.1146
0.06 0.80 0.32 2.50 0.2921 3.8719 0.0754
0.07 0.20 0.32 2.50 0.9455 3.9211 0.2411
0.07 0.30 0.32 2.50 0.7821 3.9215 0.1994
0.07 0.40 0.32 2.50 0.6705 3.9237 0.1709
0.07 0.50 0.32 2.50 0.5841 3.9261 0.1488
0.07 0.60 0.32 2.50 0.5114 3.9384 0.1299
0.07 0.70 0.32 2.50 0.4212 3.9628 0.1063
0.07 0.80 0.32 2.50 0.2452 3.9278 0.0624
0.08 0.20 0.32 2.50 0.9909 3.9799 0.2490
0.08 0.30 0.32 2.50 0.8052 3.9790 0.2024
0.08 0.40 0.32 2.50 0.6801 3.9818 0.1708
0.08 0.50 0.32 2.50 0.5843 3.9888 0.1465
0.08 0.60 0.32 2.50 0.5025 4.0111 0.1253
0.08 0.70 0.32 2.50 0.3803 4.0230 0.0945
0.08 0.80 0.32 2.50 0.2099 4.0199 0.0522
0.09 0.20 0.32 2.50 1.0324 4.0496 0.2549
0.09 0.30 0.32 2.50 0.8274 4.0459 0.2045
0.09 0.40 0.32 2.50 0.6900 4.0494 0.1704
0.09 0.50 0.32 2.50 0.5900 4.0668 0.1451
0.09 0.60 0.32 2.50 0.4891 4.0946 0.1195
0.09 0.70 0.32 2.50 0.3330 4.0769 0.0817
0.09 0.80 0.32 2.50 0.1419 4.0958 0.0346
0.01 0.20 0.34 2.50 0.6259 4.0168 0.1558
0.01 0.30 0.34 2.50 0.6023 4.0154 0.1500
0.01 0.40 0.34 2.50 0.5851 4.0145 0.1458
0.01 0.50 0.34 2.50 0.5717 4.0145 0.1424
0.01 0.60 0.34 2.50 0.5594 4.0158 0.1393
0.01 0.70 0.34 2.50 0.5456 4.0158 0.1359
0.01 0.80 0.34 2.50 0.5242 4.0148 0.1306
0.02 0.20 0.34 2.50 0.6780 4.0330 0.1681
0.02 0.30 0.34 2.50 0.6305 4.0311 0.1564
0.02 0.40 0.34 2.50 0.5990 4.0301 0.1486
0.02 0.50 0.34 2.50 0.5744 4.0296 0.1425
0.02 0.60 0.34 2.50 0.5521 4.0295 0.1370
0.02 0.70 0.34 2.50 0.5257 4.0289 0.1305
0.02 0.80 0.34 2.50 0.4775 4.0214 0.1188
0.03 0.20 0.34 2.50 0.7345 4.0530 0.1812
0.03 0.30 0.34 2.50 0.6625 4.0512 0.1635
0.03 0.40 0.34 2.50 0.6153 4.0504 0.1519
0.03 0.50 0.34 2.50 0.5791 4.0503 0.1430
0.03 0.60 0.34 2.50 0.5432 4.0485 0.1342
0.03 0.70 0.34 2.50 0.4987 4.0458 0.1233
0.03 0.80 0.34 2.50 0.4261 4.0377 0.1055
0.04 0.20 0.34 2.50 0.7923 4.0780 0.1943
0.04 0.30 0.34 2.50 0.6959 4.0779 0.1707
0.04 0.40 0.34 2.50 0.6310 4.0777 0.1547
0.04 0.50 0.34 2.50 0.5786 4.0759 0.1420
0.04 0.60 0.34 2.50 0.5302 4.0749 0.1301
0.04 0.70 0.34 2.50 0.4700 4.0734 0.1154
0.04 0.80 0.34 2.50 0.3890 4.0694 0.0956
0.05 0.20 0.34 2.50 0.8501 4.1092 0.2069
0.05 0.30 0.34 2.50 0.7266 4.1085 0.1768
0.05 0.40 0.34 2.50 0.6425 4.1091 0.1564
0.05 0.50 0.34 2.50 0.5784 4.1093 0.1408
0.05 0.60 0.34 2.50 0.5160 4.1105 0.1255
0.05 0.70 0.34 2.50 0.4425 4.1090 0.1077
0.05 0.80 0.34 2.50 0.3453 4.1183 0.0839
0.06 0.20 0.34 2.50 0.9050 4.1456 0.2183
0.06 0.30 0.34 2.50 0.7543 4.1469 0.1819
0.06 0.40 0.34 2.50 0.6553 4.1489 0.1580
0.06 0.50 0.34 2.50 0.5764 4.1515 0.1389
0.06 0.60 0.34 2.50 0.5014 4.1529 0.1207
0.06 0.70 0.34 2.50 0.4288 4.1647 0.1030
0.06 0.80 0.34 2.50 0.2807 4.1505 0.0676
0.07 0.20 0.34 2.50 0.9562 4.1906 0.2282
0.07 0.30 0.34 2.50 0.7836 4.1929 0.1869
0.07 0.40 0.34 2.50 0.6662 4.1968 0.1587
0.07 0.50 0.34 2.50 0.5727 4.2003 0.1364
0.07 0.60 0.34 2.50 0.4926 4.2080 0.1171
0.07 0.70 0.34 2.50 0.4040 4.2278 0.0956
0.07 0.80 0.34 2.50 0.2233 4.1941 0.0532
0.08 0.20 0.34 2.50 1.0071 4.2456 0.2372
0.08 0.30 0.34 2.50 0.8107 4.2471 0.1909
0.08 0.40 0.34 2.50 0.6752 4.2517 0.1588
0.08 0.50 0.34 2.50 0.5711 4.2572 0.1342
0.08 0.60 0.34 2.50 0.4878 4.2779 0.1140
0.08 0.70 0.34 2.50 0.3713 4.2950 0.0864
0.08 0.80 0.34 2.50 0.1928 4.2827 0.0450
0.09 0.20 0.34 2.50 1.0528 4.3108 0.2442
0.09 0.30 0.34 2.50 0.8355 4.3090 0.1939
0.09 0.40 0.34 2.50 0.6855 4.3144 0.1589
0.09 0.50 0.34 2.50 0.5773 4.3290 0.1334
0.09 0.60 0.34 2.50 0.4748 4.3537 0.1091
0.09 0.70 0.34 2.50 0.3207 4.3485 0.0737
0.09 0.80 0.34 2.50 0.1283 4.3671 0.0294
0.01 0.20 0.36 2.50 0.6059 4.3054 0.1407
0.01 0.30 0.36 2.50 0.5812 4.3038 0.1350
0.01 0.40 0.36 2.50 0.5645 4.3028 0.1312
0.01 0.50 0.36 2.50 0.5521 4.3020 0.1283
0.01 0.60 0.36 2.50 0.5417 4.3019 0.1259
0.01 0.70 0.36 2.50 0.5281 4.3014 0.1228
0.01 0.80 0.36 2.50 0.5091 4.3012 0.1184
0.02 0.20 0.36 2.50 0.6667 4.3192 0.1544
0.02 0.30 0.36 2.50 0.6173 4.3170 0.1430
0.02 0.40 0.36 2.50 0.5843 4.3167 0.1354
0.02 0.50 0.36 2.50 0.5595 4.3159 0.1296
0.02 0.60 0.36 2.50 0.5363 4.3155 0.1243
0.02 0.70 0.36 2.50 0.5078 4.3148 0.1177
0.02 0.80 0.36 2.50 0.4627 4.3085 0.1074
0.03 0.20 0.36 2.50 0.7273 4.3385 0.1676
0.03 0.30 0.36 2.50 0.6536 4.3366 0.1507
0.03 0.40 0.36 2.50 0.6028 4.3357 0.1390
0.03 0.50 0.36 2.50 0.5630 4.3354 0.1299
0.03 0.60 0.36 2.50 0.5271 4.3353 0.1216
0.03 0.70 0.36 2.50 0.4831 4.3318 0.1115
0.03 0.80 0.36 2.50 0.4108 4.3240 0.0950
0.04 0.20 0.36 2.50 0.7882 4.3622 0.1807
0.04 0.30 0.36 2.50 0.6866 4.3611 0.1574
0.04 0.40 0.36 2.50 0.6184 4.3611 0.1418
0.04 0.50 0.36 2.50 0.5662 4.3615 0.1298
0.04 0.60 0.36 2.50 0.5156 4.3597 0.1183
0.04 0.70 0.36 2.50 0.4543 4.3585 0.1042
0.04 0.80 0.36 2.50 0.3671 4.3506 0.0844
0.05 0.20 0.36 2.50 0.8482 4.3913 0.1932
0.05 0.30 0.36 2.50 0.7200 4.3918 0.1639
0.05 0.40 0.36 2.50 0.6349 4.3909 0.1446
0.05 0.50 0.36 2.50 0.5662 4.3921 0.1289
0.05 0.60 0.36 2.50 0.5016 4.3936 0.1142
0.05 0.70 0.36 2.50 0.4261 4.3918 0.0970
0.05 0.80 0.36 2.50 0.3271 4.3953 0.0744
0.06 0.20 0.36 2.50 0.9087 4.4266 0.2053
0.06 0.30 0.36 2.50 0.7531 4.4272 0.1701
0.06 0.40 0.36 2.50 0.6472 4.4291 0.1461
0.06 0.50 0.36 2.50 0.5650 4.4320 0.1275
0.06 0.60 0.36 2.50 0.4862 4.4343 0.1097
0.06 0.70 0.36 2.50 0.4082 4.4415 0.0919
0.06 0.80 0.36 2.50 0.2688 4.4341 0.0606
0.07 0.20 0.36 2.50 0.9667 4.4670 0.2164
0.07 0.30 0.36 2.50 0.7833 4.4698 0.1753
0.07 0.40 0.36 2.50 0.6597 4.4747 0.1474
0.07 0.50 0.36 2.50 0.5617 4.4787 0.1254
0.07 0.60 0.36 2.50 0.4732 4.4832 0.1056
0.07 0.70 0.36 2.50 0.3843 4.5025 0.0854
0.07 0.80 0.36 2.50 0.2009 4.4669 0.0450
0.08 0.20 0.36 2.50 1.0202 4.5177 0.2258
0.08 0.30 0.36 2.50 0.8133 4.5205 0.1799
0.08 0.40 0.36 2.50 0.6703 4.5267 0.1481
0.08 0.50 0.36 2.50 0.5598 4.5325 0.1235
0.08 0.60 0.36 2.50 0.4702 4.5492 0.1034
0.08 0.70 0.36 2.50 0.3533 4.5705 0.0773
0.08 0.80 0.36 2.50 0.1735 4.5504 0.0381
0.09 0.20 0.36 2.50 1.0708 4.5788 0.2339
0.09 0.30 0.36 2.50 0.8407 4.5786 0.1836
0.09 0.40 0.36 2.50 0.6805 4.5859 0.1484
0.09 0.50 0.36 2.50 0.5610 4.5968 0.1220
0.09 0.60 0.36 2.50 0.4574 4.6225 0.0989
0.09 0.70 0.36 2.50 0.3080 4.6242 0.0666
0.09 0.80 0.36 2.50 0.1214 4.6329 0.0262
0.01 0.20 0.38 2.50 0.5924 4.5982 0.1288
0.01 0.30 0.38 2.50 0.5669 4.5964 0.1233
0.01 0.40 0.38 2.50 0.5492 4.5952 0.1195
0.01 0.50 0.38 2.50 0.5356 4.5943 0.1166
0.01 0.60 0.38 2.50 0.5241 4.5937 0.1141
0.01 0.70 0.38 2.50 0.5119 4.5930 0.1114
0.01 0.80 0.38 2.50 0.4914 4.5927 0.1070
0.02 0.20 0.38 2.50 0.6540 4.6108 0.1418
0.02 0.30 0.38 2.50 0.6034 4.6081 0.1310
0.02 0.40 0.38 2.50 0.5696 4.6066 0.1236
0.02 0.50 0.38 2.50 0.5430 4.6058 0.1179
0.02 0.60 0.38 2.50 0.5184 4.6062 0.1125
0.02 0.70 0.38 2.50 0.4909 4.6053 0.1066
0.02 0.80 0.38 2.50 0.4492 4.6016 0.0976
0.03 0.20 0.38 2.50 0.7191 4.6285 0.1554
0.03 0.30 0.38 2.50 0.6407 4.6257 0.1385
0.03 0.40 0.38 2.50 0.5877 4.6255 0.1271
0.03 0.50 0.38 2.50 0.5474 4.6249 0.1183
0.03 0.60 0.38 2.50 0.5110 4.6246 0.1105
0.03 0.70 0.38 2.50 0.4685 4.6231 0.1013
0.03 0.80 0.38 2.50 0.3956 4.6148 0.0857
0.04 0.20 0.38 2.50 0.7818 4.6516 0.1681
0.04 0.30 0.38 2.50 0.6771 4.6496 0.1456
0.04 0.40 0.38 2.50 0.6055 4.6494 0.1302
0.04 0.50 0.38 2.50 0.5515 4.6498 0.1186
0.04 0.60 0.38 2.50 0.5010 4.6496 0.1077
0.04 0.70 0.38 2.50 0.4389 4.6476 0.0944
0.04 0.80 0.38 2.50 0.3450 4.6372 0.0744
0.05 0.20 0.38 2.50 0.8457 4.6788 0.1807
0.05 0.30 0.38 2.50 0.7127 4.6785 0.1523
0.05 0.40 0.38 2.50 0.6236 4.6797 0.1332
0.05 0.50 0.38 2.50 0.5534 4.6804 0.1182
0.05 0.60 0.38 2.50 0.4867 4.6812 0.1040
0.05 0.70 0.38 2.50 0.4085 4.6797 0.0873
0.05 0.80 0.38 2.50 0.3075 4.6789 0.0657
0.06 0.20 0.38 2.50 0.9101 4.7117 0.1932
0.06 0.30 0.38 2.50 0.7490 4.7134 0.1589
0.06 0.40 0.38 2.50 0.6391 4.7151 0.1355
0.06 0.50 0.38 2.50 0.5521 4.7175 0.1170
0.06 0.60 0.38 2.50 0.4712 4.7203 0.0998
0.06 0.70 0.38 2.50 0.3833 4.7229 0.0811
0.06 0.80 0.38 2.50 0.2566 4.7210 0.0544
0.07 0.20 0.38 2.50 0.9735 4.7514 0.2049
0.07 0.30 0.38 2.50 0.7824 4.7527 0.1646
0.07 0.40 0.38 2.50 0.6520 4.7572 0.1371
0.07 0.50 0.38 2.50 0.5501 4.7621 0.1155
0.07 0.60 0.38 2.50 0.4569 4.7661 0.0959
0.07 0.70 0.38 2.50 0.3644 4.7816 0.0762
0.07 0.80 0.38 2.50 0.1845 4.7504 0.0388
0.08 0.20 0.38 2.50 1.0313 4.7970 0.2150
0.08 0.30 0.38 2.50 0.8137 4.7993 0.1695
0.08 0.40 0.38 2.50 0.6643 4.8067 0.1382
0.08 0.50 0.38 2.50 0.5478 4.8132 0.1138
0.08 0.60 0.38 2.50 0.4482 4.8252 0.0929
0.08 0.70 0.38 2.50 0.3384 4.8493 0.0698
0.08 0.80 0.38 2.50 0.1528 4.8243 0.0317
0.09 0.20 0.38 2.50 1.0850 4.8530 0.2236
0.09 0.30 0.38 2.50 0.8444 4.8540 0.1740
0.09 0.40 0.38 2.50 0.6760 4.8625 0.1390
0.09 0.50 0.38 2.50 0.5460 4.8718 0.1121
0.09 0.60 0.38 2.50 0.4401 4.8955 0.0899
0.09 0.70 0.38 2.50 0.2954 4.9051 0.0602
0.09 0.80 0.38 2.50 0.1071 4.9074 0.0218
0.01 0.20 0.40 2.50 0.5807 4.8965 0.1186
0.01 0.30 0.40 2.50 0.5546 4.8944 0.1133
0.01 0.40 0.40 2.50 0.5363 4.8931 0.1096
0.01 0.50 0.40 2.50 0.5220 4.8921 0.1067
0.01 0.60 0.40 2.50 0.5088 4.8911 0.1040
0.01 0.70 0.40 2.50 0.4938 4.8900 0.1010
0.01 0.80 0.40 2.50 0.4741 4.8883 0.0970
0.02 0.20 0.40 2.50 0.6433 4.9083 0.1311
0.02 0.30 0.40 2.50 0.5900 4.9050 0.1203
0.02 0.40 0.40 2.50 0.5527 4.9031 0.1127
0.02 0.50 0.40 2.50 0.5243 4.9019 0.1070
0.02 0.60 0.40 2.50 0.5012 4.9012 0.1023
0.02 0.70 0.40 2.50 0.4743 4.9010 0.0968
0.02 0.80 0.40 2.50 0.4324 4.8981 0.0883
0.03 0.20 0.40 2.50 0.7065 4.9244 0.1435
0.03 0.30 0.40 2.50 0.6264 4.9211 0.1273
0.03 0.40 0.40 2.50 0.5729 4.9196 0.1165
0.03 0.50 0.40 2.50 0.5307 4.9200 0.1079
0.03 0.60 0.40 2.50 0.4941 4.9199 0.1004
0.03 0.70 0.40 2.50 0.4515 4.9197 0.0918
0.03 0.80 0.40 2.50 0.3812 4.9111 0.0776
0.04 0.20 0.40 2.50 0.7744 4.9454 0.1566
0.04 0.30 0.40 2.50 0.6658 4.9438 0.1347
0.04 0.40 0.40 2.50 0.5926 4.9431 0.1199
0.04 0.50 0.40 2.50 0.5360 4.9437 0.1084
0.04 0.60 0.40 2.50 0.4847 4.9449 0.0980
0.04 0.70 0.40 2.50 0.4225 4.9419 0.0855
0.04 0.80 0.40 2.50 0.3252 4.9316 0.0659
0.05 0.20 0.40 2.50 0.8421 4.9721 0.1694
0.05 0.30 0.40 2.50 0.7048 4.9705 0.1418
0.05 0.40 0.40 2.50 0.6109 4.9720 0.1229
0.05 0.50 0.40 2.50 0.5388 4.9742 0.1083
0.05 0.60 0.40 2.50 0.4704 4.9740 0.0946
0.05 0.70 0.40 2.50 0.3916 4.9729 0.0788
0.05 0.80 0.40 2.50 0.2879 4.9686 0.0579
0.06 0.20 0.40 2.50 0.9096 5.0030 0.1818
0.06 0.30 0.40 2.50 0.7424 5.0033 0.1484
0.06 0.40 0.40 2.50 0.6282 5.0070 0.1255
0.06 0.50 0.40 2.50 0.5381 5.0085 0.1074
0.06 0.60 0.40 2.50 0.4557 5.0112 0.0909
0.06 0.70 0.40 2.50 0.3595 5.0107 0.0717
0.06 0.80 0.40 2.50 0.2393 5.0135 0.0477
0.07 0.20 0.40 2.50 0.9757 5.0403 0.1936
0.07 0.30 0.40 2.50 0.7791 5.0423 0.1545
0.07 0.40 0.40 2.50 0.6427 5.0453 0.1274
0.07 0.50 0.40 2.50 0.5373 5.0506 0.1064
0.07 0.60 0.40 2.50 0.4384 5.0549 0.0867
0.07 0.70 0.40 2.50 0.3432 5.0659 0.0678
0.07 0.80 0.40 2.50 0.1676 5.0399 0.0333
0.08 0.20 0.40 2.50 1.0401 5.0840 0.2046
0.08 0.30 0.40 2.50 0.8130 5.0847 0.1599
0.08 0.40 0.40 2.50 0.6572 5.0915 0.1291
0.08 0.50 0.40 2.50 0.5345 5.0990 0.1048
0.08 0.60 0.40 2.50 0.4228 5.1066 0.0828
0.08 0.70 0.40 2.50 0.3178 5.1305 0.0620
0.08 0.80 0.40 2.50 0.1286 5.1028 0.0252
0.09 0.20 0.40 2.50 1.0978 5.1345 0.2138
0.09 0.30 0.40 2.50 0.8464 5.1346 0.1648
0.09 0.40 0.40 2.50 0.6699 5.1447 0.1302
0.09 0.50 0.40 2.50 0.5307 5.1535 0.1030
0.09 0.60 0.40 2.50 0.4203 5.1742 0.0812
0.09 0.70 0.40 2.50 0.2823 5.1905 0.0544
0.09 0.80 0.40 2.50 0.0875 5.1837 0.0169
