0.00 0.00 0.10 0.00 -0.0005 0.9117 -0.0005
0.00 0.00 0.12 0.00 -0.0005 1.1372 -0.0004
0.00 0.00 0.14 0.00 -0.0003 1.3717 -0.0003
0.00 0.00 0.16 0.00 -0.0002 1.6127 -0.0002
0.00 0.00 0.18 0.00 -0.0001 1.8564 -0.0000
0.00 0.00 0.20 0.00 -0.0000 2.1053 -0.0000
0.00 0.00 0.22 0.00 -0.0000 2.3544 -0.0000
0.00 0.00 0.24 0.00 -0.0004 2.6117 -0.0002
0.00 0.00 0.26 0.00 0.0007 2.8754 0.0002
0.00 0.00 0.28 0.00 0.0002 3.1448 0.0001
0.00 0.00 0.30 0.00 -0.0004 3.4202 -0.0001
0.00 0.00 0.32 0.00 -0.0003 3.6996 -0.0001
0.00 0.00 0.34 0.00 0.0001 3.9828 0.0000
0.00 0.00 0.36 0.00 -0.0000 4.2713 -0.0000
0.00 0.00 0.38 0.00 0.0001 4.5640 0.0000
0.00 0.00 0.40 0.00 -0.0001 4.8623 -0.0000
0.01 0.20 0.10 0.00 -0.0037 0.9231 -0.0040
0.01 0.30 0.10 0.00 -0.0100 0.9216 -0.0109
0.01 0.40 0.10 0.00 -0.0120 0.9210 -0.0130
0.01 0.50 0.10 0.00 -0.0186 0.9227 -0.0201
0.01 0.60 0.10 0.00 -0.0278 0.9244 -0.0301
0.01 0.70 0.10 0.00 -0.0415 0.9254 -0.0449
0.01 0.80 0.10 0.00 -0.0627 0.9232 -0.0680
0.02 0.20 0.10 0.00 -0.0179 0.9575 -0.0187
0.02 0.30 0.10 0.00 -0.0311 0.9510 -0.0327
0.02 0.40 0.10 0.00 -0.0394 0.9475 -0.0416
0.02 0.50 0.10 0.00 -0.0459 0.9456 -0.0485
0.02 0.60 0.10 0.00 -0.0534 0.9436 -0.0566
0.02 0.70 0.10 0.00 -0.0711 0.9387 -0.0757
0.02 0.80 0.10 0.00 -0.1031 0.9367 -0.1101
0.03 0.20 0.10 0.00 -0.0282 1.0084 -0.0280
0.03 0.30 0.10 0.00 -0.0442 0.9912 -0.0445
0.03 0.40 0.10 0.00 -0.0509 0.9816 -0.0519
0.03 0.50 0.10 0.00 -0.0604 0.9743 -0.0619
0.03 0.60 0.10 0.00 -0.0703 0.9718 -0.0723
0.03 0.70 0.10 0.00 -0.0891 0.9730 -0.0916
0.03 0.80 0.10 0.00 -0.1356 0.9895 -0.1371
0.04 0.20 0.10 0.00 -0.0284 1.0775 -0.0264
0.04 0.30 0.10 0.00 -0.0531 1.0444 -0.0508
0.04 0.40 0.10 0.00 -0.0640 1.0271 -0.0623
0.04 0.50 0.10 0.00 -0.0804 1.0159 -0.0791
0.04 0.60 0.10 0.00 -0.0822 1.0197 -0.0806
0.04 0.70 0.10 0.00 -0.1086 1.0354 -0.1049
0.04 0.80 0.10 0.00 -0.1928 1.0573 -0.1824
0.05 0.20 0.10 0.00 -0.0286 1.1659 -0.0245
0.05 0.30 0.10 0.00 -0.0572 1.1158 -0.0512
0.05 0.40 0.10 0.00 -0.0820 1.0911 -0.0752
0.05 0.50 0.10 0.00 -0.0794 1.0825 -0.0733
0.05 0.60 0.10 0.00 -0.0995 1.0900 -0.0913
0.05 0.70 0.10 0.00 -0.1373 1.1163 -0.1230
0.05 0.80 0.10 0.00 -0.2820 1.1005 -0.2563
0.06 0.20 0.10 0.00 -0.0191 1.2801 -0.0149
0.06 0.30 0.10 0.00 -0.0647 1.2050 -0.0537
0.06 0.40 0.10 0.00 -0.0741 1.1726 -0.0632
0.06 0.50 0.10 0.00 -0.0930 1.1650 -0.0798
0.06 0.60 0.10 0.00 -0.1110 1.1805 -0.0940
0.06 0.70 0.10 0.00 -0.1784 1.2045 -0.1481
0.06 0.80 0.10 0.00 -0.3110 1.1874 -0.2619
0.07 0.20 0.10 0.00 -0.0094 1.4123 -0.0067
0.07 0.30 0.10 0.00 -0.0564 1.3144 -0.0429
0.07 0.40 0.10 0.00 -0.0830 1.2729 -0.0652
0.07 0.50 0.10 0.00 -0.0992 1.2653 -0.0784
0.07 0.60 0.10 0.00 -0.1388 1.2787 -0.1085
0.07 0.70 0.10 0.00 -0.2468 1.2758 -0.1934
0.07 0.80 0.10 0.00 -0.3467 1.3223 -0.2622
0.08 0.20 0.10 0.00 0.0186 1.5648 0.0119
0.08 0.30 0.10 0.00 -0.0570 1.4431 -0.0395
0.08 0.40 0.10 0.00 -0.0848 1.3904 -0.0610
0.08 0.50 0.10 0.00 -0.1167 1.3792 -0.0846
0.08 0.60 0.10 0.00 -0.1714 1.3894 -0.1234
0.08 0.70 0.10 0.00 -0.2807 1.3641 -0.2058
0.08 0.80 0.10 0.00 -0.4375 1.4456 -0.3026
0.09 0.20 0.10 0.00 0.0472 1.7292 0.0273
0.09 0.30 0.10 0.00 -0.0484 1.5898 -0.0305
0.09 0.40 0.10 0.00 -0.0899 1.5236 -0.0590
0.09 0.50 0.10 0.00 -0.1376 1.5020 -0.0916
0.09 0.60 0.10 0.00 -0.2259 1.4863 -0.1520
0.09 0.70 0.10 0.00 -0.2941 1.5079 -0.1950
0.09 0.80 0.10 0.00 -0.5706 1.4617 -0.3903
0.01 0.20 0.12 0.00 -0.0041 1.1489 -0.0036
0.01 0.30 0.12 0.00 -0.0126 1.1481 -0.0110
0.01 0.40 0.12 0.00 -0.0183 1.1479 -0.0159
0.01 0.50 0.12 0.00 -0.0241 1.1479 -0.0210
0.01 0.60 0.12 0.00 -0.0310 1.1480 -0.0270
0.01 0.70 0.12 0.00 -0.0390 1.1483 -0.0340
0.01 0.80 0.12 0.00 -0.0575 1.1468 -0.0501
0.02 0.20 0.12 0.00 -0.0105 1.1771 -0.0090
0.02 0.30 0.12 0.00 -0.0243 1.1721 -0.0207
0.02 0.40 0.12 0.00 -0.0307 1.1694 -0.0262
0.02 0.50 0.12 0.00 -0.0366 1.1681 -0.0313
0.02 0.60 0.12 0.00 -0.0462 1.1668 -0.0396
0.02 0.70 0.12 0.00 -0.0656 1.1639 -0.0564
0.02 0.80 0.12 0.00 -0.1009 1.1611 -0.0869
0.03 0.20 0.12 0.00 -0.0057 1.2213 -0.0047
0.03 0.30 0.12 0.00 -0.0274 1.2096 -0.0226
0.03 0.40 0.12 0.00 -0.0391 1.2024 -0.0325
0.03 0.50 0.12 0.00 -0.0504 1.1974 -0.0421
0.03 0.60 0.12 0.00 -0.0633 1.1950 -0.0530
0.03 0.70 0.12 0.00 -0.0866 1.1967 -0.0723
0.03 0.80 0.12 0.00 -0.1342 1.2089 -0.1110
0.04 0.20 0.12 0.00 -0.0021 1.2835 -0.0017
0.04 0.30 0.12 0.00 -0.0319 1.2595 -0.0253
0.04 0.40 0.12 0.00 -0.0479 1.2470 -0.0384
0.04 0.50 0.12 0.00 -0.0603 1.2407 -0.0486
0.04 0.60 0.12 0.00 -0.0777 1.2416 -0.0626
0.04 0.70 0.12 0.00 -0.1039 1.2545 -0.0828
0.04 0.80 0.12 0.00 -0.1862 1.2755 -0.1460
0.05 0.20 0.12 0.00 0.0060 1.3634 0.0044
0.05 0.30 0.12 0.00 -0.0351 1.3252 -0.0265
0.05 0.40 0.12 0.00 -0.0527 1.3065 -0.0403
0.05 0.50 0.12 0.00 -0.0698 1.3007 -0.0537
0.05 0.60 0.12 0.00 -0.0915 1.3068 -0.0700
0.05 0.70 0.12 0.00 -0.1259 1.3338 -0.0944
0.05 0.80 0.12 0.00 -0.2693 1.3249 -0.2032
0.06 0.20 0.12 0.00 0.0155 1.4644 0.0106
0.06 0.30 0.12 0.00 -0.0340 1.4079 -0.0241
0.06 0.40 0.12 0.00 -0.0581 1.3827 -0.0420
0.06 0.50 0.12 0.00 -0.0786 1.3774 -0.0571
0.06 0.60 0.12 0.00 -0.1011 1.3925 -0.0726
0.06 0.70 0.12 0.00 -0.1724 1.4153 -0.1218
0.06 0.80 0.12 0.00 -0.3119 1.3994 -0.2229
0.07 0.20 0.12 0.00 0.0267 1.5873 0.0168
0.07 0.30 0.12 0.00 -0.0293 1.5092 -0.0194
0.07 0.40 0.12 0.00 -0.0631 1.4759 -0.0427
0.07 0.50 0.12 0.00 -0.0841 1.4712 -0.0571
0.07 0.60 0.12 0.00 -0.1249 1.4901 -0.0838
0.07 0.70 0.12 0.00 -0.2293 1.4936 -0.1536
0.07 0.80 0.12 0.00 -0.3407 1.5263 -0.2232
0.08 0.20 0.12 0.00 0.0463 1.7312 0.0268
0.08 0.30 0.12 0.00 -0.0252 1.6274 -0.0155
0.08 0.40 0.12 0.00 -0.0611 1.5864 -0.0385
0.08 0.50 0.12 0.00 -0.0928 1.5821 -0.0587
0.08 0.60 0.12 0.00 -0.1618 1.5927 -0.1016
0.08 0.70 0.12 0.00 -0.2704 1.5778 -0.1714
0.08 0.80 0.12 0.00 -0.4191 1.6506 -0.2539
0.09 0.20 0.12 0.00 0.0711 1.8930 0.0375
0.09 0.30 0.12 0.00 -0.0153 1.7641 -0.0086
0.09 0.40 0.12 0.00 -0.0622 1.7123 -0.0364
0.09 0.50 0.12 0.00 -0.1198 1.6979 -0.0706
0.09 0.60 0.12 0.00 -0.2037 1.6928 -0.1203
0.09 0.70 0.12 0.00 -0.2825 1.7084 -0.1653
0.09 0.80 0.12 0.00 -0.5468 1.6807 -0.3253
0.01 0.20 0.14 0.00 -0.0023 1.3797 -0.0017
0.01 0.30 0.14 0.00 -0.0115 1.3787 -0.0083
0.01 0.40 0.14 0.00 -0.0165 1.3780 -0.0120
0.01 0.50 0.14 0.00 -0.0207 1.3776 -0.0150
0.01 0.60 0.14 0.00 -0.0259 1.3776 -0.0188
0.01 0.70 0.14 0.00 -0.0345 1.3775 -0.0250
0.01 0.80 0.14 0.00 -0.0541 1.3765 -0.0393
0.02 0.20 0.14 0.00 0.0057 1.4033 0.0040
0.02 0.30 0.14 0.00 -0.0115 1.3994 -0.0082
0.02 0.40 0.14 0.00 -0.0208 1.3973 -0.0149
0.02 0.50 0.14 0.00 -0.0289 1.3965 -0.0207
0.02 0.60 0.14 0.00 -0.0396 1.3960 -0.0284
0.02 0.70 0.14 0.00 -0.0597 1.3934 -0.0428
0.02 0.80 0.14 0.00 -0.0986 1.3907 -0.0709
0.03 0.20 0.14 0.00 0.0158 1.4438 0.0109
0.03 0.30 0.14 0.00 -0.0106 1.4347 -0.0074
0.03 0.40 0.14 0.00 -0.0257 1.4293 -0.0180
0.03 0.50 0.14 0.00 -0.0403 1.4255 -0.0283
0.03 0.60 0.14 0.00 -0.0565 1.4228 -0.0397
0.03 0.70 0.14 0.00 -0.0827 1.4252 -0.0580
0.03 0.80 0.14 0.00 -0.1303 1.4360 -0.0907
0.04 0.20 0.14 0.00 0.0261 1.4998 0.0174
0.04 0.30 0.14 0.00 -0.0118 1.4825 -0.0080
0.04 0.40 0.14 0.00 -0.0324 1.4714 -0.0220
0.04 0.50 0.14 0.00 -0.0496 1.4661 -0.0339
0.04 0.60 0.14 0.00 -0.0710 1.4680 -0.0484
0.04 0.70 0.14 0.00 -0.1018 1.4779 -0.0688
0.04 0.80 0.14 0.00 -0.1843 1.5005 -0.1228
0.05 0.20 0.14 0.00 0.0357 1.5711 0.0227
0.05 0.30 0.14 0.00 -0.0104 1.5431 -0.0067
0.05 0.40 0.14 0.00 -0.0370 1.5281 -0.0242
0.05 0.50 0.14 0.00 -0.0585 1.5243 -0.0384
0.05 0.60 0.14 0.00 -0.0820 1.5302 -0.0536
0.05 0.70 0.14 0.00 -0.1196 1.5542 -0.0770
0.05 0.80 0.14 0.00 -0.2568 1.5521 -0.1654
0.06 0.20 0.14 0.00 0.0483 1.6626 0.0290
0.06 0.30 0.14 0.00 -0.0082 1.6199 -0.0051
0.06 0.40 0.14 0.00 -0.0402 1.6017 -0.0251
0.06 0.50 0.14 0.00 -0.0648 1.5973 -0.0405
0.06 0.60 0.14 0.00 -0.0911 1.6113 -0.0565
0.06 0.70 0.14 0.00 -0.1639 1.6374 -0.1001
0.06 0.80 0.14 0.00 -0.3067 1.6186 -0.1895
0.07 0.20 0.14 0.00 0.0651 1.7727 0.0367
0.07 0.30 0.14 0.00 -0.0037 1.7134 -0.0022
0.07 0.40 0.14 0.00 -0.0411 1.6892 -0.0243
0.07 0.50 0.14 0.00 -0.0697 1.6855 -0.0414
0.07 0.60 0.14 0.00 -0.1087 1.7077 -0.0636
0.07 0.70 0.14 0.00 -0.2128 1.7155 -0.1240
0.07 0.80 0.14 0.00 -0.3341 1.7369 -0.1924
0.08 0.20 0.14 0.00 0.0804 1.9060 0.0422
0.08 0.30 0.14 0.00 0.0030 1.8245 0.0017
0.08 0.40 0.14 0.00 -0.0406 1.7908 -0.0227
0.08 0.50 0.14 0.00 -0.0756 1.7922 -0.0422
0.08 0.60 0.14 0.00 -0.1465 1.8083 -0.0810
0.08 0.70 0.14 0.00 -0.2581 1.7952 -0.1437
0.08 0.80 0.14 0.00 -0.4054 1.8581 -0.2182
0.09 0.20 0.14 0.00 0.1040 2.0593 0.0505
0.09 0.30 0.14 0.00 0.0122 1.9506 0.0062
0.09 0.40 0.14 0.00 -0.0383 1.9101 -0.0200
0.09 0.50 0.14 0.00 -0.0936 1.9076 -0.0491
0.09 0.60 0.14 0.00 -0.1817 1.9086 -0.0952
0.09 0.70 0.14 0.00 -0.2765 1.9148 -0.1444
0.09 0.80 0.14 0.00 -0.5272 1.9027 -0.2771
0.01 0.20 0.16 0.00 0.0068 1.6161 0.0042
0.01 0.30 0.16 0.00 -0.0031 1.6140 -0.0019
0.01 0.40 0.16 0.00 -0.0096 1.6138 -0.0060
0.01 0.50 0.16 0.00 -0.0150 1.6133 -0.0093
0.01 0.60 0.16 0.00 -0.0213 1.6130 -0.0132
0.01 0.70 0.16 0.00 -0.0308 1.6128 -0.0191
0.01 0.80 0.16 0.00 -0.0510 1.6119 -0.0317
0.02 0.20 0.16 0.00 0.0212 1.6362 0.0129
0.02 0.30 0.16 0.00 0.0002 1.6332 0.0001
0.02 0.40 0.16 0.00 -0.0119 1.6315 -0.0073
0.02 0.50 0.16 0.00 -0.0219 1.6308 -0.0134
0.02 0.60 0.16 0.00 -0.0342 1.6306 -0.0210
0.02 0.70 0.16 0.00 -0.0554 1.6292 -0.0340
0.02 0.80 0.16 0.00 -0.0975 1.6275 -0.0599
0.03 0.20 0.16 0.00 0.0374 1.6726 0.0223
0.03 0.30 0.16 0.00 0.0051 1.6662 0.0031
0.03 0.40 0.16 0.00 -0.0137 1.6620 -0.0083
0.03 0.50 0.16 0.00 -0.0302 1.6592 -0.0182
0.03 0.60 0.16 0.00 -0.0504 1.6589 -0.0304
0.03 0.70 0.16 0.00 -0.0803 1.6605 -0.0484
0.03 0.80 0.16 0.00 -0.1306 1.6667 -0.0784
0.04 0.20 0.16 0.00 0.0527 1.7235 0.0306
0.04 0.30 0.16 0.00 0.0090 1.7109 0.0053
0.04 0.40 0.16 0.00 -0.0178 1.7033 -0.0105
0.04 0.50 0.16 0.00 -0.0400 1.7006 -0.0235
0.04 0.60 0.16 0.00 -0.0645 1.7018 -0.0379
0.04 0.70 0.16 0.00 -0.0969 1.7096 -0.0567
0.04 0.80 0.16 0.00 -0.1801 1.7338 -0.1039
0.05 0.20 0.16 0.00 0.0671 1.7885 0.0375
0.05 0.30 0.16 0.00 0.0122 1.7693 0.0069
0.05 0.40 0.16 0.00 -0.0199 1.7585 -0.0113
0.05 0.50 0.16 0.00 -0.0468 1.7553 -0.0267
0.05 0.60 0.16 0.00 -0.0746 1.7599 -0.0424
0.05 0.70 0.16 0.00 -0.1160 1.7810 -0.0652
0.05 0.80 0.16 0.00 -0.2466 1.7851 -0.1381
0.06 0.20 0.16 0.00 0.0829 1.8705 0.0443
0.06 0.30 0.16 0.00 0.0177 1.8416 0.0096
0.06 0.40 0.16 0.00 -0.0213 1.8270 -0.0117
0.06 0.50 0.16 0.00 -0.0517 1.8236 -0.0284
0.06 0.60 0.16 0.00 -0.0825 1.8351 -0.0450
0.06 0.70 0.16 0.00 -0.1587 1.8657 -0.0851
0.06 0.80 0.16 0.00 -0.3039 1.8433 -0.1649
0.07 0.20 0.16 0.00 0.0994 1.9731 0.0504
0.07 0.30 0.16 0.00 0.0240 1.9290 0.0124
0.07 0.40 0.16 0.00 -0.0212 1.9087 -0.0111
0.07 0.50 0.16 0.00 -0.0535 1.9073 -0.0280
0.07 0.60 0.16 0.00 -0.0984 1.9287 -0.0510
0.07 0.70 0.16 0.00 -0.1980 1.9438 -0.1019
0.07 0.80 0.16 0.00 -0.3296 1.9538 -0.1687
0.08 0.20 0.16 0.00 0.1193 2.0946 0.0569
0.08 0.30 0.16 0.00 0.0312 2.0297 0.0154
0.08 0.40 0.16 0.00 -0.0165 2.0053 -0.0082
0.08 0.50 0.16 0.00 -0.0587 2.0059 -0.0293
0.08 0.60 0.16 0.00 -0.1345 2.0289 -0.0663
0.08 0.70 0.16 0.00 -0.2426 2.0204 -0.1201
0.08 0.80 0.16 0.00 -0.4012 2.0760 -0.1933
0.09 0.20 0.16 0.00 0.1417 2.2332 0.0634
0.09 0.30 0.16 0.00 0.0451 2.1456 0.0210
0.09 0.40 0.16 0.00 -0.0152 2.1164 -0.0072
0.09 0.50 0.16 0.00 -0.0748 2.1214 -0.0353
0.09 0.60 0.16 0.00 -0.1602 2.1289 -0.0752
0.09 0.70 0.16 0.00 -0.2676 2.1292 -0.1257
0.09 0.80 0.16 0.00 -0.5035 2.1274 -0.2367
0.01 0.20 0.18 0.00 0.0216 1.8622 0.0116
0.01 0.30 0.18 0.00 0.0086 1.8619 0.0046
0.01 0.40 0.18 0.00 0.0003 1.8613 0.0001
0.01 0.50 0.18 0.00 -0.0075 1.8604 -0.0040
0.01 0.60 0.18 0.00 -0.0168 1.8587 -0.0090
0.01 0.70 0.18 0.00 -0.0270 1.8573 -0.0145
0.01 0.80 0.18 0.00 -0.0478 1.8561 -0.0258
0.02 0.20 0.18 0.00 0.0370 1.8773 0.0197
0.02 0.30 0.18 0.00 0.0128 1.8753 0.0068
0.02 0.40 0.18 0.00 -0.0023 1.8742 -0.0012
0.02 0.50 0.18 0.00 -0.0145 1.8737 -0.0077
0.02 0.60 0.18 0.00 -0.0283 1.8742 -0.0151
0.02 0.70 0.18 0.00 -0.0507 1.8752 -0.0270
0.02 0.80 0.18 0.00 -0.0957 1.8740 -0.0511
0.03 0.20 0.18 0.00 0.0578 1.9079 0.0303
0.03 0.30 0.18 0.00 0.0216 1.9045 0.0113
0.03 0.40 0.18 0.00 -0.0015 1.9026 -0.0008
0.03 0.50 0.18 0.00 -0.0206 1.9023 -0.0109
0.03 0.60 0.18 0.00 -0.0429 1.9041 -0.0225
0.03 0.70 0.18 0.00 -0.0758 1.9052 -0.0398
0.03 0.80 0.18 0.00 -0.1285 1.9079 -0.0674
0.04 0.20 0.18 0.00 0.0791 1.9538 0.0405
0.04 0.30 0.18 0.00 0.0284 1.9469 0.0146
0.04 0.40 0.18 0.00 -0.0020 1.9434 -0.0010
0.04 0.50 0.18 0.00 -0.0283 1.9429 -0.0146
0.04 0.60 0.18 0.00 -0.0574 1.9439 -0.0295
0.04 0.70 0.18 0.00 -0.0940 1.9490 -0.0483
0.04 0.80 0.18 0.00 -0.1768 1.9712 -0.0897
0.05 0.20 0.18 0.00 0.0997 2.0147 0.0495
0.05 0.30 0.18 0.00 0.0356 2.0026 0.0178
0.05 0.40 0.18 0.00 -0.0038 1.9954 -0.0019
0.05 0.50 0.18 0.00 -0.0351 1.9935 -0.0176
0.05 0.60 0.18 0.00 -0.0674 1.9967 -0.0338
0.05 0.70 0.18 0.00 -0.1120 2.0141 -0.0556
0.05 0.80 0.18 0.00 -0.2364 2.0257 -0.1167
0.06 0.20 0.18 0.00 0.1186 2.0910 0.0567
0.06 0.30 0.18 0.00 0.0422 2.0698 0.0204
0.06 0.40 0.18 0.00 -0.0036 2.0590 -0.0018
0.06 0.50 0.18 0.00 -0.0400 2.0561 -0.0195
0.06 0.60 0.18 0.00 -0.0736 2.0675 -0.0356
0.06 0.70 0.18 0.00 -0.1453 2.1000 -0.0692
0.06 0.80 0.18 0.00 -0.3005 2.0753 -0.1448
0.07 0.20 0.18 0.00 0.1382 2.1812 0.0633
0.07 0.30 0.18 0.00 0.0518 2.1505 0.0241
0.07 0.40 0.18 0.00 -0.0011 2.1350 -0.0005
0.07 0.50 0.18 0.00 -0.0391 2.1350 -0.0183
0.07 0.60 0.18 0.00 -0.0916 2.1544 -0.0425
0.07 0.70 0.18 0.00 -0.1839 2.1778 -0.0844
0.07 0.80 0.18 0.00 -0.3248 2.1782 -0.1491
0.08 0.20 0.18 0.00 0.1595 2.2917 0.0696
0.08 0.30 0.18 0.00 0.0630 2.2449 0.0281
0.08 0.40 0.18 0.00 0.0042 2.2248 0.0019
0.08 0.50 0.18 0.00 -0.0445 2.2282 -0.0200
0.08 0.60 0.18 0.00 -0.1153 2.2562 -0.0511
0.08 0.70 0.18 0.00 -0.2292 2.2535 -0.1017
0.08 0.80 0.18 0.00 -0.3817 2.3005 -0.1659
0.09 0.20 0.18 0.00 0.1818 2.4224 0.0750
0.09 0.30 0.18 0.00 0.0750 2.3528 0.0319
0.09 0.40 0.18 0.00 0.0095 2.3304 0.0041
0.09 0.50 0.18 0.00 -0.0579 2.3363 -0.0248
0.09 0.60 0.18 0.00 -0.1399 2.3543 -0.0594
0.09 0.70 0.18 0.00 -0.2599 2.3498 -0.1106
0.09 0.80 0.18 0.00 -0.4836 2.3660 -0.2044
0.01 0.20 0.20 0.00 0.0290 2.1105 0.0137
0.01 0.30 0.20 0.00 0.0148 2.1106 0.0070
0.01 0.40 0.20 0.00 0.0063 2.1106 0.0030
0.01 0.50 0.20 0.00 -0.0002 2.1108 -0.0001
0.01 0.60 0.20 0.00 -0.0080 2.1109 -0.0038
0.01 0.70 0.20 0.00 -0.0204 2.1086 -0.0097
0.01 0.80 0.20 0.00 -0.0440 2.1062 -0.0209
0.02 0.20 0.20 0.00 0.0573 2.1267 0.0270
0.02 0.30 0.20 0.00 0.0284 2.1254 0.0134
0.02 0.40 0.20 0.00 0.0087 2.1242 0.0041
0.02 0.50 0.20 0.00 -0.0068 2.1224 -0.0032
0.02 0.60 0.20 0.00 -0.0220 2.1237 -0.0104
0.02 0.70 0.20 0.00 -0.0449 2.1258 -0.0211
0.02 0.80 0.20 0.00 -0.0928 2.1252 -0.0437
0.03 0.20 0.20 0.00 0.0799 2.1503 0.0372
0.03 0.30 0.20 0.00 0.0383 2.1496 0.0178
0.03 0.40 0.20 0.00 0.0117 2.1500 0.0054
0.03 0.50 0.20 0.00 -0.0100 2.1512 -0.0047
0.03 0.60 0.20 0.00 -0.0348 2.1536 -0.0162
0.03 0.70 0.20 0.00 -0.0725 2.1553 -0.0336
0.03 0.80 0.20 0.00 -0.1302 2.1542 -0.0604
0.04 0.20 0.20 0.00 0.1069 2.1914 0.0488
0.04 0.30 0.20 0.00 0.0507 2.1895 0.0231
0.04 0.40 0.20 0.00 0.0147 2.1891 0.0067
0.04 0.50 0.20 0.00 -0.0158 2.1903 -0.0072
0.04 0.60 0.20 0.00 -0.0504 2.1925 -0.0230
0.04 0.70 0.20 0.00 -0.0921 2.1952 -0.0420
0.04 0.80 0.20 0.00 -0.1736 2.2106 -0.0785
0.05 0.20 0.20 0.00 0.1318 2.2470 0.0587
0.05 0.30 0.20 0.00 0.0608 2.2413 0.0271
0.05 0.40 0.20 0.00 0.0160 2.2384 0.0072
0.05 0.50 0.20 0.00 -0.0226 2.2385 -0.0101
0.05 0.60 0.20 0.00 -0.0605 2.2415 -0.0270
0.05 0.70 0.20 0.00 -0.1117 2.2562 -0.0495
0.05 0.80 0.20 0.00 -0.2261 2.2721 -0.0995
0.06 0.20 0.20 0.00 0.1563 2.3166 0.0675
0.06 0.30 0.20 0.00 0.0708 2.3042 0.0307
0.06 0.40 0.20 0.00 0.0161 2.2978 0.0070
0.06 0.50 0.20 0.00 -0.0265 2.2969 -0.0116
0.06 0.60 0.20 0.00 -0.0663 2.3063 -0.0288
0.06 0.70 0.20 0.00 -0.1365 2.3337 -0.0585
0.06 0.80 0.20 0.00 -0.2925 2.3193 -0.1261
0.07 0.20 0.20 0.00 0.1773 2.4002 0.0739
0.07 0.30 0.20 0.00 0.0795 2.3787 0.0334
0.07 0.40 0.20 0.00 0.0189 2.3684 0.0080
0.07 0.50 0.20 0.00 -0.0268 2.3688 -0.0113
0.07 0.60 0.20 0.00 -0.0840 2.3889 -0.0352
0.07 0.70 0.20 0.00 -0.1679 2.4163 -0.0695
0.07 0.80 0.20 0.00 -0.3226 2.4090 -0.1339
0.08 0.20 0.20 0.00 0.2005 2.4993 0.0802
0.08 0.30 0.20 0.00 0.0917 2.4661 0.0372
0.08 0.40 0.20 0.00 0.0238 2.4509 0.0097
0.08 0.50 0.20 0.00 -0.0321 2.4575 -0.0131
0.08 0.60 0.20 0.00 -0.0970 2.4831 -0.0391
0.08 0.70 0.20 0.00 -0.2154 2.4938 -0.0864
0.08 0.80 0.20 0.00 -0.3727 2.5279 -0.1474
0.09 0.20 0.20 0.00 0.2257 2.6170 0.0863
0.09 0.30 0.20 0.00 0.1057 2.5657 0.0412
0.09 0.40 0.20 0.00 0.0309 2.5502 0.0121
0.09 0.50 0.20 0.00 -0.0403 2.5592 -0.0158
0.09 0.60 0.20 0.00 -0.1248 2.5859 -0.0483
0.09 0.70 0.20 0.00 -0.2527 2.5761 -0.0981
0.09 0.80 0.20 0.00 -0.4633 2.6150 -0.1772
0.01 0.20 0.22 0.00 0.0351 2.3611 0.0149
0.01 0.30 0.22 0.00 0.0192 2.3613 0.0082
0.01 0.40 0.22 0.00 0.0097 2.3615 0.0041
0.01 0.50 0.22 0.00 0.0024 2.3620 0.0010
0.01 0.60 0.22 0.00 -0.0053 2.3626 -0.0023
0.01 0.70 0.22 0.00 -0.0155 2.3638 -0.0065
0.01 0.80 0.22 0.00 -0.0407 2.3631 -0.0172
0.02 0.20 0.22 0.00 0.0696 2.3772 0.0293
0.02 0.30 0.22 0.00 0.0381 2.3783 0.0160
0.02 0.40 0.22 0.00 0.0192 2.3790 0.0081
0.02 0.50 0.22 0.00 0.0026 2.3798 0.0011
0.02 0.60 0.22 0.00 -0.0186 2.3789 -0.0078
0.02 0.70 0.22 0.00 -0.0426 2.3795 -0.0179
0.02 0.80 0.22 0.00 -0.0902 2.3792 -0.0379
0.03 0.20 0.22 0.00 0.1040 2.4039 0.0433
0.03 0.30 0.22 0.00 0.0534 2.4047 0.0222
0.03 0.40 0.22 0.00 0.0200 2.4034 0.0083
0.03 0.50 0.22 0.00 -0.0039 2.4039 -0.0016
0.03 0.60 0.22 0.00 -0.0303 2.4064 -0.0126
0.03 0.70 0.22 0.00 -0.0688 2.4085 -0.0285
0.03 0.80 0.22 0.00 -0.1326 2.4056 -0.0551
0.04 0.20 0.22 0.00 0.1321 2.4368 0.0542
0.04 0.30 0.22 0.00 0.0668 2.4391 0.0274
0.04 0.40 0.22 0.00 0.0258 2.4396 0.0106
0.04 0.50 0.22 0.00 -0.0078 2.4414 -0.0032
0.04 0.60 0.22 0.00 -0.0443 2.4443 -0.0181
0.04 0.70 0.22 0.00 -0.0907 2.4465 -0.0371
0.04 0.80 0.22 0.00 -0.1714 2.4576 -0.0697
0.05 0.20 0.22 0.00 0.1612 2.4855 0.0649
0.05 0.30 0.22 0.00 0.0818 2.4862 0.0329
0.05 0.40 0.22 0.00 0.0302 2.4866 0.0122
0.05 0.50 0.22 0.00 -0.0128 2.4883 -0.0052
0.05 0.60 0.22 0.00 -0.0556 2.4916 -0.0223
0.05 0.70 0.22 0.00 -0.1118 2.5023 -0.0447
0.05 0.80 0.22 0.00 -0.2211 2.5238 -0.0876
0.06 0.20 0.22 0.00 0.1895 2.5483 0.0744
0.06 0.30 0.22 0.00 0.0961 2.5437 0.0378
0.06 0.40 0.22 0.00 0.0334 2.5431 0.0131
0.06 0.50 0.22 0.00 -0.0156 2.5447 -0.0061
0.06 0.60 0.22 0.00 -0.0663 2.5508 -0.0260
0.06 0.70 0.22 0.00 -0.1327 2.5755 -0.0515
0.06 0.80 0.22 0.00 -0.2870 2.5688 -0.1117
0.07 0.20 0.22 0.00 0.2173 2.6250 0.0828
0.07 0.30 0.22 0.00 0.1082 2.6133 0.0414
0.07 0.40 0.22 0.00 0.0392 2.6093 0.0150
0.07 0.50 0.22 0.00 -0.0176 2.6107 -0.0067
0.07 0.60 0.22 0.00 -0.0769 2.6292 -0.0293
0.07 0.70 0.22 0.00 -0.1629 2.6630 -0.0612
0.07 0.80 0.22 0.00 -0.3237 2.6448 -0.1224
0.08 0.20 0.22 0.00 0.2422 2.7166 0.0892
0.08 0.30 0.22 0.00 0.1216 2.6944 0.0451
0.08 0.40 0.22 0.00 0.0447 2.6859 0.0167
0.08 0.50 0.22 0.00 -0.0212 2.6936 -0.0079
0.08 0.60 0.22 0.00 -0.0877 2.7189 -0.0323
0.08 0.70 0.22 0.00 -0.2045 2.7394 -0.0747
0.08 0.80 0.22 0.00 -0.3673 2.7608 -0.1331
0.09 0.20 0.22 0.00 0.2685 2.8238 0.0951
0.09 0.30 0.22 0.00 0.1356 2.7873 0.0486
0.09 0.40 0.22 0.00 0.0480 2.7766 0.0173
0.09 0.50 0.22 0.00 -0.0240 2.7890 -0.0086
0.09 0.60 0.22 0.00 -0.1074 2.8226 -0.0381
0.09 0.70 0.22 0.00 -0.2446 2.8122 -0.0870
0.09 0.80 0.22 0.00 -0.4426 2.8630 -0.1546
0.01 0.20 0.24 0.00 0.0391 2.6166 0.0149
0.01 0.30 0.24 0.00 0.0216 2.6169 0.0083
0.01 0.40 0.24 0.00 0.0108 2.6172 0.0041
0.01 0.50 0.24 0.00 0.0027 2.6177 0.0010
0.01 0.60 0.24 0.00 -0.0047 2.6203 -0.0018
0.01 0.70 0.24 0.00 -0.0156 2.6217 -0.0060
0.01 0.80 0.24 0.00 -0.0351 2.6239 -0.0134
0.02 0.20 0.24 0.00 0.0795 2.6333 0.0302
0.02 0.30 0.24 0.00 0.0449 2.6348 0.0171
0.02 0.40 0.24 0.00 0.0234 2.6359 0.0089
0.02 0.50 0.24 0.00 0.0068 2.6376 0.0026
0.02 0.60 0.24 0.00 -0.0106 2.6398 -0.0040
0.02 0.70 0.24 0.00 -0.0407 2.6377 -0.0154
0.02 0.80 0.24 0.00 -0.0877 2.6371 -0.0333
0.03 0.20 0.24 0.00 0.1188 2.6583 0.0447
0.03 0.30 0.24 0.00 0.0669 2.6612 0.0251
0.03 0.40 0.24 0.00 0.0332 2.6629 0.0125
0.03 0.50 0.24 0.00 0.0022 2.6625 0.0008
0.03 0.60 0.24 0.00 -0.0265 2.6628 -0.0099
0.03 0.70 0.24 0.00 -0.0653 2.6653 -0.0245
0.03 0.80 0.24 0.00 -0.1354 2.6629 -0.0509
0.04 0.20 0.24 0.00 0.1568 2.6925 0.0582
0.04 0.30 0.24 0.00 0.0826 2.6948 0.0306
0.04 0.40 0.24 0.00 0.0360 2.6939 0.0134
0.04 0.50 0.24 0.00 -0.0000 2.6959 -0.0000
0.04 0.60 0.24 0.00 -0.0388 2.6995 -0.0144
0.04 0.70 0.24 0.00 -0.0891 2.7023 -0.0330
0.04 0.80 0.24 0.00 -0.1710 2.7088 -0.0631
0.05 0.20 0.24 0.00 0.1889 2.7317 0.0692
0.05 0.30 0.24 0.00 0.0993 2.7362 0.0363
0.05 0.40 0.24 0.00 0.0430 2.7380 0.0157
0.05 0.50 0.24 0.00 -0.0037 2.7412 -0.0013
0.05 0.60 0.24 0.00 -0.0502 2.7454 -0.0183
0.05 0.70 0.24 0.00 -0.1131 2.7518 -0.0411
0.05 0.80 0.24 0.00 -0.2150 2.7762 -0.0774
0.06 0.20 0.24 0.00 0.2216 2.7869 0.0795
0.06 0.30 0.24 0.00 0.1175 2.7902 0.0421
0.06 0.40 0.24 0.00 0.0484 2.7924 0.0173
0.06 0.50 0.24 0.00 -0.0059 2.7956 -0.0021
0.06 0.60 0.24 0.00 -0.0653 2.8014 -0.0233
0.06 0.70 0.24 0.00 -0.1308 2.8219 -0.0463
0.06 0.80 0.24 0.00 -0.2810 2.8221 -0.0996
0.07 0.20 0.24 0.00 0.2533 2.8563 0.0887
0.07 0.30 0.24 0.00 0.1342 2.8545 0.0470
0.07 0.40 0.24 0.00 0.0550 2.8557 0.0193
0.07 0.50 0.24 0.00 -0.0121 2.8587 -0.0042
0.07 0.60 0.24 0.00 -0.0709 2.8732 -0.0247
0.07 0.70 0.24 0.00 -0.1527 2.9056 -0.0525
0.07 0.80 0.24 0.00 -0.3260 2.8854 -0.1130
0.08 0.20 0.24 0.00 0.2831 2.9409 0.0963
0.08 0.30 0.24 0.00 0.1513 2.9296 0.0516
0.08 0.40 0.24 0.00 0.0598 2.9278 0.0204
0.08 0.50 0.24 0.00 -0.0139 2.9341 -0.0047
0.08 0.60 0.24 0.00 -0.0819 2.9588 -0.0277
0.08 0.70 0.24 0.00 -0.1945 2.9870 -0.0651
0.08 0.80 0.24 0.00 -0.3642 2.9967 -0.1215
0.09 0.20 0.24 0.00 0.3112 3.0402 0.1024
0.09 0.30 0.24 0.00 0.1656 3.0161 0.0549
0.09 0.40 0.24 0.00 0.0629 3.0111 0.0209
0.09 0.50 0.24 0.00 -0.0114 3.0255 -0.0038
0.09 0.60 0.24 0.00 -0.0940 3.0576 -0.0307
0.09 0.70 0.24 0.00 -0.2370 3.0581 -0.0775
0.09 0.80 0.24 0.00 -0.4287 3.1016 -0.1382
0.01 0.20 0.26 0.00 0.0427 2.8795 0.0148
0.01 0.30 0.26 0.00 0.0242 2.8801 0.0084
0.01 0.40 0.26 0.00 0.0124 2.8806 0.0043
0.01 0.50 0.26 0.00 0.0033 2.8811 0.0012
0.01 0.60 0.26 0.00 -0.0056 2.8819 -0.0019
0.01 0.70 0.26 0.00 -0.0171 2.8831 -0.0059
0.01 0.80 0.26 0.00 -0.0367 2.8864 -0.0127
0.02 0.20 0.26 0.00 0.0862 2.8930 0.0298
0.02 0.30 0.26 0.00 0.0487 2.8948 0.0168
0.02 0.40 0.26 0.00 0.0250 2.8961 0.0086
0.02 0.50 0.26 0.00 0.0076 2.8995 0.0026
0.02 0.60 0.26 0.00 -0.0102 2.9018 -0.0035
0.02 0.70 0.26 0.00 -0.0350 2.9042 -0.0121
0.02 0.80 0.26 0.00 -0.0857 2.8999 -0.0296
0.03 0.20 0.26 0.00 0.1309 2.9171 0.0449
0.03 0.30 0.26 0.00 0.0742 2.9205 0.0254
0.03 0.40 0.26 0.00 0.0386 2.9230 0.0132
0.03 0.50 0.26 0.00 0.0109 2.9259 0.0037
0.03 0.60 0.26 0.00 -0.0239 2.9254 -0.0082
0.03 0.70 0.26 0.00 -0.0633 2.9269 -0.0216
0.03 0.80 0.26 0.00 -0.1372 2.9254 -0.0469
0.04 0.20 0.26 0.00 0.1747 2.9487 0.0593
0.04 0.30 0.26 0.00 0.0992 2.9541 0.0336
0.04 0.40 0.26 0.00 0.0475 2.9559 0.0161
0.04 0.50 0.26 0.00 0.0053 2.9553 0.0018
0.04 0.60 0.26 0.00 -0.0349 2.9594 -0.0118
0.04 0.70 0.26 0.00 -0.0918 2.9633 -0.0310
0.04 0.80 0.26 0.00 -0.1728 2.9652 -0.0583
0.05 0.20 0.26 0.00 0.2164 2.9888 0.0724
0.05 0.30 0.26 0.00 0.1161 2.9932 0.0388
0.05 0.40 0.26 0.00 0.0539 2.9943 0.0180
0.05 0.50 0.26 0.00 0.0037 2.9986 0.0012
0.05 0.60 0.26 0.00 -0.0493 3.0037 -0.0164
0.05 0.70 0.26 0.00 -0.1147 3.0080 -0.0381
0.05 0.80 0.26 0.00 -0.2120 3.0277 -0.0700
0.06 0.20 0.26 0.00 0.2528 3.0331 0.0833
0.06 0.30 0.26 0.00 0.1370 3.0416 0.0451
0.06 0.40 0.26 0.00 0.0618 3.0459 0.0203
0.06 0.50 0.26 0.00 0.0013 3.0505 0.0004
0.06 0.60 0.26 0.00 -0.0636 3.0565 -0.0208
0.06 0.70 0.26 0.00 -0.1302 3.0735 -0.0424
0.06 0.80 0.26 0.00 -0.2760 3.0802 -0.0896
0.07 0.20 0.26 0.00 0.2887 3.0955 0.0933
0.07 0.30 0.26 0.00 0.1567 3.1021 0.0505
0.07 0.40 0.26 0.00 0.0692 3.1065 0.0223
0.07 0.50 0.26 0.00 -0.0050 3.1116 -0.0016
0.07 0.60 0.26 0.00 -0.0702 3.1217 -0.0225
0.07 0.70 0.26 0.00 -0.1518 3.1537 -0.0481
0.07 0.80 0.26 0.00 -0.3338 3.1308 -0.1066
0.08 0.20 0.26 0.00 0.3215 3.1723 0.1013
0.08 0.30 0.26 0.00 0.1755 3.1721 0.0553
0.08 0.40 0.26 0.00 0.0727 3.1759 0.0229
0.08 0.50 0.26 0.00 -0.0061 3.1813 -0.0019
0.08 0.60 0.26 0.00 -0.0772 3.2047 -0.0241
0.08 0.70 0.26 0.00 -0.1841 3.2367 -0.0569
0.08 0.80 0.26 0.00 -0.3644 3.2371 -0.1126
0.09 0.20 0.26 0.00 0.3536 3.2636 0.1083
0.09 0.30 0.26 0.00 0.1918 3.2521 0.0590
0.09 0.40 0.26 0.00 0.0792 3.2538 0.0243
0.09 0.50 0.26 0.00 -0.0032 3.2665 -0.0010
0.09 0.60 0.26 0.00 -0.0881 3.2991 -0.0267
0.09 0.70 0.26 0.00 -0.2305 3.3092 -0.0697
0.09 0.80 0.26 0.00 -0.4187 3.3471 -0.1251
0.01 0.20 0.28 0.00 0.0479 3.1491 0.0152
0.01 0.30 0.28 0.00 0.0274 3.1497 0.0087
0.01 0.40 0.28 0.00 0.0137 3.1499 0.0044
0.01 0.50 0.28 0.00 0.0035 3.1500 0.0011
0.01 0.60 0.28 0.00 -0.0060 3.1505 -0.0019
0.01 0.70 0.28 0.00 -0.0179 3.1515 -0.0057
0.01 0.80 0.28 0.00 -0.0376 3.1541 -0.0119
0.02 0.20 0.28 0.00 0.0939 3.1604 0.0297
0.02 0.30 0.28 0.00 0.0538 3.1623 0.0170
0.02 0.40 0.28 0.00 0.0280 3.1637 0.0088
0.02 0.50 0.28 0.00 0.0082 3.1650 0.0026
0.02 0.60 0.28 0.00 -0.0101 3.1687 -0.0032
0.02 0.70 0.28 0.00 -0.0332 3.1717 -0.0105
0.02 0.80 0.28 0.00 -0.0841 3.1682 -0.0265
0.03 0.20 0.28 0.00 0.1417 3.1794 0.0446
0.03 0.30 0.28 0.00 0.0812 3.1839 0.0255
0.03 0.40 0.28 0.00 0.0432 3.1884 0.0135
0.03 0.50 0.28 0.00 0.0138 3.1916 0.0043
0.03 0.60 0.28 0.00 -0.0153 3.1955 -0.0048
0.03 0.70 0.28 0.00 -0.0612 3.1939 -0.0192
0.03 0.80 0.28 0.00 -0.1363 3.1928 -0.0427
0.04 0.20 0.28 0.00 0.1904 3.2090 0.0593
0.04 0.30 0.28 0.00 0.1094 3.2159 0.0340
0.04 0.40 0.28 0.00 0.0582 3.2210 0.0181
0.04 0.50 0.28 0.00 0.0141 3.2240 0.0044
0.04 0.60 0.28 0.00 -0.0314 3.2248 -0.0097
0.04 0.70 0.28 0.00 -0.0908 3.2293 -0.0281
0.04 0.80 0.28 0.00 -0.1758 3.2276 -0.0545
0.05 0.20 0.28 0.00 0.2387 3.2462 0.0735
0.05 0.30 0.28 0.00 0.1365 3.2553 0.0419
0.05 0.40 0.28 0.00 0.0654 3.2583 0.0201
0.05 0.50 0.28 0.00 0.0106 3.2615 0.0032
0.05 0.60 0.28 0.00 -0.0475 3.2682 -0.0145
0.05 0.70 0.28 0.00 -0.1156 3.2713 -0.0353
0.05 0.80 0.28 0.00 -0.2125 3.2869 -0.0646
0.06 0.20 0.28 0.00 0.2838 3.2920 0.0862
0.06 0.30 0.28 0.00 0.1550 3.2987 0.0470
0.06 0.40 0.28 0.00 0.0740 3.3042 0.0224
0.06 0.50 0.28 0.00 0.0048 3.3116 0.0015
0.06 0.60 0.28 0.00 -0.0590 3.3182 -0.0178
0.06 0.70 0.28 0.00 -0.1303 3.3315 -0.0391
0.06 0.80 0.28 0.00 -0.2695 3.3438 -0.0806
0.07 0.20 0.28 0.00 0.3226 3.3422 0.0965
0.07 0.30 0.28 0.00 0.1779 3.3542 0.0530
0.07 0.40 0.28 0.00 0.0792 3.3617 0.0236
0.07 0.50 0.28 0.00 0.0031 3.3689 0.0009
0.07 0.60 0.28 0.00 -0.0709 3.3774 -0.0210
0.07 0.70 0.28 0.00 -0.1519 3.4078 -0.0446
0.07 0.80 0.28 0.00 -0.3362 3.3844 -0.0994
0.08 0.20 0.28 0.00 0.3590 3.4113 0.1052
0.08 0.30 0.28 0.00 0.1962 3.4204 0.0574
0.08 0.40 0.28 0.00 0.0878 3.4273 0.0256
0.08 0.50 0.28 0.00 0.0009 3.4344 0.0003
0.08 0.60 0.28 0.00 -0.0737 3.4558 -0.0213
0.08 0.70 0.28 0.00 -0.1808 3.4947 -0.0517
0.08 0.80 0.28 0.00 -0.3651 3.4845 -0.1048
0.09 0.20 0.28 0.00 0.3908 3.4954 0.1118
0.09 0.30 0.28 0.00 0.2166 3.4956 0.0620
0.09 0.40 0.28 0.00 0.0965 3.5015 0.0276
0.09 0.50 0.28 0.00 0.0028 3.5123 0.0008
0.09 0.60 0.28 0.00 -0.0845 3.5455 -0.0238
0.09 0.70 0.28 0.00 -0.2232 3.5652 -0.0626
0.09 0.80 0.28 0.00 -0.4110 3.5959 -0.1143
0.01 0.20 0.30 0.00 0.0507 3.4234 0.0148
0.01 0.30 0.30 0.00 0.0294 3.4240 0.0086
0.01 0.40 0.30 0.00 0.0156 3.4243 0.0045
0.01 0.50 0.30 0.00 0.0048 3.4246 0.0014
0.01 0.60 0.30 0.00 -0.0051 3.4250 -0.0015
0.01 0.70 0.30 0.00 -0.0191 3.4250 -0.0056
0.01 0.80 0.30 0.00 -0.0392 3.4256 -0.0114
0.02 0.20 0.30 0.00 0.1023 3.4332 0.0298
0.02 0.30 0.30 0.00 0.0584 3.4351 0.0170
0.02 0.40 0.30 0.00 0.0302 3.4362 0.0088
0.02 0.50 0.30 0.00 0.0089 3.4375 0.0026
0.02 0.60 0.30 0.00 -0.0110 3.4392 -0.0032
0.02 0.70 0.30 0.00 -0.0341 3.4436 -0.0099
0.02 0.80 0.30 0.00 -0.0815 3.4440 -0.0237
0.03 0.20 0.30 0.00 0.1524 3.4493 0.0442
0.03 0.30 0.30 0.00 0.0883 3.4542 0.0256
0.03 0.40 0.30 0.00 0.0465 3.4572 0.0134
0.03 0.50 0.30 0.00 0.0155 3.4621 0.0045
0.03 0.60 0.30 0.00 -0.0141 3.4665 -0.0041
0.03 0.70 0.30 0.00 -0.0618 3.4677 -0.0178
0.03 0.80 0.30 0.00 -0.1351 3.4650 -0.0390
0.04 0.20 0.30 0.00 0.2046 3.4736 0.0589
0.04 0.30 0.30 0.00 0.1192 3.4833 0.0342
0.04 0.40 0.30 0.00 0.0639 3.4892 0.0183
0.04 0.50 0.30 0.00 0.0216 3.4949 0.0062
0.04 0.60 0.30 0.00 -0.0311 3.4955 -0.0089
0.04 0.70 0.30 0.00 -0.0897 3.4997 -0.0256
0.04 0.80 0.30 0.00 -0.1801 3.4957 -0.0515
0.05 0.20 0.30 0.00 0.2575 3.5086 0.0734
0.05 0.30 0.30 0.00 0.1495 3.5197 0.0425
0.05 0.40 0.30 0.00 0.0795 3.5280 0.0225
0.05 0.50 0.30 0.00 0.0134 3.5300 0.0038
0.05 0.60 0.30 0.00 -0.0447 3.5365 -0.0126
0.05 0.70 0.30 0.00 -0.1153 3.5402 -0.0326
0.05 0.80 0.30 0.00 -0.2140 3.5522 -0.0603
0.06 0.20 0.30 0.00 0.3086 3.5512 0.0869
0.06 0.30 0.30 0.00 0.1772 3.5643 0.0497
0.06 0.40 0.30 0.00 0.0819 3.5690 0.0229
0.06 0.50 0.30 0.00 0.0116 3.5772 0.0032
0.06 0.60 0.30 0.00 -0.0569 3.5848 -0.0159
0.06 0.70 0.30 0.00 -0.1333 3.5941 -0.0371
0.06 0.80 0.30 0.00 -0.2622 3.6103 -0.0726
0.07 0.20 0.30 0.00 0.3547 3.6022 0.0985
0.07 0.30 0.30 0.00 0.1939 3.6121 0.0537
0.07 0.40 0.30 0.00 0.0916 3.6225 0.0253
0.07 0.50 0.30 0.00 0.0106 3.6320 0.0029
0.07 0.60 0.30 0.00 -0.0686 3.6408 -0.0188
0.07 0.70 0.30 0.00 -0.1518 3.6675 -0.0414
0.07 0.80 0.30 0.00 -0.3353 3.6504 -0.0918
0.08 0.20 0.30 0.00 0.3915 3.6589 0.1070
0.08 0.30 0.30 0.00 0.2176 3.6734 0.0592
0.08 0.40 0.30 0.00 0.1018 3.6842 0.0276
0.08 0.50 0.30 0.00 0.0085 3.6942 0.0023
0.08 0.60 0.30 0.00 -0.0726 3.7123 -0.0195
0.08 0.70 0.30 0.00 -0.1747 3.7535 -0.0465
0.08 0.80 0.30 0.00 -0.3683 3.7371 -0.0985
0.09 0.20 0.30 0.00 0.4282 3.7349 0.1147
0.09 0.30 0.30 0.00 0.2407 3.7441 0.0643
0.09 0.40 0.30 0.00 0.1109 3.7540 0.0295
0.09 0.50 0.30 0.00 0.0089 3.7664 0.0024
0.09 0.60 0.30 0.00 -0.0808 3.7987 -0.0213
0.09 0.70 0.30 0.00 -0.2163 3.8255 -0.0565
0.09 0.80 0.30 0.00 -0.4086 3.8462 -0.1062
0.01 0.20 0.32 0.00 0.0530 3.7022 0.0143
0.01 0.30 0.32 0.00 0.0306 3.7027 0.0083
0.01 0.40 0.32 0.00 0.0156 3.7030 0.0042
0.01 0.50 0.32 0.00 0.0042 3.7032 0.0011
0.01 0.60 0.32 0.00 -0.0063 3.7034 -0.0017
0.01 0.70 0.32 0.00 -0.0186 3.7036 -0.0050
0.01 0.80 0.32 0.00 -0.0405 3.7033 -0.0109
0.02 0.20 0.32 0.00 0.1076 3.7105 0.0290
0.02 0.30 0.32 0.00 0.0627 3.7126 0.0169
0.02 0.40 0.32 0.00 0.0332 3.7140 0.0089
0.02 0.50 0.32 0.00 0.0095 3.7151 0.0026
0.02 0.60 0.32 0.00 -0.0120 3.7163 -0.0032
0.02 0.70 0.32 0.00 -0.0360 3.7203 -0.0097
0.02 0.80 0.32 0.00 -0.0815 3.7246 -0.0219
0.03 0.20 0.32 0.00 0.1633 3.7253 0.0438
0.03 0.30 0.32 0.00 0.0934 3.7298 0.0250
0.03 0.40 0.32 0.00 0.0493 3.7328 0.0132
0.03 0.50 0.32 0.00 0.0155 3.7361 0.0041
0.03 0.60 0.32 0.00 -0.0159 3.7419 -0.0043
0.03 0.70 0.32 0.00 -0.0594 3.7481 -0.0158
0.03 0.80 0.32 0.00 -0.1366 3.7414 -0.0365
0.04 0.20 0.32 0.00 0.2180 3.7462 0.0582
0.04 0.30 0.32 0.00 0.1268 3.7549 0.0338
0.04 0.40 0.32 0.00 0.0674 3.7624 0.0179
0.04 0.50 0.32 0.00 0.0210 3.7685 0.0056
0.04 0.60 0.32 0.00 -0.0272 3.7758 -0.0072
0.04 0.70 0.32 0.00 -0.0895 3.7747 -0.0237
0.04 0.80 0.32 0.00 -0.1821 3.7708 -0.0483
0.05 0.20 0.32 0.00 0.2735 3.7754 0.0725
0.05 0.30 0.32 0.00 0.1594 3.7901 0.0421
0.05 0.40 0.32 0.00 0.0821 3.7996 0.0216
0.05 0.50 0.32 0.00 0.0199 3.8076 0.0052
0.05 0.60 0.32 0.00 -0.0428 3.8094 -0.0112
0.05 0.70 0.32 0.00 -0.1168 3.8139 -0.0306
0.05 0.80 0.32 0.00 -0.2166 3.8222 -0.0567
0.06 0.20 0.32 0.00 0.3286 3.8156 0.0861
0.06 0.30 0.32 0.00 0.1882 3.8320 0.0491
0.06 0.40 0.32 0.00 0.0936 3.8434 0.0244
0.06 0.50 0.32 0.00 0.0165 3.8476 0.0043
0.06 0.60 0.32 0.00 -0.0559 3.8557 -0.0145
0.06 0.70 0.32 0.00 -0.1388 3.8632 -0.0359
0.06 0.80 0.32 0.00 -0.2618 3.8847 -0.0674
0.07 0.20 0.32 0.00 0.3785 3.8639 0.0979
0.07 0.30 0.32 0.00 0.2144 3.8801 0.0553
0.07 0.40 0.32 0.00 0.1024 3.8891 0.0263
0.07 0.50 0.32 0.00 0.0152 3.8998 0.0039
0.07 0.60 0.32 0.00 -0.0676 3.9096 -0.0173
0.07 0.70 0.32 0.00 -0.1541 3.9323 -0.0392
0.07 0.80 0.32 0.00 -0.3346 3.9213 -0.0853
0.08 0.20 0.32 0.00 0.4242 3.9198 0.1082
0.08 0.30 0.32 0.00 0.2372 3.9324 0.0603
0.08 0.40 0.32 0.00 0.1138 3.9466 0.0288
0.08 0.50 0.32 0.00 0.0146 3.9593 0.0037
0.08 0.60 0.32 0.00 -0.0765 3.9747 -0.0192
0.08 0.70 0.32 0.00 -0.1747 4.0110 -0.0436
0.08 0.80 0.32 0.00 -0.3743 3.9952 -0.0937
0.09 0.20 0.32 0.00 0.4658 3.9823 0.1170
0.09 0.30 0.32 0.00 0.2636 3.9977 0.0659
0.09 0.40 0.32 0.00 0.1242 4.0121 0.0310
0.09 0.50 0.32 0.00 0.0147 4.0273 0.0037
0.09 0.60 0.32 0.00 -0.0800 4.0571 -0.0197
0.09 0.70 0.32 0.00 -0.2096 4.0893 -0.0513
0.09 0.80 0.32 0.00 -0.4094 4.1012 -0.0998
0.01 0.20 0.34 0.00 0.0557 3.9854 0.0140
0.01 0.30 0.34 0.00 0.0322 3.9858 0.0081
0.01 0.40 0.34 0.00 0.0164 3.9860 0.0041
0.01 0.50 0.34 0.00 0.0043 3.9862 0.0011
0.01 0.60 0.34 0.00 -0.0069 3.9863 -0.0017
0.01 0.70 0.34 0.00 -0.0199 3.9865 -0.0050
0.01 0.80 0.34 0.00 -0.0397 3.9866 -0.0100
0.02 0.20 0.34 0.00 0.1127 3.9930 0.0282
0.02 0.30 0.34 0.00 0.0654 3.9950 0.0164
0.02 0.40 0.34 0.00 0.0340 3.9963 0.0085
0.02 0.50 0.34 0.00 0.0102 3.9974 0.0026
0.02 0.60 0.34 0.00 -0.0118 3.9987 -0.0029
0.02 0.70 0.34 0.00 -0.0398 4.0003 -0.0100
0.02 0.80 0.34 0.00 -0.0846 4.0056 -0.0211
0.03 0.20 0.34 0.00 0.1714 4.0059 0.0428
0.03 0.30 0.34 0.00 0.1000 4.0109 0.0249
0.03 0.40 0.34 0.00 0.0522 4.0143 0.0130
0.03 0.50 0.34 0.00 0.0143 4.0170 0.0036
0.03 0.60 0.34 0.00 -0.0219 4.0232 -0.0054
0.03 0.70 0.34 0.00 -0.0617 4.0285 -0.0153
0.03 0.80 0.34 0.00 -0.1371 4.0223 -0.0341
0.04 0.20 0.34 0.00 0.2304 4.0255 0.0572
0.04 0.30 0.34 0.00 0.1325 4.0334 0.0329
0.04 0.40 0.34 0.00 0.0673 4.0398 0.0167
0.04 0.50 0.34 0.00 0.0160 4.0484 0.0039
0.04 0.60 0.34 0.00 -0.0282 4.0552 -0.0070
0.04 0.70 0.34 0.00 -0.0919 4.0544 -0.0227
0.04 0.80 0.34 0.00 -0.1853 4.0513 -0.0457
0.05 0.20 0.34 0.00 0.2881 4.0510 0.0711
0.05 0.30 0.34 0.00 0.1638 4.0645 0.0403
0.05 0.40 0.34 0.00 0.0827 4.0763 0.0203
0.05 0.50 0.34 0.00 0.0221 4.0854 0.0054
0.05 0.60 0.34 0.00 -0.0436 4.0876 -0.0107
0.05 0.70 0.34 0.00 -0.1182 4.0923 -0.0289
0.05 0.80 0.34 0.00 -0.2203 4.0974 -0.0538
0.06 0.20 0.34 0.00 0.3431 4.0871 0.0839
0.06 0.30 0.34 0.00 0.1969 4.1049 0.0480
0.06 0.40 0.34 0.00 0.1011 4.1180 0.0246
0.06 0.50 0.34 0.00 0.0190 4.1242 0.0046
0.06 0.60 0.34 0.00 -0.0561 4.1314 -0.0136
0.06 0.70 0.34 0.00 -0.1430 4.1388 -0.0346
0.06 0.80 0.34 0.00 -0.2631 4.1593 -0.0633
0.07 0.20 0.34 0.00 0.3994 4.1304 0.0967
0.07 0.30 0.34 0.00 0.2313 4.1508 0.0557
0.07 0.40 0.34 0.00 0.1120 4.1630 0.0269
0.07 0.50 0.34 0.00 0.0188 4.1719 0.0045
0.07 0.60 0.34 0.00 -0.0680 4.1834 -0.0162
0.07 0.70 0.34 0.00 -0.1584 4.2023 -0.0377
0.07 0.80 0.34 0.00 -0.3342 4.1972 -0.0796
0.08 0.20 0.34 0.00 0.4547 4.1829 0.1087
0.08 0.30 0.34 0.00 0.2587 4.2005 0.0616
0.08 0.40 0.34 0.00 0.1232 4.2146 0.0292
0.08 0.50 0.34 0.00 0.0182 4.2291 0.0043
0.08 0.60 0.34 0.00 -0.0790 4.2440 -0.0186
0.08 0.70 0.34 0.00 -0.1791 4.2770 -0.0419
0.08 0.80 0.34 0.00 -0.3823 4.2594 -0.0897
0.09 0.20 0.34 0.00 0.5015 4.2432 0.1182
0.09 0.30 0.34 0.00 0.2832 4.2571 0.0665
0.09 0.40 0.34 0.00 0.1356 4.2767 0.0317
0.09 0.50 0.34 0.00 0.0189 4.2941 0.0044
0.09 0.60 0.34 0.00 -0.0824 4.3202 -0.0191
0.09 0.70 0.34 0.00 -0.2105 4.3599 -0.0483
0.09 0.80 0.34 0.00 -0.4125 4.3612 -0.0946
0.01 0.20 0.36 0.00 0.0595 4.2733 0.0139
0.01 0.30 0.36 0.00 0.0350 4.2739 0.0082
0.01 0.40 0.36 0.00 0.0182 4.2743 0.0043
0.01 0.50 0.36 0.00 0.0052 4.2746 0.0012
0.01 0.60 0.36 0.00 -0.0066 4.2748 -0.0015
0.01 0.70 0.36 0.00 -0.0202 4.2751 -0.0047
0.01 0.80 0.36 0.00 -0.0416 4.2752 -0.0097
0.02 0.20 0.36 0.00 0.1187 4.2802 0.0277
0.02 0.30 0.36 0.00 0.0695 4.2823 0.0162
0.02 0.40 0.36 0.00 0.0359 4.2838 0.0084
0.02 0.50 0.36 0.00 0.0101 4.2851 0.0024
0.02 0.60 0.36 0.00 -0.0137 4.2865 -0.0032
0.02 0.70 0.36 0.00 -0.0457 4.2893 -0.0107
0.02 0.80 0.36 0.00 -0.0865 4.2923 -0.0202
0.03 0.20 0.36 0.00 0.1788 4.2925 0.0417
0.03 0.30 0.36 0.00 0.1039 4.2969 0.0242
0.03 0.40 0.36 0.00 0.0535 4.3004 0.0124
0.03 0.50 0.36 0.00 0.0122 4.3043 0.0028
0.03 0.60 0.36 0.00 -0.0262 4.3078 -0.0061
0.03 0.70 0.36 0.00 -0.0641 4.3136 -0.0149
0.03 0.80 0.36 0.00 -0.1378 4.3087 -0.0320
0.04 0.20 0.36 0.00 0.2403 4.3097 0.0558
0.04 0.30 0.36 0.00 0.1369 4.3187 0.0317
0.04 0.40 0.36 0.00 0.0654 4.3253 0.0151
0.04 0.50 0.36 0.00 0.0147 4.3308 0.0034
0.04 0.60 0.36 0.00 -0.0303 4.3386 -0.0070
0.04 0.70 0.36 0.00 -0.0912 4.3409 -0.0210
0.04 0.80 0.36 0.00 -0.1874 4.3364 -0.0432
0.05 0.20 0.36 0.00 0.2983 4.3341 0.0688
0.05 0.30 0.36 0.00 0.1689 4.3465 0.0389
0.05 0.40 0.36 0.00 0.0845 4.3565 0.0194
0.05 0.50 0.36 0.00 0.0217 4.3666 0.0050
0.05 0.60 0.36 0.00 -0.0401 4.3741 -0.0092
0.05 0.70 0.36 0.00 -0.1189 4.3751 -0.0272
0.05 0.80 0.36 0.00 -0.2252 4.3776 -0.0515
0.06 0.20 0.36 0.00 0.3587 4.3637 0.0822
0.06 0.30 0.36 0.00 0.2058 4.3827 0.0470
0.06 0.40 0.36 0.00 0.1047 4.3965 0.0238
0.06 0.50 0.36 0.00 0.0256 4.4081 0.0058
0.06 0.60 0.36 0.00 -0.0562 4.4119 -0.0127
0.06 0.70 0.36 0.00 -0.1462 4.4197 -0.0331
0.06 0.80 0.36 0.00 -0.2667 4.4331 -0.0602
0.07 0.20 0.36 0.00 0.4200 4.4031 0.0954
0.07 0.30 0.36 0.00 0.2427 4.4245 0.0548
0.07 0.40 0.36 0.00 0.1227 4.4419 0.0276
0.07 0.50 0.36 0.00 0.0208 4.4498 0.0047
0.07 0.60 0.36 0.00 -0.0687 4.4623 -0.0154
0.07 0.70 0.36 0.00 -0.1653 4.4770 -0.0369
0.07 0.80 0.36 0.00 -0.3321 4.4786 -0.0742
0.08 0.20 0.36 0.00 0.4789 4.4508 0.1076
0.08 0.30 0.36 0.00 0.2778 4.4740 0.0621
0.08 0.40 0.36 0.00 0.1316 4.4875 0.0293
0.08 0.50 0.36 0.00 0.0223 4.5039 0.0049
0.08 0.60 0.36 0.00 -0.0809 4.5198 -0.0179
0.08 0.70 0.36 0.00 -0.1838 4.5491 -0.0404
0.08 0.80 0.36 0.00 -0.3915 4.5291 -0.0864
0.09 0.20 0.36 0.00 0.5338 4.5080 0.1184
0.09 0.30 0.36 0.00 0.3036 4.5254 0.0671
0.09 0.40 0.36 0.00 0.1460 4.5461 0.0321
0.09 0.50 0.36 0.00 0.0214 4.5657 0.0047
0.09 0.60 0.36 0.00 -0.0874 4.5890 -0.0190
0.09 0.70 0.36 0.00 -0.2107 4.6312 -0.0455
0.09 0.80 0.36 0.00 -0.4176 4.6267 -0.0903
0.01 0.20 0.38 0.00 0.0623 4.5663 0.0136
0.01 0.30 0.38 0.00 0.0369 4.5668 0.0081
0.01 0.40 0.38 0.00 0.0195 4.5672 0.0043
0.01 0.50 0.38 0.00 0.0061 4.5677 0.0013
0.01 0.60 0.38 0.00 -0.0062 4.5680 -0.0014
0.01 0.70 0.38 0.00 -0.0208 4.5683 -0.0045
0.01 0.80 0.38 0.00 -0.0462 4.5691 -0.0101
0.02 0.20 0.38 0.00 0.1247 4.5730 0.0273
0.02 0.30 0.38 0.00 0.0731 4.5752 0.0160
0.02 0.40 0.38 0.00 0.0372 4.5768 0.0081
0.02 0.50 0.38 0.00 0.0092 4.5781 0.0020
0.02 0.60 0.38 0.00 -0.0192 4.5802 -0.0042
0.02 0.70 0.38 0.00 -0.0477 4.5822 -0.0104
0.02 0.80 0.38 0.00 -0.0905 4.5824 -0.0198
0.03 0.20 0.38 0.00 0.1859 4.5839 0.0406
0.03 0.30 0.38 0.00 0.1063 4.5886 0.0232
0.03 0.40 0.38 0.00 0.0510 4.5931 0.0111
0.03 0.50 0.38 0.00 0.0092 4.5966 0.0020
0.03 0.60 0.38 0.00 -0.0275 4.5999 -0.0060
0.03 0.70 0.38 0.00 -0.0690 4.6041 -0.0150
0.03 0.80 0.38 0.00 -0.1363 4.6024 -0.0296
0.04 0.20 0.38 0.00 0.2451 4.6007 0.0533
0.04 0.30 0.38 0.00 0.1396 4.6087 0.0303
0.04 0.40 0.38 0.00 0.0691 4.6153 0.0150
0.04 0.50 0.38 0.00 0.0141 4.6205 0.0031
0.04 0.60 0.38 0.00 -0.0344 4.6277 -0.0074
0.04 0.70 0.38 0.00 -0.0885 4.6337 -0.0191
0.04 0.80 0.38 0.00 -0.1891 4.6270 -0.0409
0.05 0.20 0.38 0.00 0.3096 4.6219 0.0670
0.05 0.30 0.38 0.00 0.1768 4.6342 0.0381
0.05 0.40 0.38 0.00 0.0871 4.6432 0.0188
0.05 0.50 0.38 0.00 0.0198 4.6533 0.0042
0.05 0.60 0.38 0.00 -0.0403 4.6624 -0.0086
0.05 0.70 0.38 0.00 -0.1211 4.6637 -0.0260
0.05 0.80 0.38 0.00 -0.2322 4.6638 -0.0498
0.06 0.20 0.38 0.00 0.3743 4.6488 0.0805
0.06 0.30 0.38 0.00 0.2134 4.6649 0.0457
0.06 0.40 0.38 0.00 0.1064 4.6800 0.0227
0.06 0.50 0.38 0.00 0.0257 4.6923 0.0055
0.06 0.60 0.38 0.00 -0.0564 4.6981 -0.0120
0.06 0.70 0.38 0.00 -0.1493 4.7062 -0.0317
0.06 0.80 0.38 0.00 -0.2724 4.7159 -0.0578
0.07 0.20 0.38 0.00 0.4385 4.6816 0.0937
0.07 0.30 0.38 0.00 0.2515 4.7041 0.0535
0.07 0.40 0.38 0.00 0.1259 4.7226 0.0267
0.07 0.50 0.38 0.00 0.0246 4.7347 0.0052
0.07 0.60 0.38 0.00 -0.0698 4.7455 -0.0147
0.07 0.70 0.38 0.00 -0.1735 4.7578 -0.0365
0.07 0.80 0.38 0.00 -0.3298 4.7648 -0.0692
0.08 0.20 0.38 0.00 0.4999 4.7250 0.1058
0.08 0.30 0.38 0.00 0.2891 4.7494 0.0609
0.08 0.40 0.38 0.00 0.1429 4.7707 0.0299
0.08 0.50 0.38 0.00 0.0240 4.7839 0.0050
0.08 0.60 0.38 0.00 -0.0829 4.8007 -0.0173
0.08 0.70 0.38 0.00 -0.1901 4.8261 -0.0394
0.08 0.80 0.38 0.00 -0.3976 4.8068 -0.0827
0.09 0.20 0.38 0.00 0.5595 4.7777 0.1171
0.09 0.30 0.38 0.00 0.3254 4.8019 0.0678
0.09 0.40 0.38 0.00 0.1544 4.8210 0.0320
0.09 0.50 0.38 0.00 0.0235 4.8429 0.0048
0.09 0.60 0.38 0.00 -0.0934 4.8639 -0.0192
0.09 0.70 0.38 0.00 -0.2134 4.9016 -0.0435
0.09 0.80 0.38 0.00 -0.4236 4.8978 -0.0865
0.01 0.20 0.40 0.00 0.0640 4.8644 0.0132
0.01 0.30 0.40 0.00 0.0378 4.8650 0.0078
0.01 0.40 0.40 0.00 0.0194 4.8655 0.0040
0.01 0.50 0.40 0.00 0.0052 4.8660 0.0011
0.01 0.60 0.40 0.00 -0.0077 4.8665 -0.0016
0.01 0.70 0.40 0.00 -0.0241 4.8674 -0.0049
0.01 0.80 0.40 0.00 -0.0487 4.8686 -0.0100
0.02 0.20 0.40 0.00 0.1275 4.8708 0.0262
0.02 0.30 0.40 0.00 0.0742 4.8729 0.0152
0.02 0.40 0.40 0.00 0.0351 4.8750 0.0072
0.02 0.50 0.40 0.00 0.0047 4.8770 0.0010
0.02 0.60 0.40 0.00 -0.0219 4.8786 -0.0045
0.02 0.70 0.40 0.00 -0.0505 4.8800 -0.0103
0.02 0.80 0.40 0.00 -0.0946 4.8795 -0.0194
0.03 0.20 0.40 0.00 0.1889 4.8819 0.0387
0.03 0.30 0.40 0.00 0.1067 4.8866 0.0218
0.03 0.40 0.40 0.00 0.0505 4.8903 0.0103
0.03 0.50 0.40 0.00 0.0073 4.8934 0.0015
0.03 0.60 0.40 0.00 -0.0301 4.8963 -0.0061
0.03 0.70 0.40 0.00 -0.0743 4.8983 -0.0152
0.03 0.80 0.40 0.00 -0.1336 4.9014 -0.0273
0.04 0.20 0.40 0.00 0.2530 4.8965 0.0517
0.04 0.30 0.40 0.00 0.1439 4.9042 0.0293
0.04 0.40 0.40 0.00 0.0695 4.9106 0.0142
0.04 0.50 0.40 0.00 0.0126 4.9158 0.0026
0.04 0.60 0.40 0.00 -0.0399 4.9202 -0.0081
0.04 0.70 0.40 0.00 -0.0935 4.9276 -0.0190
0.04 0.80 0.40 0.00 -0.1913 4.9223 -0.0389
0.05 0.20 0.40 0.00 0.3199 4.9155 0.0651
0.05 0.30 0.40 0.00 0.1829 4.9266 0.0371
0.05 0.40 0.40 0.00 0.0889 4.9365 0.0180
0.05 0.50 0.40 0.00 0.0159 4.9442 0.0032
0.05 0.60 0.40 0.00 -0.0453 4.9546 -0.0091
0.05 0.70 0.40 0.00 -0.1251 4.9572 -0.0252
0.05 0.80 0.40 0.00 -0.2403 4.9556 -0.0485
0.06 0.20 0.40 0.00 0.3886 4.9395 0.0787
0.06 0.30 0.40 0.00 0.2202 4.9547 0.0444
0.06 0.40 0.40 0.00 0.1072 4.9680 0.0216
0.06 0.50 0.40 0.00 0.0231 4.9822 0.0046
0.06 0.60 0.40 0.00 -0.0566 4.9926 -0.0113
0.06 0.70 0.40 0.00 -0.1533 4.9980 -0.0307
0.06 0.80 0.40 0.00 -0.2783 5.0048 -0.0556
0.07 0.20 0.40 0.00 0.4540 4.9692 0.0914
0.07 0.30 0.40 0.00 0.2587 4.9887 0.0519
0.07 0.40 0.40 0.00 0.1283 5.0087 0.0256
0.07 0.50 0.40 0.00 0.0297 5.0258 0.0059
0.07 0.60 0.40 0.00 -0.0724 5.0347 -0.0144
0.07 0.70 0.40 0.00 -0.1805 5.0461 -0.0358
0.07 0.80 0.40 0.00 -0.3312 5.0564 -0.0655
0.08 0.20 0.40 0.00 0.5201 5.0059 0.1039
0.08 0.30 0.40 0.00 0.2993 5.0313 0.0595
0.08 0.40 0.40 0.00 0.1491 5.0553 0.0295
0.08 0.50 0.40 0.00 0.0246 5.0696 0.0049
0.08 0.60 0.40 0.00 -0.0856 5.0870 -0.0168
0.08 0.70 0.40 0.00 -0.1986 5.1092 -0.0389
0.08 0.80 0.40 0.00 -0.4019 5.0946 -0.0789
0.09 0.20 0.40 0.00 0.5828 5.0543 0.1153
0.09 0.30 0.40 0.00 0.3388 5.0799 0.0667
0.09 0.40 0.40 0.00 0.1618 5.1042 0.0317
0.09 0.50 0.40 0.00 0.0250 5.1248 0.0049
0.09 0.60 0.40 0.00 -0.0979 5.1462 -0.0190
0.09 0.70 0.40 0.00 -0.2214 5.1805 -0.0427
0.09 0.80 0.40 0.00 -0.4317 5.1747 -0.0834