0.00 0.20 0.12 0.00 0.0000 1.2051 0.0000
0.00 0.30 0.12 0.00 0.0000 1.2051 0.0000
0.00 0.40 0.12 0.00 0.0000 1.2051 0.0000
0.00 0.50 0.12 0.00 0.0000 1.2051 0.0000
0.00 0.60 0.12 0.00 0.0000 1.2051 0.0000
0.00 0.70 0.12 0.00 0.0000 1.2051 0.0000
0.00 0.80 0.12 0.00 0.0000 1.2051 0.0000
0.01 0.20 0.12 0.00 0.0103 1.2166 0.0085
0.01 0.30 0.12 0.00 0.0061 1.2158 0.0050
0.01 0.40 0.12 0.00 0.0051 1.2159 0.0042
0.01 0.50 0.12 0.00 0.0047 1.2172 0.0038
0.01 0.60 0.12 0.00 0.0033 1.2202 0.0027
0.01 0.70 0.12 0.00 -0.0019 1.2268 -0.0015
0.01 0.80 0.12 0.00 -0.0236 1.2421 -0.0190
0.02 0.20 0.12 0.00 0.0180 1.2518 0.0144
0.02 0.30 0.12 0.00 0.0083 1.2487 0.0066
0.02 0.40 0.12 0.00 0.0041 1.2500 0.0033
0.02 0.50 0.12 0.00 -0.0012 1.2558 -0.0009
0.02 0.60 0.12 0.00 -0.0156 1.2670 -0.0123
0.02 0.70 0.12 0.00 -0.0617 1.2719 -0.0485
0.02 0.80 0.12 0.00 -0.1089 1.2724 -0.0856
0.03 0.20 0.12 0.00 0.0212 1.3116 0.0162
0.03 0.30 0.12 0.00 0.0023 1.3042 0.0018
0.03 0.40 0.12 0.00 -0.0129 1.3054 -0.0099
0.03 0.50 0.12 0.00 -0.0396 1.3086 -0.0302
0.03 0.60 0.12 0.00 -0.0641 1.3016 -0.0492
0.03 0.70 0.12 0.00 -0.0972 1.3069 -0.0744
0.03 0.80 0.12 0.00 -0.1858 1.2988 -0.1431
0.04 0.20 0.12 0.00 0.0138 1.3929 0.0099
0.04 0.30 0.12 0.00 -0.0239 1.3739 -0.0174
0.04 0.40 0.12 0.00 -0.0485 1.3527 -0.0358
0.04 0.50 0.12 0.00 -0.0669 1.3546 -0.0494
0.04 0.60 0.12 0.00 -0.0901 1.3522 -0.0666
0.04 0.70 0.12 0.00 -0.1517 1.3484 -0.1125
0.04 0.80 0.12 0.00 -0.2609 1.3627 -0.1915
0.05 0.20 0.12 0.00 -0.0104 1.4806 -0.0070
0.05 0.30 0.12 0.00 -0.0422 1.4384 -0.0293
0.05 0.40 0.12 0.00 -0.0656 1.4241 -0.0460
0.05 0.50 0.12 0.00 -0.0853 1.4130 -0.0604
0.05 0.60 0.12 0.00 -0.1296 1.4080 -0.0920
0.05 0.70 0.12 0.00 -0.1985 1.4131 -0.1404
0.05 0.80 0.12 0.00 -0.3471 1.4072 -0.2467
0.06 0.20 0.12 0.00 -0.0089 1.5898 -0.0056
0.06 0.30 0.12 0.00 -0.0536 1.5301 -0.0350
0.06 0.40 0.12 0.00 -0.0787 1.4990 -0.0525
0.06 0.50 0.12 0.00 -0.1147 1.4825 -0.0774
0.06 0.60 0.12 0.00 -0.1645 1.4790 -0.1112
0.06 0.70 0.12 0.00 -0.2453 1.5045 -0.1630
0.06 0.80 0.12 0.00 -0.4194 1.4954 -0.2805
0.07 0.20 0.12 0.00 -0.0031 1.7193 -0.0018
0.07 0.30 0.12 0.00 -0.0596 1.6290 -0.0366
0.07 0.40 0.12 0.00 -0.0998 1.5866 -0.0629
0.07 0.50 0.12 0.00 -0.1441 1.5671 -0.0920
0.07 0.60 0.12 0.00 -0.2018 1.5776 -0.1279
0.07 0.70 0.12 0.00 -0.3082 1.5745 -0.1957
0.07 0.80 0.12 0.00 -0.5171 1.5625 -0.3309
0.08 0.20 0.12 0.00 0.0106 1.8579 0.0057
0.08 0.30 0.12 0.00 -0.0707 1.7442 -0.0405
0.08 0.40 0.12 0.00 -0.1226 1.6886 -0.0726
0.08 0.50 0.12 0.00 -0.1711 1.6700 -0.1025
0.08 0.60 0.12 0.00 -0.2375 1.6838 -0.1410
0.08 0.70 0.12 0.00 -0.3553 1.6734 -0.2123
0.08 0.80 0.12 0.00 -0.5798 1.6677 -0.3476
0.09 0.20 0.12 0.00 0.0277 2.0141 0.0137
0.09 0.30 0.12 0.00 -0.0832 1.8768 -0.0443
0.09 0.40 0.12 0.00 -0.1401 1.8059 -0.0776
0.09 0.50 0.12 0.00 -0.1974 1.7950 -0.1100
0.09 0.60 0.12 0.00 -0.2856 1.7784 -0.1606
0.09 0.70 0.12 0.00 -0.4120 1.8089 -0.2278
0.09 0.80 0.12 0.00 -0.6940 1.7485 -0.3969
