0.00 0.20 0.12 0.00 0.0000 1.3805 0.0000
0.00 0.30 0.12 0.00 0.0000 1.3805 0.0000
0.00 0.40 0.12 0.00 0.0000 1.3805 0.0000
0.00 0.50 0.12 0.00 0.0000 1.3805 0.0000
0.00 0.60 0.12 0.00 0.0000 1.3805 0.0000
0.00 0.70 0.12 0.00 0.0000 1.3805 0.0000
0.00 0.80 0.12 0.00 0.0000 1.3805 0.0000
0.01 0.20 0.12 0.00 -0.0024 1.3960 -0.0017
0.01 0.30 0.12 0.00 0.0056 1.3972 0.0040
0.01 0.40 0.12 0.00 0.0157 1.4002 0.0112
0.01 0.50 0.12 0.00 0.0279 1.4064 0.0199
0.01 0.60 0.12 0.00 0.0451 1.4178 0.0318
0.01 0.70 0.12 0.00 0.0786 1.4371 0.0547
0.01 0.80 0.12 0.00 0.0984 1.5063 0.0653
0.02 0.20 0.12 0.00 0.0380 1.4554 0.0261
0.02 0.30 0.12 0.00 0.0630 1.4554 0.0433
0.02 0.40 0.12 0.00 0.0821 1.4667 0.0560
0.02 0.50 0.12 0.00 0.1040 1.4950 0.0695
0.02 0.60 0.12 0.00 0.1208 1.5558 0.0776
0.02 0.70 0.12 0.00 0.0587 1.6973 0.0346
0.02 0.80 0.12 0.00 -0.0779 1.6110 -0.0483
0.03 0.20 0.12 0.00 0.0874 1.5580 0.0561
0.03 0.30 0.12 0.00 0.0948 1.5635 0.0607
0.03 0.40 0.12 0.00 0.1128 1.6048 0.0703
0.03 0.50 0.12 0.00 0.0977 1.6886 0.0578
0.03 0.60 0.12 0.00 -0.0250 1.6789 -0.0149
0.03 0.70 0.12 0.00 -0.0348 1.6195 -0.0215
0.03 0.80 0.12 0.00 -0.0820 1.6080 -0.0510
0.04 0.20 0.12 0.00 0.1005 1.7154 0.0586
0.04 0.30 0.12 0.00 0.0945 1.7465 0.0541
0.04 0.40 0.12 0.00 0.0122 1.7803 0.0068
0.04 0.50 0.12 0.00 -0.0271 1.7233 -0.0157
0.04 0.60 0.12 0.00 -0.0310 1.6630 -0.0187
0.04 0.70 0.12 0.00 -0.0324 1.6425 -0.0198
0.04 0.80 0.12 0.00 -0.2024 1.7526 -0.1155
0.05 0.20 0.12 0.00 0.0287 1.9290 0.0149
0.05 0.30 0.12 0.00 -0.0539 1.8503 -0.0291
0.05 0.40 0.12 0.00 -0.0401 1.7930 -0.0224
0.05 0.50 0.12 0.00 -0.0426 1.7251 -0.0247
0.05 0.60 0.12 0.00 -0.0371 1.7097 -0.0217
0.05 0.70 0.12 0.00 -0.1492 1.7620 -0.0847
0.05 0.80 0.12 0.00 -0.2940 1.7421 -0.1687
0.06 0.20 0.12 0.00 -0.0424 2.0212 -0.0210
0.06 0.30 0.12 0.00 -0.0300 1.8865 -0.0159
0.06 0.40 0.12 0.00 -0.0459 1.8243 -0.0252
0.06 0.50 0.12 0.00 -0.0287 1.7964 -0.0160
0.06 0.60 0.12 0.00 -0.0958 1.8148 -0.0528
0.06 0.70 0.12 0.00 -0.2098 1.9105 -0.1098
0.06 0.80 0.12 0.00 -0.3672 1.9158 -0.1917
0.07 0.20 0.12 0.00 -0.0312 2.1255 -0.0147
0.07 0.30 0.12 0.00 -0.0626 1.9644 -0.0319
0.07 0.40 0.12 0.00 -0.0373 1.9135 -0.0195
0.07 0.50 0.12 0.00 -0.0701 1.9037 -0.0368
0.07 0.60 0.12 0.00 -0.1705 1.9922 -0.0856
0.07 0.70 0.12 0.00 -0.2642 1.9242 -0.1373
0.07 0.80 0.12 0.00 -0.4805 1.9516 -0.2462
0.08 0.20 0.12 0.00 -0.1075 2.2008 -0.0488
0.08 0.30 0.12 0.00 -0.0718 2.0909 -0.0343
0.08 0.40 0.12 0.00 -0.0644 2.0272 -0.0318
0.08 0.50 0.12 0.00 -0.1216 2.0425 -0.0595
0.08 0.60 0.12 0.00 -0.1468 2.0761 -0.0707
0.08 0.70 0.12 0.00 -0.2806 2.0551 -0.1365
0.08 0.80 0.12 0.00 -0.4955 2.1118 -0.2347
0.09 0.20 0.12 0.00 -0.0029 2.4302 -0.0012
0.09 0.30 0.12 0.00 -0.0598 2.2429 -0.0267
0.09 0.40 0.12 0.00 -0.1274 2.1779 -0.0585
0.09 0.50 0.12 0.00 -0.1654 2.2296 -0.0742
0.09 0.60 0.12 0.00 -0.2464 2.1505 -0.1146
0.09 0.70 0.12 0.00 -0.3447 2.2683 -0.1520
0.09 0.80 0.12 0.00 -0.6568 2.1808 -0.3012
