0.02 0.40 0.12 -15.00 -4.1562 2.2943 -1.8115
0.02 0.40 0.12 -14.00 -3.8902 2.1618 -1.7995
0.02 0.40 0.12 -13.00 -3.6178 2.0161 -1.7944
0.02 0.40 0.12 -12.00 -3.3736 1.8929 -1.7823
0.02 0.40 0.12 -11.00 -3.1265 1.7863 -1.7503
0.02 0.40 0.12 -10.00 -2.8412 1.6685 -1.7028
0.02 0.40 0.12 -9.00 -2.5708 1.5711 -1.6362
0.02 0.40 0.12 -8.00 -2.3027 1.4918 -1.5436
0.02 0.40 0.12 -7.00 -2.0322 1.4228 -1.4283
0.02 0.40 0.12 -6.00 -1.7585 1.3602 -1.2929
0.02 0.40 0.12 -5.00 -1.4642 1.2998 -1.1265
0.02 0.40 0.12 -4.00 -1.1684 1.2509 -0.9340
0.02 0.40 0.12 -3.00 -0.8810 1.2122 -0.7268
0.02 0.40 0.12 -2.00 -0.5997 1.1864 -0.5055
0.02 0.40 0.12 -1.00 -0.3146 1.1732 -0.2682
0.02 0.40 0.12 0.00 -0.0307 1.1694 -0.0262
0.02 0.40 0.12 1.00 0.2623 1.1746 0.2233
0.02 0.40 0.12 2.00 0.5631 1.1880 0.4740
0.02 0.40 0.12 3.00 0.8492 1.2120 0.7007
0.02 0.40 0.12 4.00 1.1287 1.2421 0.9087
0.02 0.40 0.12 5.00 1.3997 1.2820 1.0918
0.02 0.40 0.12 6.00 1.6737 1.3420 1.2472
0.02 0.40 0.12 7.00 1.9684 1.4212 1.3850
0.02 0.40 0.12 8.00 2.2672 1.5082 1.5032
0.02 0.40 0.12 9.00 2.5330 1.5790 1.6041
0.02 0.40 0.12 10.00 2.8015 1.6551 1.6927
0.02 0.40 0.12 11.00 3.0637 1.7620 1.7388
0.02 0.40 0.12 12.00 3.3465 1.8924 1.7684
0.02 0.40 0.12 13.00 3.6247 2.0087 1.8045
0.02 0.40 0.12 14.00 3.8808 2.1285 1.8232
0.02 0.40 0.12 15.00 4.1287 2.2617 1.8255
