37381     1
37382     1
37383     1
37384     1
37385     1
37386     1
37387     1
37388     1
37389     1
37390     1
37391     1
37392     1
37393     1
37394     1
37395     1
37396     1
37397     1
37398     1
37399     1
37400     1
37401     1
37402     1
37403     1
37404     1
37405     1
37406     1
37407     1
37408     1
37409     1
37410     1
37411     1
37412     1
37413     1
37414     1
37415     1
37416     1
37417     1
37418     1
37419     1
37420     1
37421     1
37422     1
37423     1
37424     1
37425     1
37426     1
37427     1
37428     1
37429     1
37430     1
37431     1
37432     1
37433     1
37434     1
37435     1
37436     1
37437     1
37438     1
37439     1
37440     1
37441     1
37442     1
37443     1
37444     1
37445     1
37446     1
37447     1
37448     1
37449     1
37450     1
37451     1
37452     1
37453     1
37454     1
37455     1
37456     1
37457     1
37458     1
37459     1
37460     1
37461     1
37462     1
37463     1
37464     1
37465     1
37466     1
37467     1
37468     1
37469     1
37470     1
37471     1
37472     1
37473     1
37474     1
37475     1
37476     1
37477     1
37478     1
37479     1
37480     1
37481     1
37482     1
37483     1
37484     1
37485     1
37486     1
37487     1
37488     1
37489     1
37490     1
37491     1
37492     1
37493     1
37494     1
37495     1
37496     1
37497     1
37498     1
37499     1
37500     1
37501     1
37502     1
37503     1
37504     1
37505     1
37506     1
37507     1
37508     1
37509     1
37510     1
37511     1
37512     1
37513     1
37514     1
37515     1
37516     1
37517     1
37518     1
37519     1
37520     1
37521     1
37522     1
37523     1
37524     1
37525     1
37526     1
37527     1
37528     1
37529     1
37530     1
37531     1
37532     1
37533     1
37534     1
37535     1
37536     1
37537     1
37538     1
37539     1
37540     1
37541     1
37542     1
37543     1
37544     1
37545     1
37546     1
37547     1
37548     1
37549     1
37550     1
37551     1
37552     1
37553     1
37554     1
37555     1
37556     1
37557     1
37558     1
37559     1
37560     1
37561     1
37562     1
37563     1
37564     1
37565     1
37566     1
37567     1
37568     1
37569     1
37570     1
37571     1
37572     1
37573     1
37574     1
37575     1
37576     1
37577     1
37578     1
37579     1
37580     1
37581     1
37582     1
37583     1
37584     1
37585     1
37586     1
37587     1
37588     1
37589     1
37590     1
37591     1
37592     1
37593     1
37594     1
37595     1
37596     1
37597     1
37598     1
37599     1
37600     1
37601     1
37602     1
37603     1
37604     1
37605     1
37606     1
37607     1
37608     1
37609     1
37610     1
37611     1
37612     1
37613     1
37614     1
37615     1
37616     1
37617     1
37618     1
37619     1
37620     1
37621     1
37622     1
37623     1
37624     1
37625     1
37626     1
37627     1
37628     1
37629     1
37630     1
37631     1
37632     1
37633     1
37634     1
37635     1
37636     1
37637     1
37638     1
37639     1
37640     1
37641     1
37642     1
37643     1
37644     1
37645     1
37646     1
37647     1
37648     1
37649     1
37650     1
37651     1
37652     1
37653     1
37654     1
37655     1
37656     1
37657     1
37658     1
37659     1
37660     1
37661     1
37662     1
37663     1
37664     1
37665     1
37666     1
37667     1
37668     1
37669     1
37670     1
37671     1
37672     1
37673     1
37674     1
37675     1
37676     1
37677     1
37678     1
37679     1
37680     1
37681     1
37682     1
37683     1
37684     1
37685     1
37686     1
37687     1
37688     1
37689     1
37690     1
37691     1
37692     1
37693     1
37694     1
37695     1
37696     1
37697     1
37698     1
37699     1
37700     1
37701     1
37702     1
37703     1
37704     1
37705     1
37706     1
37707     1
37708     1
37709     1
37710     1
37711     1
37712     1
37713     1
37714     1
37715     1
37716     1
37717     1
37718     1
37719     1
37720     1
37721     1
37722     1
37723     1
37724     1
37725     1
37726     1
37727     1
37728     1
37729     1
37730     1
37731     1
37732     1
37733     1
37734     1
37735     1
37736     1
37737     1
37738     1
37739     1
37740     1
37741     1
37742     1
37743     1
37744     1
37745     1
37746     1
37747     1
37748     1
37749     1
37750     1
37751     1
37752     1
37753     1
37754     1
37755     1
37756     1
37757     1
37758     1
37759     1
37760     1
37761     1
37762     1
37763     1
37764     1
37765     1
37766     1
37767     1
37768     1
37769     1
37770     1
37771     1
37772     1
37773     1
37774     1
37775     1
37776     1
37777     1
37778     1
37779     1
37780     1
37781     1
37782     1
37783     1
37784     1
37785     1
37786     1
37787     1
37788     1
37789     1
37790     1
37791     1
37792     1
37793     1
37794     1
37795     1
37796     1
37797     1
37798     1
37799     1
37800     1
37801     1
37802     1
37803     1
37804     1
37805     1
37806     1
37807     1
37808     1
37809     1
37810     1
37811     1
37812     1
37813     1
37814     1
37815     1
37816     1
37817     1
37818     1
37819     1
37820     1
37821     1
37822     1
37823     1
37824     1
37825     1
37826     1
37827     1
37828     1
37829     1
37830     1
37831     1
37832     1
37833     1
37834     1
37835     1
37836     1
37837     1
37838     1
37839     1
37840     1
37841     1
37842     1
37843     1
37844     1
37845     1
37846     1
37847     1
37848     1
37849     1
37850     1
37851     1
37852     1
37853     1
37854     1
37855     1
37856     1
37857     1
37858     1
37859     1
37860     1
37861     1
37862     1
37863     1
37864     1
37865     1
37866     1
37867     1
37868     1
37869     1
37870     1
37871     1
37872     1
37873     1
37874     1
37875     1
37876     1
37877     1
37878     1
37879     1
37880     1
37881     1
37882     1
37883     1
37884     1
37885     1
37886     1
37887     1
37888     1
37889     1
37890     1
37891     1
37892     1
37893     1
37894     1
37895     1
37896     1
37897     1
37898     1
37899     1
37900     1
37901     1
37902     1
37903     1
37904     1
37905     1
37906     1
37907     1
37908     1
37909     1
37910     1
37911     1
37912     1
37913     1
37914     1
37915     1
37916     1
37917     1
37918     1
37919     1
37920     1
37921     1
37922     1
37923     1
37924     1
37925     1
37926     1
37927     1
37928     1
37929     1
37930     1
37931     1
37932     1
37933     1
37934     1
37935     1
37936     1
37937     1
37938     1
37939     1
37940     1
37941     1
37942     1
37943     1
37944     1
37945     1
37946     1
37947     1
37948     1
37949     1
37950     1
37951     1
37952     1
37953     1
37954     1
37955     1
37956     1
37957     1
37958     1
37959     1
37960     1
37961     1
37962     1
37963     1
37964     1
37965     1
37966     1
37967     1
37968     1
37969     1
37970     1
37971     1
37972     1
37973     1
37974     1
37975     1
37976     1
37977     1
37978     1
37979     1
37980     1
37980     1
37980     1
37981     1
37982     1
37982     1
37983     1
37984     1
37984     1
37984     1
37985     1
37985     1
37986     1
37986     1
37987     1
37987     1
37988     1
37989     1
37990     1
37991     1
37992     1
37993     1
37994     1
37995     1
37996     1
37997     1
37998     1
37998     1
37999     1
38000     1
38001     1
38001     1
38002     1
38003     1
38004     1
38005     1
38006     1
38007     1
38008     1
38009     1
38010     1
38011     1
38012     1
38013     1
38014     1
38015     1
38015     1
38016     1
38017     1
38018     1
38019     1
38019     1
38020     1
38021     1
38022     1
38023     1
38024     1
38025     1
38026     1
38027     1
38028     1
38029     1
38030     1
38030     1
38031     1
38032     1
38032     1
38033     1
38034     1
38035     1
38036     1
38037     1
38038     1
38039     1
38040     1
38040     1
38041     1
38041     1
38042     1
38043     1
38044     1
38045     1
38046     1
38047     1
38048     1
38049     1
38050     1
38050     1
38051     1
38051     1
38052     1
38053     1
38054     1
38055     1
38056     1
38057     1
38058     1
38059     1
38060     1
38060     1
38061     1
38062     1
38062     1
38063     1
38064     1
38065     1
38066     1
38067     1
38068     1
38069     1
38070     1
38070     1
38071     1
38072     1
38073     1
38073     1
38074     1
38075     1
38076     1
38077     1
38078     1
38079     1
38080     1
38080     1
38081     1
38082     1
38083     1
38083     1
38084     1
38085     1
38086     1
38087     1
38088     1
38089     1
38090     1
38090     1
38091     1
38092     1
38093     1
38093     1
38094     1
38095     1
38096     1
38097     1
38098     1
38099     1
38100     1
38101     1
38102     1
38103     1
38104     1
38104     1
38105     1
38106     1
38107     1
38107     1
38108     1
38109     1
38109     1
38110     1
38111     1
38112     1
38112     1
38113     1
38114     1
38115     1
38116     1
38117     1
38118     1
38119     1
38120     1
38121     1
38122     1
38122     1
38123     1
38124     1
38124     1
38125     1
38126     1
38127     1
38128     1
38128     1
38129     1
38130     1
38131     1
38132     1
38133     1
38134     1
38135     1
38136     1
38137     1
38138     1
38139     1
38139     1
38140     1
38141     1
38141     1
38142     1
38142     1
38143     1
38144     1
38145     1
38146     1
38147     1
38148     1
38149     1
38149     1
38150     1
38151     1
38152     1
38153     1
38154     1
38155     1
38156     1
38157     1
38158     1
38158     1
38159     1
38160     1
38160     1
38161     1
38162     1
38162     1
38163     1
38164     1
38165     1
38166     1
38167     1
38168     1
38169     1
38170     1
38171     1
38172     1
38173     1
38174     1
38174     1
38175     1
38175     1
38176     1
38177     1
38178     1
38179     1
38179     1
38180     1
38181     1
38181     1
38182     1
38183     1
38184     1
38185     1
38185     1
38186     1
38187     1
38188     1
38189     1
38190     1
38191     1
38191     1
38192     1
38193     1
38193     1
38194     1
38195     1
38196     1
38197     1
38198     1
38199     1
38200     1
38201     1
38201     1
38202     1
38203     1
38204     1
38204     1
38205     1
38206     1
38207     1
38208     1
38209     1
38210     1
38211     1
38211     1
38212     1
38213     1
38214     1
38215     1
38215     1
38216     1
38217     1
38218     1
38219     1
38220     1
38221     1
38221     1
38222     1
38223     1
38224     1
38225     1
38226     1
38226     1
38227     1
38228     1
38229     1
38230     1
38230     1
38231     1
38232     1
38233     1
38234     1
38235     1
38236     1
38236     1
38237     1
38238     1
38239     1
38239     1
38240     1
38241     1
38242     1
38243     1
38244     1
38245     1
38246     1
38246     1
38247     1
38248     1
38249     1
38250     1
38251     1
38252     1
38253     1
38253     1
38254     1
38254     1
38255     1
38256     1
38257     1
38258     1
38259     1
38260     1
38261     1
38262     1
38263     1
38264     1
38264     1
38265     1
38266     1
38267     1
38268     1
38269     1
38270     1
38271     1
38272     1
38273     1
38273     1
38273     1
38274     1
38275     1
38276     1
38276     1
38277     1
38277     1
38277     1
38278     1
38278     1
38279     1
38279     1
38280     1
38280     1
38281     1
38282     1
38283     1
38284     1
38285     1
38286     1
38287     1
38288     1
38289     1
38290     1
38291     1
38292     1
38293     1
38294     1
38295     1
38296     1
38297     1
38298     1
38299     1
38300     1
38301     1
38302     1
38303     1
38304     1
38305     1
38306     1
38307     1
38308     1
38309     1
38310     1
38311     1
38312     1
38313     1
38314     1
38315     1
38316     1
38317     1
38318     1
38319     1
38320     1
38321     1
38322     1
38323     1
38324     1
38325     1
38326     1
38327     1
38328     1
38329     1
38330     1
38331     1
38332     1
38333     1
38334     1
38335     1
38336     1
38337     1
38338     1
38339     1
38340     1
38341     1
38342     1
38343     1
38344     1
38345     1
38346     1
38347     1
38348     1
38349     1
38350     1
38351     1
38352     1
38353     1
38354     1
38355     1
38356     1
38357     1
38358     1
38359     1
38360     1
38361     1
38362     1
38363     1
38364     1
38365     1
38366     1
38367     1
38368     1
38369     1
38370     1
38371     1
38372     1
38373     1
38374     1
38375     1
38376     1
38377     1
38378     1
38379     1
38380     1
38381     1
38382     1
38383     1
38384     1
38385     1
38386     1
38387     1
38388     1
38389     1
38390     1
38391     1
38392     1
38393     1
38394     1
38395     1
38396     1
38397     1
38398     1
38399     1
38400     1
38401     1
38402     1
38403     1
38404     1
38405     1
38406     1
38407     1
38408     1
38409     1
38410     1
38411     1
38412     1
38413     1
38414     1
38415     1
38416     1
38417     1
38418     1
38419     1
38420     1
38421     1
38422     1
38423     1
38424     1
38425     1
38426     1
38427     1
38428     1
38429     1
38430     1
38431     1
38432     1
38433     1
38434     1
38435     1
38436     1
38437     1
38438     1
38439     1
38440     1
38441     1
38442     1
38443     1
38444     1
38445     1
38446     1
38447     1
38448     1
38449     1
38450     1
38451     1
38452     1
38453     1
38454     1
38455     1
38456     1
38457     1
38458     1
38459     1
38460     1
38461     1
38462     1
38463     1
38464     1
38465     1
38466     1
38467     1
38468     1
38469     1
38470     1
38471     1
38472     1
38473     1
38474     1
38475     1
38476     1
38477     1
38478     1
38479     1
38480     1
38481     1
38482     1
38483     1
38484     1
38485     1
38486     1
38487     1
38488     1
38489     1
38490     1
38491     1
38492     1
38493     1
38494     1
38495     1
38496     1
38497     1
38498     1
38499     1
38500     1
38501     1
38502     1
38503     1
38504     1
38505     1
38506     1
38507     1
38508     1
38509     1
38510     1
38511     1
38512     1
38513     1
38514     1
38515     1
38516     1
38517     1
38518     1
38519     1
38520     1
38521     1
38522     1
38523     1
38524     1
38525     1
38526     1
38527     1
38528     1
38529     1
38530     1
38531     1
38532     1
38533     1
38534     1
38535     1
38536     1
38537     1
38538     1
38539     1
38540     1
38541     1
38542     1
38543     1
38544     1
38545     1
38546     1
38547     1
38548     1
38549     1
38550     1
38551     1
38552     1
38553     1
38554     1
38555     1
38556     1
38557     1
38558     1
38559     1
38560     1
38561     1
38562     1
38563     1
38564     1
38565     1
38566     1
38567     1
38568     1
38569     1
38570     1
38571     1
38572     1
38573     1
38574     1
38575     1
38576     1
38577     1
38578     1
38579     1
38580     1
38581     1
38582     1
38583     1
38584     1
38585     1
38586     1
38587     1
38588     1
38589     1
38590     1
38591     1
38592     1
38593     1
38594     1
38595     1
38596     1
38597     1
38598     1
38599     1
38600     1
38601     1
38602     1
38603     1
38604     1
38605     1
38606     1
38607     1
38608     1
38609     1
38610     1
38611     1
38612     1
38613     1
38614     1
38615     1
38616     1
38617     1
38618     1
38619     1
38620     1
38621     1
38622     1
38623     1
38624     1
38625     1
38626     1
38627     1
38628     1
38629     1
38630     1
38631     1
38632     1
38633     1
38634     1
38635     1
38636     1
38637     1
38638     1
38639     1
38640     1
38641     1
38642     1
38643     1
38644     1
38645     1
38646     1
38647     1
38648     1
38649     1
38650     1
38651     1
38652     1
38653     1
38654     1
38655     1
38656     1
38657     1
38658     1
38659     1
38660     1
38661     1
38662     1
38663     1
38664     1
38665     1
38666     1
38667     1
38668     1
38669     1
38670     1
38671     1
38672     1
38673     1
38674     1
38675     1
38676     1
38677     1
38678     1
38679     1
38680     1
38681     1
38682     1
38683     1
38684     1
38685     1
38686     1
38687     1
38688     1
38689     1
38690     1
38691     1
38692     1
38693     1
38694     1
38695     1
38696     1
38697     1
38698     1
38699     1
38699     1
38700     1
38701     1
38702     1
38703     1
38704     1
38705     1
38706     1
38707     1
38708     1
38708     1
38709     1
38710     1
38711     1
38712     1
38713     1
38714     1
38715     1
38715     1
   
    1     2
    2     2
    3     2
    4     2
    5     2
    6     2
    7     2
    8     2
    9     2
   10     2
   11     2
   12     2
   13     2
   14     2
   15     2
   16     2
   17     2
   18     2
   19     2
   20     2
   21     2
   22     2
   23     2
   24     2
   25     2
   26     2
   27     2
   28     2
   29     2
   30     2
   31     2
   32     2
   33     2
   34     2
   35     2
   36     2
   37     2
   38     2
   39     2
   40     2
   41     2
   42     2
   43     2
   44     2
   45     2
   46     2
   47     2
   48     2
   49     2
   50     2
   51     2
   52     2
   53     2
   54     2
   55     2
   56     2
   57     2
   58     2
   59     2
   60     2
   61     2
   62     2
   63     2
   64     2
   65     2
   66     2
   67     2
   68     2
   69     2
   70     2
   71     2
   72     2
   73     2
   74     2
   75     2
   76     2
   77     2
   78     2
   79     2
   80     2
   81     2
   82     2
   83     2
   84     2
   85     2
   86     2
   87     2
   88     2
   89     2
   90     2
   91     2
   92     2
   93     2
   94     2
   95     2
   96     2
   97     2
   98     2
   99     2
  100     2
  101     2
  102     2
  103     2
  104     2
  105     2
  106     2
  107     2
  108     2
  109     2
  110     2
  111     2
  112     2
  113     2
  114     2
  115     2
  116     2
  117     2
  118     2
  119     2
  120     2
  121     2
  122     2
  123     2
  124     2
  125     2
  126     2
  127     2
  128     2
  129     2
  130     2
  131     2
  132     2
  133     2
  134     2
  135     2
  150     2
  161     2
  167     2
  169     2
  173     2
  174     2
  175     2
  178     2
  183     2
  187     2
  188     2
  192     2
  194     2
  195     2
  198     2
  199     2
  200     2
  203     2
  208     2
  209     2
  210     2
  211     2
  212     2
  219     2
  220     2
  221     2
  222     2
  224     2
  226     2
  231     2
  232     2
  235     2
  239     2
  242     2
  244     2
  251     2
  253     2
  254     2
  257     2
  262     2
  263     2
  264     2
  265     2
  268     2
  272     2
  274     2
  275     2
  276     2
  278     2
  279     2
  282     2
  286     2
  287     2
  289     2
  290     2
  291     2
  293     2
  295     2
  296     2
  301     2
  302     2
  305     2
  308     2
  309     2
  313     2
  315     2
  317     2
  322     2
  324     2
  327     2
  331     2
  333     2
  335     2
  337     2
  346     2
  347     2
  349     2
  350     2
  351     2
  352     2
  368     2
  370     2
  372     2
  374     2
  378     2
  385     2
  386     2
  387     2
  390     2
  393     2
  396     2
  401     2
  403     2
  410     2
  412     2
  414     2
  417     2
  421     2
  428     2
  430     2
  433     2
  435     2
  436     2
  438     2
  441     2
  443     2
  446     2
  448     2
  449     2
  450     2
  453     2
  454     2
  456     2
  458     2
  459     2
  460     2
  467     2
  468     2
  469     2
  470     2
  471     2
  473     2
  475     2
  478     2
  482     2
  483     2
  485     2
  486     2
  487     2
  491     2
  494     2
  495     2
  496     2
  498     2
  502     2
  503     2
  506     2
  507     2
  510     2
  514     2
  515     2
  516     2
  518     2
  519     2
  524     2
  528     2
  529     2
  531     2
  532     2
  533     2
  535     2
  536     2
  576     2
  578     2
  581     2
  594     2
  608     2
  609     2
  610     2
  614     2
  616     2
  619     2
  623     2
  628     2
  645     2
  653     2
  654     2
  657     2
  674     2
  676     2
  692     2
  694     2
  697     2
  698     2
  709     2
  711     2
  720     2
  726     2
  734     2
  737     2
  740     2
  746     2
  752     2
  764     2
  769     2
  773     2
  776     2
  781     2
  784     2
  786     2
  791     2
  800     2
  801     2
  813     2
  818     2
  820     2
  823     2
  830     2
  835     2
  837     2
  842     2
  852     2
  854     2
  857     2
  861     2
  862     2
  864     2
  876     2
  878     2
  880     2
  881     2
  885     2
  888     2
  896     2
  898     2
  903     2
  908     2
  909     2
  910     2
  911     2
  912     2
  920     2
  921     2
  926     2
  936     2
  937     2
  938     2
  940     2
  941     2
  942     2
  944     2
  945     2
  962     2
  963     2
  966     2
  968     2
  970     2
  971     2
  974     2
  976     2
  990     2
  991     2
  992     2
  994     2
  995     2
  997     2
 1000     2
 1002     2
 1016     2
 1017     2
 1018     2
 1020     2
 1024     2
 1031     2
 1036     2
 1037     2
 1038     2
 1043     2
 1046     2
 1049     2
 1050     2
 1057     2
 1064     2
 1067     2
 1069     2
 1073     2
 1075     2
 1076     2
 1083     2
 1085     2
 1092     2
 1093     2
 1095     2
 1097     2
 1098     2
 1102     2
 1110     2
 1111     2
 1117     2
 1120     2
 1122     2
 1124     2
 1127     2
 1182     2
 1186     2
 1212     2
 1216     2
 1217     2
 1223     2
 1252     2
 1253     2
 1277     2
 1283     2
 1290     2
 1293     2
 1311     2
 1313     2
 1331     2
 1337     2
 1347     2
 1352     2
 1369     2
 1370     2
 1383     2
 1388     2
 1406     2
 1408     2
 1410     2
 1426     2
 1428     2
 1436     2
 1442     2
 1443     2
 1448     2
 1451     2
 1453     2
 1460     2
 1461     2
 1462     2
 1463     2
 1464     2
 1472     2
 1482     2
 1487     2
 1488     2
 1491     2
 1493     2
 1494     2
 1498     2
 1501     2
 1506     2
 1509     2
 1512     2
 1515     2
 1519     2
 1522     2
 1528     2
 1531     2
 1532     2
 1535     2
 1543     2
 1546     2
 1548     2
 1553     2
 1558     2
 1561     2
 1562     2
 1579     2
 1583     2
 1587     2
 1590     2
 1592     2
 1596     2
 1608     2
 1612     2
 1614     2
 1621     2
 1624     2
 1626     2
 1627     2
 1630     2
 1637     2
 1651     2
 1653     2
 1654     2
 1656     2
 1660     2
 1661     2
 1662     2
 1666     2
 1684     2
 1685     2
 1686     2
 1687     2
 1688     2
 1693     2
 1694     2
 1696     2
 1709     2
 1712     2
 1715     2
 1716     2
 1718     2
 1722     2
 1723     2
 1724     2
 1729     2
 1740     2
 1742     2
 1746     2
 1750     2
 1751     2
 1752     2
 1755     2
 1756     2
 1771     2
 1775     2
 1777     2
 1778     2
 1780     2
 1782     2
 1797     2
 1799     2
 1800     2
 1805     2
 1807     2
 1810     2
 1823     2
 1829     2
 1830     2
 1831     2
 1834     2
 1837     2
 1846     2
 1851     2
 1855     2
 1856     2
 1858     2
 1864     2
 1867     2
 1871     2
 1874     2
 1877     2
 1879     2
 1889     2
 1892     2
 1893     2
 1895     2
 1899     2
 1903     2
 1914     2
 1915     2
 1916     2
 1918     2
 1919     2
 1926     2
 1935     2
 1936     2
 1937     2
 1938     2
 1942     2
 1949     2
 1958     2
 1963     2
 1964     2
 1966     2
 1969     2
 1973     2
 1975     2
 1980     2
 1981     2
 1988     2
 1996     2
 1997     2
 1998     2
 1999     2
 2000     2
 2002     2
 2006     2
 2013     2
 2027     2
 2033     2
 2035     2
 2041     2
 2043     2
 2043     2
 2043     2
 2047     2
 2052     2
 2052     2
 2055     2
 2061     2
 2061     2
 2061     2
 2064     2
 2064     2
 2066     2
 2066     2
 2071     2
 2071     2
 2081     2
 2087     2
 2089     2
 2090     2
 2094     2
 2097     2
 2099     2
 2101     2
 2106     2
 2110     2
 2112     2
 2112     2
 2113     2
 2114     2
 2119     2
 2119     2
 2120     2
 2121     2
 2122     2
 2125     2
 2127     2
 2130     2
 2133     2
 2135     2
 2145     2
 2147     2
 2156     2
 2162     2
 2163     2
 2170     2
 2170     2
 2172     2
 2173     2
 2177     2
 2180     2
 2180     2
 2181     2
 2182     2
 2184     2
 2189     2
 2202     2
 2206     2
 2213     2
 2215     2
 2216     2
 2227     2
 2230     2
 2230     2
 2233     2
 2234     2
 2234     2
 2240     2
 2241     2
 2243     2
 2255     2
 2264     2
 2267     2
 2273     2
 2278     2
 2278     2
 2282     2
 2282     2
 2285     2
 2286     2
 2291     2
 2293     2
 2319     2
 2331     2
 2332     2
 2341     2
 2347     2
 2347     2
 2348     2
 2348     2
 2350     2
 2357     2
 2358     2
 2364     2
 2389     2
 2402     2
 2405     2
 2410     2
 2415     2
 2415     2
 2416     2
 2418     2
 2418     2
 2420     2
 2426     2
 2431     2
 2455     2
 2469     2
 2471     2
 2475     2
 2478     2
 2478     2
 2483     2
 2486     2
 2489     2
 2489     2
 2493     2
 2497     2
 2508     2
 2517     2
 2524     2
 2525     2
 2527     2
 2527     2
 2528     2
 2529     2
 2537     2
 2537     2
 2541     2
 2543     2
 2558     2
 2563     2
 2565     2
 2567     2
 2569     2
 2569     2
 2571     2
 2573     2
 2584     2
 2584     2
 2588     2
 2590     2
 2598     2
 2599     2
 2602     2
 2603     2
 2604     2
 2605     2
 2607     2
 2608     2
 2609     2
 2609     2
 2610     2
 2616     2
 2618     2
 2618     2
 2621     2
 2624     2
 2624     2
 2627     2
 2628     2
 2640     2
 2640     2
 2644     2
 2645     2
 2647     2
 2649     2
 2650     2
 2652     2
 2653     2
 2656     2
 2659     2
 2661     2
 2661     2
 2664     2
 2667     2
 2667     2
 2669     2
 2672     2
 2675     2
 2682     2
 2682     2
 2684     2
 2686     2
 2692     2
 2693     2
 2696     2
 2699     2
 2701     2
 2703     2
 2705     2
 2706     2
 2708     2
 2708     2
 2710     2
 2714     2
 2714     2
 2716     2
 2716     2
 2719     2
 2722     2
 2724     2
 2725     2
 2731     2
 2740     2
 2741     2
 2741     2
 2742     2
 2743     2
 2745     2
 2746     2
 2747     2
 2748     2
 2751     2
 2752     2
 2758     2
 2758     2
 2761     2
 2764     2
 2764     2
 2775     2
 2777     2
 2777     2
 2779     2
 2784     2
 2789     2
 2793     2
 2794     2
 2797     2
 2798     2
 2801     2
 2802     2
 2807     2
 2808     2
 2810     2
 2810     2
 2813     2
 2813     2
 2815     2
 2817     2
 2821     2
 2823     2
 2823     2
 2845     2
 2856     2
 2856     2
 2859     2
 2863     2
 2866     2
 2873     2
 2873     2
 2875     2
 2876     2
 2879     2
 2886     2
 2926     2
 2935     2
 2935     2
 2940     2
 2944     2
 2944     2
 2945     2
 2948     2
 2949     2
 2952     2
 2959     2
 2975     2
 2995     2
 3019     2
 3019     2
 3023     2
 3027     2
 3030     2
 3030     2
 3033     2
 3037     2
 3038     2
 3043     2
 3048     2
 3059     2
 3073     2
 3073     2
 3074     2
 3076     2
 3089     2
 3090     2
 3090     2
 3095     2
 3097     2
 3101     2
 3103     2
 3108     2
 3116     2
 3116     2
 3117     2
 3119     2
 3129     2
 3145     2
 3149     2
 3149     2
 3151     2
 3152     2
 3156     2
 3158     2
 3158     2
 3159     2
 3160     2
 3163     2
 3174     2
 3183     2
 3191     2
 3191     2
 3192     2
 3194     2
 3204     2
 3204     2
 3206     2
 3208     2
 3210     2
 3213     2
 3214     2
 3225     2
 3230     2
 3230     2
 3231     2
 3234     2
 3239     2
 3243     2
 3259     2
 3262     2
 3267     2
 3267     2
 3268     2
 3268     2
 3269     2
 3271     2
 3272     2
 3274     2
 3276     2
 3277     2
 3283     2
 3285     2
 3289     2
 3293     2
 3293     2
 3294     2
 3296     2
 3298     2
 3301     2
 3317     2
 3325     2
 3327     2
 3328     2
 3330     2
 3330     2
 3330     2
 3331     2
 3332     2
 3333     2
 3333     2
 3334     2
 3334     2
 3334     2
 3335     2
 3335     2
 3336     2
 3336     2
 3339     2
 3339     2
 3363     2
 3371     2
 3373     2
 3377     2
 3385     2
 3392     2
 3395     2
 3400     2
 3405     2
 3412     2
 3431     2
 3432     2
 3435     2
 3438     2
 3442     2
 3458     2
 3467     2
 3473     2
 3480     2
 3484     2
 3485     2
 3489     2
 3490     2
 3496     2
 3509     2
 3517     2
 3521     2
 3525     2
 3530     2
 3531     2
 3535     2
 3542     2
 3547     2
 3550     2
 3551     2
 3557     2
 3563     2
 3571     2
 3580     2
 3587     2
 3589     2
 3594     2
 3599     2
 3601     2
 3604     2
 3619     2
 3625     2
 3626     2
 3631     2
 3642     2
 3646     2
 3648     2
 3660     2
 3666     2
 3674     2
 3682     2
 3690     2
 3691     2
 3697     2
 3703     2
 3720     2
 3724     2
 3725     2
 3728     2
 3743     2
 3750     2
 3752     2
 3760     2
 3765     2
 3803     2
 3845     2
 3855     2
 3861     2
 3865     2
 3879     2
 3914     2
 3939     2
 3940     2
 3941     2
 3952     2
 3980     2
 4006     2
 4012     2
 4016     2
 4021     2
 4026     2
 4067     2
 4071     2
 4082     2
 4085     2
 4088     2
 4102     2
 4137     2
 4148     2
 4154     2
 4161     2
 4166     2
 4180     2
 4200     2
 4213     2
 4225     2
 4231     2
 4240     2
 4246     2
 4259     2
 4270     2
 4287     2
 4293     2
 4296     2
 4304     2
 4315     2
 4329     2
 4343     2
 4353     2
 4363     2
 4373     2
 4388     2
 4394     2
 4401     2
 4432     2
 4447     2
 4451     2
 4454     2
 4460     2
 4468     2
 4501     2
 4516     2
 4518     2
 4520     2
 4534     2
 4549     2
 4567     2
 4575     2
 4579     2
 4582     2
 4602     2
 4624     2
 4627     2
 4641     2
 4642     2
 4648     2
 4669     2
 4677     2
 4692     2
 4695     2
 4708     2
 4713     2
 4721     2
 4729     2
 4737     2
 4753     2
 4759     2
 4764     2
 4767     2
 4768     2
 4781     2
 4790     2
 4791     2
 4800     2
 4820     2
 4822     2
 4833     2
 4835     2
 4837     2
 4838     2
 4849     2
 4851     2
 4879     2
 4883     2
 4888     2
 4897     2
 4918     2
 4920     2
 4921     2
 4951     2
 4952     2
 4979     2
 4980     2
 4993     2
 4996     2
 5015     2
 5017     2
 5038     2
 5041     2
 5054     2
 5072     2
 5088     2
 5101     2
 5117     2
 5130     2
 5141     2
 5167     2
 5169     2
 5185     2
 5188     2
 5203     2
 5211     2
 5231     2
 5237     2
 5239     2
 5249     2
 5263     2
 5264     2
 5268     2
 5287     2
 5290     2
 5296     2
 5297     2
 5305     2
 5306     2
 5314     2
 5325     2
 5329     2
 5331     2
 5334     2
 5339     2
 5359     2
 5362     2
 5365     2
 5368     2
 5371     2
 5373     2
 5376     2
 5378     2
 5390     2
 5397     2
 5404     2
 5427     2
 5428     2
 5429     2
 5441     2
 5447     2
 5448     2
 5489     2
 5490     2
 5491     2
 5494     2
 5496     2
 5498     2
 5502     2
 5504     2
 5555     2
 5557     2
 5560     2
 5561     2
 5562     2
 5563     2
 5565     2
 5568     2
 5602     2
 5610     2
 5612     2
 5616     2
 5619     2
 5620     2
 5623     2
 5630     2
 5631     2
 5634     2
 5649     2
 5682     2
 5698     2
 5707     2
 5715     2
 5721     2
 5723     2
 5727     2
 5732     2
 5738     2
 5755     2
 5763     2
 5786     2
 5792     2
 5794     2
 5797     2
 5807     2
 5820     2
 5822     2
 5829     2
 5842     2
 5851     2
 5854     2
 5856     2
 5867     2
 5871     2
 5877     2
 5878     2
 5889     2
 5896     2
 5910     2
 5912     2
 5916     2
 5924     2
 5927     2
 5938     2
 5940     2
 5953     2
 5963     2
 5967     2
 5982     2
 5989     2
 5990     2
 5997     2
 6003     2
 6024     2
 6028     2
 6030     2
 6040     2
 6051     2
 6053     2
 6070     2
 6076     2
 6079     2
 6081     2
 6093     2
 6097     2
 6104     2
 6118     2
 6124     2
 6138     2
 6140     2
 6141     2
 6142     2
 6159     2
 6160     2
 6163     2
 6185     2
 6195     2
 6200     2
 6214     2
 6226     2
 6229     2
 6231     2
 6233     2
 6244     2
 6250     2
 6263     2
 6267     2
 6272     2
 6287     2
 6296     2
 6300     2
 6303     2
 6304     2
 6307     2
 6314     2
 6328     2
 6334     2
 6335     2
 6338     2
 6339     2
 6342     2
 6345     2
 6352     2
 6355     2
 6360     2
 6381     2
 6389     2
 6394     2
 6400     2
 6401     2
 6402     2
 6408     2
 6412     2
 6421     2
 6426     2
 6429     2
 6440     2
 6463     2
 6465     2
 6472     2
 6482     2
 6490     2
 6493     2
 6504     2
 6510     2
 6531     2
 6535     2
 6551     2
 6558     2
 6573     2
 6580     2
 6586     2
 6587     2
 6588     2
 6606     2
 6616     2
 6625     2
 6629     2
 6630     2
 6631     2
 6641     2
 6647     2
 6660     2
 6674     2
 6676     2
 6680     2
 6683     2
 6691     2
 6704     2
 6705     2
 6714     2
 6741     2
 6744     2
 6745     2
 6754     2
 6767     2
 6768     2
 6797     2
 6801     2
 6820     2
 6824     2
 6826     2
 6830     2
 6840     2
 6841     2
 6852     2
 6854     2
 6858     2
 6858     2
 6872     2
 6879     2
 6893     2
 6896     2
 6902     2
 6908     2
 6920     2
 6921     2
 6922     2
 6922     2
 6940     2
 6947     2
 6959     2
 6961     2
 6984     2
 6986     2
 6987     2
 6987     2
   
 2006     3
 2043     3
 2064     3
 2094     3
 2112     3
 2120     3
 2147     3
 2170     3
 2181     3
 2206     3
 2230     3
 2241     3
 2255     3
 2278     3
 2293     3
 2301     3
 2310     3
 2319     3
 2323     3
 2348     3
 2351     3
 2364     3
 2371     3
 2383     3
 2389     3
 2404     3
 2418     3
 2421     3
 2431     3
 2433     3
 2455     3
 2457     3
 2477     3
 2485     3
 2489     3
 2497     3
 2501     3
 2508     3
 2515     3
 2522     3
 2537     3
 2542     3
 2543     3
 2549     3
 2555     3
 2558     3
 2562     3
 2575     3
 2584     3
 2586     3
 2590     3
 2595     3
 2598     3
 2599     3
 2602     3
 2603     3
 2604     3
 2605     3
 2606     3
 2607     3
 2608     3
 2609     3
 2609     3
 2609     3
 2610     3
 2618     3
 2625     3
 2629     3
 2640     3
 2651     3
 2652     3
 2661     3
 2663     3
 2668     3
 2676     3
 2707     3
 2708     3
 2709     3
 2714     3
 2718     3
 2722     3
 2734     3
 2738     3
 2758     3
 2766     3
 2768     3
 2772     3
 2777     3
 2780     3
 2781     3
 2782     3
 2783     3
 2784     3
 2785     3
 2786     3
 2787     3
 2788     3
 2793     3
 2794     3
 2795     3
 2795     3
 2795     3
 2797     3
 2798     3
 2799     3
 2801     3
 2802     3
 2806     3
 2807     3
 2808     3
 2810     3
 2810     3
 2810     3
 2812     3
 2815     3
 2823     3
 2832     3
 2841     3
 2844     3
 2850     3
 2856     3
 2860     3
 2863     3
 2875     3
 2880     3
 2888     3
 2896     3
 2906     3
 2906     3
 2909     3
 2910     3
 2911     3
 2913     3
 2916     3
 2917     3
 2921     3
 2921     3
 2921     3
 2921     3
 2923     3
 2923     3
 2925     3
 2927     3
 2927     3
 2927     3
 2928     3
 2935     3
 2942     3
 2945     3
 2954     3
 2957     3
 2959     3
 2973     3
 2976     3
 2976     3
 2982     3
 2983     3
 2994     3
 3000     3
 3004     3
 3005     3
 3013     3
 3015     3
 3016     3
 3016     3
 3022     3
 3024     3
 3025     3
 3028     3
 3029     3
 3030     3
 3031     3
 3032     3
 3034     3
 3036     3
 3038     3
 3039     3
 3039     3
 3039     3
 3042     3
 3048     3
 3050     3
 3051     3
 3055     3
 3058     3
 3062     3
 3066     3
 3066     3
 3068     3
 3077     3
 3079     3
 3083     3
 3087     3
 3090     3
 3094     3
 3098     3
 3100     3
 3101     3
 3103     3
 3107     3
 3109     3
 3109     3
 3120     3
 3127     3
 3130     3
 3131     3
 3132     3
 3138     3
 3139     3
 3144     3
 3144     3
 3148     3
 3149     3
 3156     3
 3159     3
 3164     3
 3169     3
 3176     3
 3179     3
 3181     3
 3184     3
 3184     3
 3190     3
 3197     3
 3201     3
 3202     3
 3204     3
 3208     3
 3213     3
 3215     3
 3223     3
 3227     3
 3229     3
 3236     3
 3236     3
 3240     3
 3244     3
 3253     3
 3254     3
 3256     3
 3259     3
 3268     3
 3270     3
 3275     3
 3276     3
 3279     3
 3284     3
 3284     3
 3300     3
 3307     3
 3310     3
 3315     3
 3316     3
 3317     3
 3319     3
 3324     3
 3330     3
 3335     3
 3337     3
 3342     3
 3342     3
 3345     3
 3346     3
 3349     3
 3350     3
 3353     3
 3354     3
 3356     3
 3357     3
 3361     3
 3361     3
 3361     3
 3364     3
 3370     3
 3370     3
 3379     3
 3381     3
 3382     3
 3384     3
 3388     3
 3390     3
 3401     3
 3401     3
 3414     3
 3433     3
 3436     3
 3437     3
 3441     3
 3452     3
 3459     3
 3465     3
 3474     3
 3474     3
 3483     3
 3498     3
 3505     3
 3506     3
 3511     3
 3518     3
 3527     3
 3532     3
 3540     3
 3545     3
 3545     3
 3552     3
 3553     3
 3554     3
 3555     3
 3559     3
 3560     3
 3561     3
 3564     3
 3567     3
 3567     3
 3567     3
 3568     3
 3569     3
 3575     3
 3576     3
 3577     3
 3597     3
 3603     3
 3605     3
 3605     3
 3612     3
 3614     3
 3616     3
 3632     3
 3644     3
 3652     3
 3653     3
 3653     3
 3659     3
 3661     3
 3665     3
 3680     3
 3693     3
 3699     3
 3701     3
 3707     3
 3707     3
 3708     3
 3714     3
 3730     3
 3733     3
 3737     3
 3741     3
 3748     3
 3754     3
 3755     3
 3755     3
 3757     3
 3761     3
 3795     3
 3795     3
 3802     3
 3804     3
 3809     3
 3815     3
 3817     3
 3821     3
 3821     3
 3821     3
 3821     3
 3824     3
 3825     3
 3829     3
 3829     3
 3829     3
 3863     3
 3871     3
 3881     3
 3882     3
 3883     3
 3884     3
 3885     3
 3885     3
 3889     3
 3890     3
 3925     3
 3938     3
 3942     3
 3948     3
 3957     3
 3960     3
 3972     3
 3974     3
 3981     3
 3983     3
 3983     3
 3997     3
 4003     3
 4005     3
 4009     3
 4015     3
 4030     3
 4044     3
 4050     3
 4051     3
 4052     3
 4056     3
 4057     3
 4063     3
 4066     3
 4066     3
 4091     3
 4104     3
 4107     3
 4111     3
 4119     3
 4122     3
 4131     3
 4139     3
 4146     3
 4151     3
 4151     3
 4153     3
 4155     3
 4164     3
 4170     3
 4175     3
 4210     3
 4218     3
 4224     3
 4239     3
 4261     3
 4268     3
 4271     3
 4289     3
 4313     3
 4321     3
 4326     3
 4346     3
 4379     3
 4387     3
 4392     3
 4415     3
 4448     3
 4452     3
 4488     3
 4507     3
 4514     3
 4546     3
 4569     3
 4577     3
 4608     3
 4612     3
 4623     3
 4660     3
 4661     3
 4667     3
 4702     3
 4710     3
 4718     3
 4740     3
 4745     3
 4761     3
 4777     3
 4782     3
 4793     3
 4811     3
 4812     3
 4816     3
 4824     3
 4842     3
 4846     3
 4857     3
 4863     3
 4874     3
 4878     3
 4884     3
 4904     3
 4912     3
 4915     3
 4919     3
 4934     3
 4940     3
 4947     3
 4967     3
 4968     3
 4970     3
 4971     3
 5001     3
 5019     3
 5031     3
 5045     3
 5050     3
 5061     3
 5061     3
 5064     3
 5066     3
 5071     3
 5073     3
 5073     3
 5073     3
 5073     3
 5074     3
 5074     3
 5077     3
 5079     3
 5079     3
 5079     3
 5102     3
 5110     3
 5112     3
 5112     3
 5119     3
 5139     3
 5152     3
 5153     3
 5153     3
 5160     3
 5177     3
 5187     3
 5191     3
 5191     3
 5192     3
 5207     3
 5216     3
 5222     3
 5223     3
 5223     3
 5241     3
 5246     3
 5252     3
 5256     3
 5256     3
 5272     3
 5279     3
 5284     3
 5288     3
 5288     3
 5308     3
 5318     3
 5321     3
 5328     3
 5328     3
 5343     3
 5354     3
 5356     3
 5366     3
 5366     3
 5385     3
 5389     3
 5394     3
 5407     3
 5407     3
 5434     3
 5440     3
 5443     3
 5459     3
 5459     3
 5484     3
 5488     3
 5525     3
 5525     3
 5537     3
 5543     3
 5575     3
 5575     3
 5595     3
 5599     3
 5627     3
 5627     3
 5635     3
 5639     3
 5733     3
 5735     3
 5735     3
 5743     3
 5810     3
 5818     3
 5830     3
 5830     3
 5876     3
 5884     3
 5917     3
 5917     3
 5943     3
 5951     3
 6005     3
 6008     3
 6008     3
 6014     3
 6059     3
 6065     3
 6101     3
 6101     3
 6120     3
 6125     3
 6169     3
 6174     3
 6177     3
 6177     3
 6208     3
 6213     3
 6252     3
 6255     3
 6255     3
 6260     3
 6762     3
 6810     3
 6857     3
 6904     3
 6946     3
 6988     3
 7031     3
 7077     3
 7123     3
 7170     3
 7223     3
 7279     3
 7331     3
 7379     3
 7421     3
 7468     3
 7512     3
 7555     3
 7594     3
 7634     3
 7680     3
 8366     3
 8366     3
 8401     3
 8401     3
 8436     3
 8436     3
 8471     3
 8471     3
 8504     3
 8504     3
 8533     3
 8533     3
 8565     3
 8565     3
 8598     3
 8598     3
 8629     3
 8629     3
 8662     3
 8662     3
 8709     3
 8709     3
 8762     3
 8762     3
 8808     3
 8808     3
 8855     3
 8855     3
 8888     3
 8888     3
 8924     3
 8924     3
 8956     3
 8956     3
 8990     3
 8990     3
 9027     3
 9027     3
 9064     3
 9064     3
 9101     3
 9101     3
 9744     3
 9791     3
 9831     3
 9875     3
 9904     3
 9935     3
 9968     3
10003     3
10037     3
10065     3
10106     3
10150     3
10186     3
10220     3
10244     3
10274     3
10303     3
10334     3
10365     3
10395     3
10425     3
11024     3
11024     3
11043     3
11043     3
11063     3
11063     3
11080     3
11080     3
11094     3
11094     3
11165     3
11165     3
11208     3
11208     3
11251     3
11251     3
11291     3
11291     3
11334     3
11334     3
11394     3
11394     3
11445     3
11445     3
11484     3
11484     3
11522     3
11522     3
11559     3
11559     3
11590     3
11590     3
11625     3
11625     3
11662     3
11662     3
11694     3
11694     3
11732     3
11732     3
11774     3
11774     3
12383     3
12403     3
12425     3
12445     3
12461     3
12479     3
12492     3
12508     3
12526     3
12542     3
12570     3
12649     3
12726     3
12793     3
12852     3
12903     3
12950     3
12986     3
13022     3
13065     3
13110     3
14417     3
14417     3
14444     3
14444     3
14483     3
14483     3
14512     3
14512     3
14542     3
14542     3
14633     3
14633     3
14699     3
14699     3
14765     3
14765     3
14831     3
14831     3
14897     3
14897     3
14978     3
14978     3
15050     3
15050     3
15112     3
15112     3
15177     3
15177     3
15239     3
15239     3
15287     3
15287     3
15406     3
15406     3
15502     3
15502     3
15581     3
15581     3
15659     3
15659     3
15750     3
15750     3
15821     3
15864     3
15906     3
15953     3
15996     3
16034     3
16067     3
16168     3
16249     3
16327     3
16415     3
16500     3
16579     3
16648     3
16703     3
16763     3
16817     3
16910     3
17019     3
17119     3
17214     3
17354     3
17354     3
17407     3
17407     3
17460     3
17460     3
17509     3
17509     3
17556     3
17556     3
17605     3
17605     3
17654     3
17654     3
17703     3
17703     3
17756     3
17756     3
17821     3
17821     3
17896     3
17896     3
17969     3
17969     3
18042     3
18042     3
18079     3
18124     3
18136     3
18136     3
18172     3
18205     3
18205     3
18218     3
18257     3
18275     3
18275     3
18307     3
18341     3
18341     3
18355     3
18405     3
18405     3
18406     3
18458     3
18468     3
18468     3
18557     3
18593     3
18593     3
18674     3
18724     3
18724     3
18800     3
18913     3
18982     3
19044     3
19050     3
19116     3
19157     3
19183     3
19232     3
19242     3
19292     3
19317     3
19347     3
19399     3
19410     3
19471     3
19474     3
19544     3
19559     3
19641     3
19663     3
19737     3
19812     3
19882     3
19918     3
19936     3
19993     3
20013     3
20050     3
20098     3
20100     3
20151     3
20170     3
20209     3
20243     3
20265     3
20319     3
20326     3
20386     3
20389     3
20467     3
20471     3
20604     3
20725     3
20818     3
20818     3
20846     3
20891     3
20891     3
20956     3
20956     3
20968     3
21020     3
21020     3
21063     3
21080     3
21080     3
21131     3
21131     3
21144     3
21188     3
21188     3
21212     3
21248     3
21248     3
21291     3
21310     3
21310     3
21365     3
21384     3
21384     3
21448     3
21466     3
21466     3
21552     3
21552     3
21637     3
21637     3
21724     3
21724     3
21793     3
21793     3
21858     3
21858     3
21923     3
21923     3
21982     3
21982     3
22039     3
22039     3
22101     3
22101     3
22170     3
22170     3
22395     3
22437     3
22481     3
22524     3
22558     3
22603     3
22650     3
22689     3
22732     3
22785     3
22854     3
22932     3
23007     3
23076     3
23131     3
23190     3
23242     3
23298     3
23344     3
23398     3
23459     3
23684     3
23684     3
23726     3
23726     3
23760     3
23760     3
23797     3
23797     3
23827     3
23827     3
23859     3
23859     3
23890     3
23890     3
23928     3
23928     3
23967     3
23967     3
24010     3
24010     3
24063     3
24063     3
24128     3
24128     3
24182     3
24182     3
24231     3
24231     3
24265     3
24265     3
24299     3
24299     3
24337     3
24337     3
24375     3
24375     3
24413     3
24413     3
24455     3
24455     3
24499     3
24499     3
25937     3
25960     3
25984     3
26005     3
26023     3
26037     3
26050     3
26060     3
26070     3
26080     3
26103     3
26129     3
26149     3
26168     3
26179     3
26192     3
26203     3
26216     3
26228     3
26244     3
26263     3
27305     3
27305     3
27322     3
27322     3
27340     3
27340     3
27354     3
27354     3
27365     3
27365     3
27375     3
27375     3
27385     3
27385     3
27395     3
27395     3
27405     3
27405     3
27415     3
27415     3
27438     3
27438     3
27464     3
27464     3
27484     3
27484     3
27503     3
27503     3
27514     3
27514     3
27527     3
27527     3
27538     3
27538     3
27551     3
27551     3
27563     3
27563     3
27579     3
27579     3
27598     3
27598     3
28640     3
28657     3
28675     3
28689     3
28700     3
28710     3
28720     3
28730     3
28740     3
28750     3
28773     3
28799     3
28819     3
28838     3
28849     3
28862     3
28873     3
28886     3
28898     3
28914     3
28933     3
29975     3
29975     3
29992     3
29992     3
30010     3
30010     3
30024     3
30024     3
30035     3
30035     3
30045     3
30045     3
30055     3
30055     3
30065     3
30065     3
30075     3
30075     3
30085     3
30085     3
30108     3
30108     3
30134     3
30134     3
30154     3
30154     3
30173     3
30173     3
30184     3
30184     3
30197     3
30197     3
30208     3
30208     3
30221     3
30221     3
30233     3
30233     3
30249     3
30249     3
30268     3
30268     3
31310     3
31327     3
31345     3
31359     3
31370     3
31380     3
31390     3
31400     3
31410     3
31420     3
31443     3
31469     3
31489     3
31508     3
31519     3
31532     3
31543     3
31556     3
31568     3
31584     3
31603     3
32645     3
32645     3
32662     3
32662     3
32680     3
32680     3
32694     3
32694     3
32705     3
32705     3
32715     3
32715     3
32725     3
32725     3
32735     3
32735     3
32745     3
32745     3
32755     3
32755     3
32778     3
32778     3
32804     3
32804     3
32824     3
32824     3
32843     3
32843     3
32854     3
32854     3
32867     3
32867     3
32878     3
32878     3
32891     3
32891     3
32903     3
32903     3
32919     3
32919     3
32938     3
32938     3
33980     3
33997     3
34015     3
34029     3
34040     3
34050     3
34060     3
34070     3
34080     3
34090     3
34113     3
34139     3
34159     3
34178     3
34189     3
34202     3
34213     3
34226     3
34238     3
34254     3
34273     3
35315     3
35315     3
35332     3
35332     3
35350     3
35350     3
35364     3
35364     3
35375     3
35375     3
35385     3
35385     3
35395     3
35395     3
35405     3
35405     3
35415     3
35415     3
35425     3
35425     3
35448     3
35448     3
35474     3
35474     3
35494     3
35494     3
35513     3
35513     3
35524     3
35524     3
35537     3
35537     3
35548     3
35548     3
35561     3
35561     3
35573     3
35573     3
35589     3
35589     3
35608     3
35608     3
36650     3
36667     3
36685     3
36699     3
36710     3
36720     3
36730     3
36740     3
36750     3
36760     3
36783     3
36809     3
36829     3
36848     3
36859     3
36872     3
36883     3
36896     3
36908     3
36924     3
36943     3
37985     3
38002     3
38020     3
38034     3
38045     3
38055     3
38065     3
38075     3
38085     3
38095     3
38118     3
38144     3
38164     3
38183     3
38194     3
38207     3
38218     3
38231     3
38243     3
38259     3
38278     3
   
 2071     4
 2125     4
 2189     4
 2243     4
 2291     4
 2329     4
 2358     4
 2387     4
 2420     4
 2438     4
 2486     4
 2487     4
 2521     4
 2529     4
 2561     4
 2573     4
 2596     4
 2628     4
 2646     4
 2686     4
 2700     4
 2748     4
 2759     4
 2821     4
 2824     4
 2879     4
 2885     4
 2927     4
 2927     4
 2952     4
 2972     4
 2982     4
 2982     4
 3022     4
 3022     4
 3027     4
 3049     4
 3068     4
 3068     4
 3076     4
 3099     4
 3107     4
 3107     4
 3119     4
 3138     4
 3138     4
 3143     4
 3163     4
 3181     4
 3181     4
 3188     4
 3194     4
 3227     4
 3227     4
 3234     4
 3237     4
 3274     4
 3275     4
 3275     4
 3282     4
 3298     4
 3324     4
 3324     4
 3326     4
 3339     4
 3372     4
 3381     4
 3381     4
 3410     4
 3436     4
 3436     4
 3448     4
 3494     4
 3505     4
 3505     4
 3533     4
 3575     4
 3575     4
 3616     4
 3616     4
 3661     4
 3661     4
 3699     4
 3699     4
 3737     4
 3737     4
 3815     4
 3815     4
 3829     4
 3889     4
 3890     4
 3890     4
 3948     4
 3960     4
 3960     4
 4005     4
 4015     4
 4015     4
 4051     4
 4063     4
 4063     4
 4111     4
 4111     4
 4119     4
 4155     4
 4155     4
 4170     4
 4224     4
 4271     4
 4326     4
 4392     4
 4452     4
 4514     4
 4577     4
 4623     4
 4667     4
 4710     4
 4745     4
 4782     4
 4816     4
 4846     4
 4878     4
 4912     4
 4940     4
 4970     4
 5079     4
 5079     4
 5119     4
 5119     4
 5160     4
 5160     4
 5192     4
 5192     4
 5222     4
 5222     4
 5252     4
 5252     4
 5284     4
 5284     4
 5321     4
 5321     4
 5356     4
 5356     4
 5394     4
 5394     4
 5443     4
 5443     4
 5488     4
 5488     4
 5543     4
 5543     4
 5599     4
 5599     4
 5639     4
 5639     4
 5743     4
 5743     4
 5818     4
 5818     4
 5884     4
 5884     4
 5951     4
 5951     4
 6014     4
 6014     4
 6065     4
 6065     4
 6125     4
 6125     4
 6174     4
 6174     4
 6213     4
 6213     4
 6260     4
 6260     4
 6766     4
 6815     4
 6863     4
 6907     4
 6944     4
 6983     4
 7024     4
 7067     4
 7112     4
 7160     4
 7206     4
 7247     4
 7299     4
 7352     4
 7389     4
 7425     4
 7458     4
 7495     4
 7528     4
 7559     4
 7580     4
 7605     4
 7633     4
 7655     4
 7682     4
 8370     4
 8370     4
 8406     4
 8406     4
 8439     4
 8439     4
 8472     4
 8472     4
 8503     4
 8503     4
 8531     4
 8531     4
 8561     4
 8561     4
 8591     4
 8591     4
 8620     4
 8620     4
 8654     4
 8654     4
 8693     4
 8693     4
 8739     4
 8739     4
 8787     4
 8787     4
 8836     4
 8836     4
 8863     4
 8863     4
 8892     4
 8892     4
 8917     4
 8917     4
 8945     4
 8945     4
 8970     4
 8970     4
 8994     4
 8994     4
 9013     4
 9013     4
 9040     4
 9040     4
 9062     4
 9062     4
 9079     4
 9079     4
 9103     4
 9103     4
 9750     4
 9794     4
 9835     4
 9877     4
 9903     4
 9934     4
 9962     4
 9996     4
10028     4
10058     4
10092     4
10127     4
10169     4
10205     4
10227     4
10248     4
10267     4
10292     4
10313     4
10337     4
10354     4
10371     4
10392     4
10413     4
10430     4
11026     4
11026     4
11046     4
11046     4
11066     4
11066     4
11081     4
11081     4
11093     4
11093     4
11160     4
11160     4
11202     4
11202     4
11245     4
11245     4
11279     4
11279     4
11324     4
11324     4
11375     4
11375     4
11420     4
11420     4
11464     4
11464     4
11507     4
11507     4
11534     4
11534     4
11562     4
11562     4
11585     4
11585     4
11610     4
11610     4
11636     4
11636     4
11665     4
11665     4
11684     4
11684     4
11707     4
11707     4
11730     4
11730     4
11750     4
11750     4
11777     4
11777     4
12386     4
12408     4
12428     4
12446     4
12460     4
12478     4
12490     4
12505     4
12520     4
12533     4
12560     4
12589     4
12686     4
12757     4
12807     4
12855     4
12893     4
12934     4
12965     4
12989     4
13009     4
13035     4
13063     4
13089     4
13112     4
14420     4
14420     4
14448     4
14448     4
14487     4
14487     4
14513     4
14513     4
14541     4
14541     4
14627     4
14627     4
14687     4
14687     4
14753     4
14753     4
14812     4
14812     4
14879     4
14879     4
14949     4
14949     4
15016     4
15016     4
15080     4
15080     4
15139     4
15139     4
15198     4
15198     4
15244     4
15244     4
15278     4
15278     4
15375     4
15375     4
15443     4
15443     4
15507     4
15507     4
15557     4
15557     4
15613     4
15613     4
15655     4
15655     4
15709     4
15709     4
15755     4
15755     4
15828     4
15871     4
15910     4
15954     4
15995     4
16031     4
16062     4
16156     4
16228     4
16305     4
16381     4
16458     4
16544     4
16613     4
16662     4
16706     4
16754     4
16797     4
16839     4
16921     4
16983     4
17052     4
17114     4
17161     4
17220     4
17360     4
17360     4
17413     4
17413     4
17465     4
17465     4
17512     4
17512     4
17554     4
17554     4
17602     4
17602     4
17646     4
17646     4
17692     4
17692     4
17742     4
17742     4
17799     4
17799     4
17866     4
17866     4
17937     4
17937     4
18002     4
18002     4
18082     4
18082     4
18086     4
18130     4
18151     4
18151     4
18176     4
18215     4
18215     4
18220     4
18256     4
18264     4
18264     4
18306     4
18316     4
18316     4
18349     4
18362     4
18362     4
18396     4
18408     4
18408     4
18445     4
18455     4
18455     4
18489     4
18489     4
18497     4
18588     4
18588     4
18630     4
18648     4
18648     4
18732     4
18732     4
18747     4
18852     4
18963     4
18988     4
19057     4
19078     4
19121     4
19163     4
19184     4
19230     4
19231     4
19288     4
19293     4
19340     4
19351     4
19398     4
19404     4
19452     4
19455     4
19499     4
19521     4
19554     4
19605     4
19610     4
19668     4
19691     4
19773     4
19852     4
19887     4
19944     4
19945     4
19996     4
20025     4
20051     4
20084     4
20099     4
20140     4
20149     4
20199     4
20200     4
20249     4
20254     4
20292     4
20309     4
20334     4
20363     4
20384     4
20423     4
20433     4
20475     4
20545     4
20660     4
20773     4
20827     4
20827     4
20878     4
20900     4
20900     4
20962     4
20962     4
20972     4
21023     4
21023     4
21050     4
21079     4
21079     4
21112     4
21127     4
21127     4
21164     4
21181     4
21181     4
21217     4
21237     4
21237     4
21263     4
21296     4
21296     4
21318     4
21358     4
21358     4
21363     4
21409     4
21430     4
21430     4
21452     4
21511     4
21511     4
21596     4
21596     4
21676     4
21676     4
21741     4
21741     4
21802     4
21802     4
21850     4
21850     4
21903     4
21903     4
21953     4
21953     4
21985     4
21985     4
22025     4
22025     4
22059     4
22059     4
22098     4
22098     4
22133     4
22133     4
22175     4
22175     4
22401     4
22444     4
22487     4
22525     4
22557     4
22601     4
22641     4
22677     4
22722     4
22769     4
22832     4
22901     4
22970     4
23041     4
23094     4
23136     4
23181     4
23223     4
23263     4
23301     4
23331     4
23362     4
23394     4
23429     4
23462     4
23690     4
23690     4
23730     4
23730     4
23765     4
23765     4
23798     4
23798     4
23826     4
23826     4
23856     4
23856     4
23885     4
23885     4
23920     4
23920     4
23956     4
23956     4
23995     4
23995     4
24041     4
24041     4
24096     4
24096     4
24151     4
24151     4
24202     4
24202     4
24239     4
24239     4
24271     4
24271     4
24292     4
24292     4
24323     4
24323     4
24351     4
24351     4
24379     4
24379     4
24403     4
24403     4
24428     4
24428     4
24454     4
24454     4
24475     4
24475     4
24501     4
24501     4
25941     4
25963     4
25987     4
26006     4
26022     4
26036     4
26048     4
26057     4
26067     4
26077     4
26096     4
26115     4
26140     4
26163     4
26173     4
26182     4
26188     4
26198     4
26208     4
26218     4
26223     4
26233     4
26243     4
26252     4
26265     4
27307     4
27307     4
27325     4
27325     4
27343     4
27343     4
27355     4
27355     4
27364     4
27364     4
27374     4
27374     4
27383     4
27383     4
27392     4
27392     4
27402     4
27402     4
27412     4
27412     4
27431     4
27431     4
27450     4
27450     4
27475     4
27475     4
27498     4
27498     4
27508     4
27508     4
27517     4
27517     4
27523     4
27523     4
27533     4
27533     4
27543     4
27543     4
27553     4
27553     4
27558     4
27558     4
27568     4
27568     4
27578     4
27578     4
27587     4
27587     4
27600     4
27600     4
28642     4
28660     4
28678     4
28690     4
28699     4
28709     4
28718     4
28727     4
28737     4
28747     4
28766     4
28785     4
28810     4
28833     4
28843     4
28852     4
28858     4
28868     4
28878     4
28888     4
28893     4
28903     4
28913     4
28922     4
28935     4
29977     4
29977     4
29995     4
29995     4
30013     4
30013     4
30025     4
30025     4
30034     4
30034     4
30044     4
30044     4
30053     4
30053     4
30062     4
30062     4
30072     4
30072     4
30082     4
30082     4
30101     4
30101     4
30120     4
30120     4
30145     4
30145     4
30168     4
30168     4
30178     4
30178     4
30187     4
30187     4
30193     4
30193     4
30203     4
30203     4
30213     4
30213     4
30223     4
30223     4
30228     4
30228     4
30238     4
30238     4
30248     4
30248     4
30257     4
30257     4
30270     4
30270     4
31312     4
31330     4
31348     4
31360     4
31369     4
31379     4
31388     4
31397     4
31407     4
31417     4
31436     4
31455     4
31480     4
31503     4
31513     4
31522     4
31528     4
31538     4
31548     4
31558     4
31563     4
31573     4
31583     4
31592     4
31605     4
32647     4
32647     4
32665     4
32665     4
32683     4
32683     4
32695     4
32695     4
32704     4
32704     4
32714     4
32714     4
32723     4
32723     4
32732     4
32732     4
32742     4
32742     4
32752     4
32752     4
32771     4
32771     4
32790     4
32790     4
32815     4
32815     4
32838     4
32838     4
32848     4
32848     4
32857     4
32857     4
32863     4
32863     4
32873     4
32873     4
32883     4
32883     4
32893     4
32893     4
32898     4
32898     4
32908     4
32908     4
32918     4
32918     4
32927     4
32927     4
32940     4
32940     4
33982     4
34000     4
34018     4
34030     4
34039     4
34049     4
34058     4
34067     4
34077     4
34087     4
34106     4
34125     4
34150     4
34173     4
34183     4
34192     4
34198     4
34208     4
34218     4
34228     4
34233     4
34243     4
34253     4
34262     4
34275     4
35317     4
35317     4
35335     4
35335     4
35353     4
35353     4
35365     4
35365     4
35374     4
35374     4
35384     4
35384     4
35393     4
35393     4
35402     4
35402     4
35412     4
35412     4
35422     4
35422     4
35441     4
35441     4
35460     4
35460     4
35485     4
35485     4
35508     4
35508     4
35518     4
35518     4
35527     4
35527     4
35533     4
35533     4
35543     4
35543     4
35553     4
35553     4
35563     4
35563     4
35568     4
35568     4
35578     4
35578     4
35588     4
35588     4
35597     4
35597     4
35610     4
35610     4
36652     4
36670     4
36688     4
36700     4
36709     4
36719     4
36728     4
36737     4
36747     4
36757     4
36776     4
36795     4
36820     4
36843     4
36853     4
36862     4
36868     4
36878     4
36888     4
36898     4
36903     4
36913     4
36923     4
36932     4
36945     4
37987     4
38005     4
38023     4
38035     4
38044     4
38054     4
38063     4
38072     4
38082     4
38092     4
38111     4
38130     4
38155     4
38178     4
38188     4
38197     4
38203     4
38213     4
38223     4
38233     4
38238     4
38248     4
38258     4
38267     4
38280     4
   
23118     5
23140     5
23162     5
23655     5
23672     5
23706     5
24181     5
24201     5
24212     5
24573     5
24587     5
24600     5
25022     5
25035     5
25049     5
   
14000     6
14001     6
14003     6
14546     6
14547     6
14549     6
15288     6
15289     6
15291     6
16079     6
16080     6
16082     6
16859     6
16860     6
16862     6
   
16859     7
16860     7
16861     7
16862     7
16863     7
16864     7
16865     7
16866     7
16867     7
16868     7
16869     7
16870     7
16871     7
16872     7
16874     7
16875     7
16876     7
16877     7
16878     7
16879     7
16882     7
16884     7
16885     7
16886     7
16887     7
16888     7
16889     7
16891     7
16892     7
16893     7
16894     7
16895     7
16897     7
16901     7
16902     7
16903     7
16908     7
16909     7
16911     7
16917     7
16918     7
16920     7
16923     7
16924     7
16926     7
16929     7
16930     7
16932     7
16935     7
16936     7
16937     7
16940     7
16941     7
16945     7
16949     7
16951     7
16953     7
16960     7
16962     7
16963     7
16967     7
16968     7
16970     7
16973     7
16975     7
16976     7
16984     7
16986     7
16987     7
16988     7
16989     7
16990     7
16991     7
16992     7
16994     7
16997     7
16998     7
17000     7
17007     7
17009     7
17012     7
17022     7
17023     7
17025     7
17026     7
17027     7
17028     7
17035     7
17037     7
17038     7
17039     7
17040     7
17041     7
17044     7
17049     7
17050     7
17053     7
17056     7
17057     7
17063     7
17066     7
17067     7
17069     7
17071     7
17074     7
17078     7
17081     7
17084     7
17087     7
17089     7
17092     7
17093     7
17096     7
17101     7
17104     7
17113     7
17115     7
17116     7
17117     7
17124     7
17125     7
17127     7
17135     7
17137     7
17138     7
17140     7
17142     7
17143     7
17149     7
17154     7
17156     7
17159     7
17163     7
17165     7
17166     7
17168     7
17170     7
17173     7
17178     7
17179     7
17181     7
17183     7
17184     7
17191     7
17194     7
17195     7
17199     7
17200     7
17201     7
17203     7
17205     7
17207     7
17212     7
17221     7
17222     7
17224     7
17225     7
17226     7
17234     7
17235     7
17238     7
17239     7
17240     7
17241     7
17252     7
17253     7
17255     7
17256     7
17259     7
17260     7
17269     7
17272     7
17273     7
17277     7
17279     7
17282     7
17283     7
17285     7
17287     7
17292     7
17294     7
17296     7
17300     7
17302     7
17304     7
17308     7
17314     7
17317     7
17319     7
17321     7
17323     7
17324     7
17325     7
17326     7
17329     7
17333     7
17340     7
17348     7
17351     7
17358     7
17362     7
17365     7
17372     7
17378     7
17386     7
17392     7
17397     7
17399     7
17403     7
17426     7
17427     7
17428     7
17430     7
17431     7
17432     7
17464     7
17468     7
17470     7
17471     7
17480     7
17487     7
17492     7
17498     7
17506     7
17508     7
17518     7
17522     7
17525     7
17536     7
17539     7
17541     7
17544     7
17553     7
17560     7
17566     7
17571     7
17573     7
17575     7
17580     7
17582     7
17588     7
17598     7
17603     7
17606     7
17608     7
17610     7
17611     7
17612     7
17624     7
17627     7
17631     7
17637     7
17642     7
17645     7
17647     7
17656     7
17658     7
17662     7
17666     7
17681     7
17684     7
17686     7
17687     7
17689     7
17706     7
17717     7
17719     7
17721     7
17723     7
17729     7
17730     7
17739     7
17741     7
17748     7
17758     7
17759     7
17766     7
17768     7
17773     7
17783     7
17786     7
17788     7
17792     7
17797     7
17798     7
17804     7
17807     7
17823     7
17824     7
17825     7
17839     7
17856     7
17859     7
17861     7
17865     7
17869     7
17873     7
17879     7
17881     7
17901     7
17911     7
17913     7
17915     7
17938     7
17939     7
17958     7
17960     7
17965     7
17966     7
17980     7
17984     7
17994     7
18010     7
18019     7
18021     7
18025     7
18029     7
18035     7
18059     7
18067     7
18077     7
18084     7
18087     7
18089     7
18093     7
18104     7
18120     7
18128     7
18141     7
18147     7
18154     7
18157     7
18162     7
18181     7
18184     7
18188     7
18207     7
18219     7
18222     7
18230     7
18231     7
18236     7
18260     7
18263     7
18267     7
18269     7
18274     7
18285     7
18295     7
18299     7
18312     7
18319     7
18322     7
18324     7
18328     7
18329     7
18342     7
18343     7
18352     7
18371     7
18373     7
18375     7
18377     7
18382     7
18386     7
18387     7
18389     7
18417     7
18422     7
18426     7
18430     7
18437     7
18441     7
18446     7
18448     7
18479     7
18481     7
18487     7
18492     7
18495     7
18498     7
18500     7
18504     7
18594     7
18599     7
18605     7
18615     7
18628     7
18640     7
18651     7
18657     7
18663     7
18693     7
18708     7
18717     7
18737     7
18748     7
18783     7
18794     7
18795     7
18810     7
18817     7
18824     7
18858     7
18860     7
18886     7
18894     7
18898     7
18906     7
18919     7
18930     7
18967     7
18979     7
19002     7
19021     7
19029     7
19034     7
19051     7
19098     7
19103     7
19142     7
19148     7
19150     7
19159     7
19195     7
19197     7
19233     7
19238     7
19250     7
19252     7
19284     7
19289     7
19309     7
19315     7
19333     7
19338     7
19359     7
19360     7
19387     7
19395     7
19415     7
19416     7
19421     7
19441     7
19446     7
19462     7
19470     7
19473     7
19481     7
19484     7
19489     7
19500     7
19507     7
19522     7
19524     7
19525     7
19531     7
19556     7
19563     7
19567     7
19573     7
19584     7
19586     7
19597     7
19606     7
19619     7
19624     7
19629     7
19639     7
19646     7
19662     7
19673     7
19677     7
19679     7
19687     7
19695     7
19703     7
19712     7
19730     7
19736     7
19742     7
19743     7
19774     7
19779     7
19783     7
19787     7
19790     7
19799     7
19819     7
19839     7
19847     7
19858     7
19861     7
19869     7
19874     7
19883     7
19903     7
19931     7
19938     7
19942     7
19947     7
19951     7
19955     7
19956     7
19965     7
20009     7
20011     7
20012     7
20014     7
20018     7
20028     7
20030     7
20032     7
20057     7
20064     7
20066     7
20074     7
20080     7
20083     7
20086     7
20089     7
20102     7
20114     7
20121     7
20130     7
20139     7
20144     7
20147     7
20150     7
20154     7
20183     7
20192     7
20196     7
20205     7
20210     7
20216     7
20247     7
20251     7
20253     7
20262     7
20267     7
20272     7
20293     7
20300     7
20305     7
20312     7
20323     7
20327     7
20338     7
20342     7
20348     7
20350     7
20358     7
20381     7
20390     7
20393     7
20399     7
20403     7
20407     7
20436     7
20444     7
20447     7
20449     7
20452     7
20464     7
20490     7
20491     7
20494     7
20496     7
20497     7
20553     7
20590     7
20591     7
20594     7
20596     7
20600     7
20622     7
20644     7
20651     7
20654     7
20664     7
20678     7
20697     7
20706     7
20718     7
20720     7
20728     7
20745     7
20757     7
20766     7
20772     7
20776     7
20779     7
20790     7
20792     7
20794     7
20796     7
20798     7
20801     7
20802     7
20802     7
20802     7
20805     7
20809     7
20809     7
20810     7
20814     7
20814     7
20814     7
20818     7
20818     7
20822     7
20822     7
20827     7
20827     7
20836     7
20843     7
20847     7
20848     7
20854     7
20855     7
20857     7
20859     7
20865     7
20872     7
20876     7
20876     7
20880     7
20884     7
20890     7
20890     7
20891     7
20893     7
20894     7
20900     7
20902     7
20904     7
20910     7
20912     7
20916     7
20919     7
20928     7
20930     7
20931     7
20939     7
20939     7
20940     7
20941     7
20947     7
20953     7
20953     7
20956     7
20957     7
20958     7
20962     7
20983     7
20984     7
20988     7
20991     7
20992     7
21003     7
21006     7
21006     7
21013     7
21014     7
21014     7
21017     7
21020     7
21023     7
21040     7
21054     7
21056     7
21066     7
21070     7
21070     7
21074     7
21074     7
21076     7
21077     7
21079     7
21080     7
21096     7
21108     7
21111     7
21116     7
21121     7
21121     7
21122     7
21122     7
21123     7
21125     7
21127     7
21131     7
21150     7
21157     7
21162     7
21171     7
21175     7
21175     7
21177     7
21179     7
21179     7
21181     7
21184     7
21188     7
21203     7
21220     7
21225     7
21229     7
21232     7
21232     7
21233     7
21237     7
21239     7
21239     7
21245     7
21248     7
21262     7
21276     7
21288     7
21289     7
21290     7
21290     7
21293     7
21296     7
21301     7
21301     7
21304     7
21310     7
21329     7
21340     7
21343     7
21346     7
21347     7
21347     7
21351     7
21358     7
21375     7
21375     7
21379     7
21384     7
21389     7
21390     7
21391     7
21392     7
21396     7
21397     7
21400     7
21402     7
21407     7
21407     7
21411     7
21419     7
21420     7
21420     7
21425     7
21427     7
21427     7
21428     7
21430     7
21450     7
21450     7
21455     7
21456     7
21460     7
21461     7
21465     7
21466     7
21467     7
21472     7
21473     7
21475     7
21475     7
21478     7
21482     7
21482     7
21485     7
21489     7
21493     7
21504     7
21504     7
21507     7
21511     7
21520     7
21521     7
21523     7
21524     7
21526     7
21527     7
21529     7
21531     7
21533     7
21533     7
21535     7
21539     7
21539     7
21540     7
21540     7
21546     7
21552     7
21556     7
21558     7
21572     7
21585     7
21586     7
21586     7
21588     7
21589     7
21590     7
21593     7
21595     7
21596     7
21600     7
21604     7
21605     7
21605     7
21608     7
21612     7
21612     7
21624     7
21628     7
21628     7
21632     7
21637     7
21646     7
21653     7
21654     7
21656     7
21657     7
21658     7
21659     7
21664     7
21665     7
21669     7
21669     7
21670     7
21670     7
21673     7
21674     7
21676     7
21677     7
21677     7
21704     7
21711     7
21711     7
21717     7
21724     7
21727     7
21736     7
21736     7
21737     7
21738     7
21741     7
21746     7
21763     7
21784     7
21784     7
21789     7
21790     7
21790     7
21793     7
21796     7
21797     7
21802     7
21806     7
21812     7
21822     7
21844     7
21844     7
21848     7
21850     7
21852     7
21852     7
21854     7
21857     7
21858     7
21859     7
21860     7
21885     7
21899     7
21899     7
21900     7
21903     7
21913     7
21917     7
21917     7
21921     7
21922     7
21923     7
21925     7
21926     7
21945     7
21945     7
21949     7
21953     7
21963     7
21968     7
21972     7
21972     7
21974     7
21975     7
21979     7
21981     7
21981     7
21982     7
21983     7
21985     7
22002     7
22009     7
22018     7
22018     7
22021     7
22025     7
22030     7
22030     7
22031     7
22032     7
22035     7
22039     7
22041     7
22046     7
22055     7
22055     7
22057     7
22059     7
22078     7
22081     7
22085     7
22086     7
22088     7
22088     7
22090     7
22090     7
22092     7
22095     7
22097     7
22098     7
22101     7
22102     7
22112     7
22119     7
22126     7
22128     7
22128     7
22131     7
22132     7
22133     7
22135     7
22146     7
22152     7
22153     7
22156     7
22158     7
22158     7
22158     7
22159     7
22166     7
22167     7
22167     7
22168     7
22168     7
22168     7
22170     7
22170     7
22173     7
22173     7
22175     7
22175     7
22194     7
22196     7
22199     7
22203     7
22208     7
22231     7
22234     7
22236     7
22239     7
22241     7
22259     7
22262     7
22269     7
22272     7
22274     7
22282     7
22292     7
22297     7
22300     7
22306     7
22308     7
22309     7
22310     7
22321     7
22337     7
22343     7
22344     7
22346     7
22348     7
22349     7
22354     7
22364     7
22368     7
22370     7
22374     7
22382     7
22390     7
22396     7
22409     7
22422     7
22427     7
22432     7
22445     7
22448     7
22452     7
22469     7
22479     7
22480     7
22488     7
22506     7
22512     7
22516     7
22523     7
22532     7
22540     7
22546     7
22559     7
22562     7
22565     7
22577     7
22592     7
22598     7
22602     7
22608     7
22617     7
22628     7
22630     7
22637     7
22649     7
22655     7
22669     7
22672     7
22676     7
22679     7
22688     7
22706     7
22717     7
22718     7
22719     7
22725     7
22742     7
22750     7
22758     7
22762     7
22767     7
22773     7
22808     7
22812     7
22820     7
22827     7
22830     7
22836     7
22873     7
22881     7
22884     7
22891     7
22899     7
22908     7
22930     7
22943     7
22953     7
22960     7
22976     7
22988     7
23003     7
23009     7
23032     7
23044     7
23049     7
23052     7
23063     7
23074     7
23089     7
23098     7
23101     7
23107     7
23115     7
23121     7
23128     7
23153     7
23168     7
23170     7
23173     7
23176     7
23180     7
23212     7
23222     7
23224     7
23225     7
23230     7
23255     7
23264     7
23268     7
23270     7
23275     7
23296     7
23313     7
23315     7
23322     7
23323     7
23334     7
23353     7
23358     7
23377     7
23380     7
23402     7
23406     7
23412     7
23428     7
23435     7
23461     7
23468     7
23471     7
23477     7
23478     7
23489     7
23495     7
23497     7
23516     7
23529     7
23531     7
23547     7
23551     7
23555     7
23556     7
23565     7
23570     7
23599     7
23604     7
23616     7
23626     7
23645     7
23648     7
23649     7
23675     7
23681     7
23716     7
23718     7
23735     7
23739     7
23768     7
23770     7
23789     7
23793     7
23802     7
23811     7
23825     7
23834     7
23840     7
23849     7
23861     7
23875     7
23877     7
23892     7
23893     7
23905     7
23913     7
23932     7
23940     7
23941     7
23954     7
23966     7
23969     7
23972     7
23987     7
23994     7
23999     7
24001     7
24011     7
24012     7
24018     7
24032     7
24037     7
24044     7
24047     7
24050     7
24076     7
24078     7
24083     7
24086     7
24090     7
24093     7
24097     7
24099     7
24123     7
24131     7
24135     7
24157     7
24158     7
24159     7
24169     7
24174     7
24176     7
24215     7
24219     7
24220     7
24222     7
24223     7
24224     7
24227     7
24230     7
24253     7
24255     7
24257     7
24258     7
24260     7
24261     7
24264     7
24269     7
24287     7
24293     7
24295     7
24297     7
24305     7
24306     7
24309     7
24312     7
24313     7
24315     7
24321     7
24325     7
24328     7
24332     7
24338     7
24342     7
24344     7
24345     7
24346     7
24347     7
24353     7
24355     7
24358     7
24359     7
24362     7
24365     7
24372     7
24380     7
24381     7
24383     7
24385     7
24388     7
24390     7
24393     7
24395     7
24398     7
24404     7
24405     7
24407     7
24411     7
24417     7
24418     7
24421     7
24425     7
24427     7
24431     7
24433     7
24437     7
24440     7
24443     7
24452     7
24457     7
24458     7
24460     7
24462     7
24468     7
24471     7
24476     7
24482     7
24486     7
24487     7
24497     7
24503     7
24505     7
24506     7
24508     7
24509     7
24510     7
24517     7
24521     7
24530     7
24531     7
24532     7
24533     7
24538     7
24540     7
24542     7
24550     7
24555     7
24558     7
24565     7
24566     7
24568     7
24569     7
24570     7
24577     7
24579     7
24585     7
24589     7
24591     7
24597     7
24605     7
24606     7
24607     7
24608     7
24610     7
24612     7
24619     7
24622     7
24623     7
24624     7
24625     7
24626     7
24627     7
24629     7
24630     7
24631     7
24640     7
24643     7
24644     7
24645     7
24646     7
24647     7
24649     7
24650     7
24656     7
24657     7
24658     7
24659     7
24666     7
24667     7
24670     7
24672     7
24674     7
24675     7
24679     7
24683     7
24686     7
24687     7
24693     7
24695     7
24697     7
24700     7
24703     7
24704     7
24705     7
24749     7
24760     7
24769     7
24772     7
24773     7
24779     7
24785     7
24790     7
24805     7
24818     7
24820     7
24826     7
24831     7
24839     7
24848     7
24849     7
24860     7
24879     7
24881     7
24883     7
24886     7
24893     7
24894     7
24914     7
24919     7
24934     7
24935     7
24937     7
24939     7
24947     7
24948     7
24951     7
24953     7
24955     7
24955     7
24969     7
24974     7
24988     7
24989     7
24993     7
24996     7
25010     7
25011     7
25012     7
25012     7
25018     7
25022     7
25034     7
25035     7
25047     7
25048     7
25049     7
25049     7
   
14000     8
14001     8
14002     8
14003     8
14004     8
14005     8
14006     8
14007     8
14008     8
14009     8
14010     8
14011     8
14012     8
14013     8
14014     8
14015     8
14016     8
14018     8
14019     8
14020     8
14021     8
14023     8
14024     8
14025     8
14026     8
14027     8
14028     8
14029     8
14030     8
14031     8
14033     8
14034     8
14035     8
14036     8
14037     8
14038     8
14040     8
14041     8
14043     8
14045     8
14046     8
14047     8
14048     8
14049     8
14050     8
14051     8
14052     8
14053     8
14054     8
14055     8
14056     8
14057     8
14058     8
14059     8
14061     8
14063     8
14065     8
14067     8
14069     8
14071     8
14074     8
14075     8
14077     8
14081     8
14084     8
14085     8
14089     8
14090     8
14091     8
14092     8
14093     8
14094     8
14095     8
14096     8
14097     8
14099     8
14100     8
14101     8
14102     8
14103     8
14104     8
14105     8
14106     8
14107     8
14108     8
14109     8
14110     8
14111     8
14112     8
14113     8
14114     8
14116     8
14118     8
14121     8
14124     8
14125     8
14127     8
14129     8
14130     8
14133     8
14136     8
14137     8
14140     8
14142     8
14144     8
14146     8
14147     8
14148     8
14150     8
14151     8
14152     8
14153     8
14154     8
14155     8
14156     8
14158     8
14159     8
14160     8
14162     8
14168     8
14169     8
14173     8
14175     8
14176     8
14178     8
14179     8
14180     8
14183     8
14185     8
14186     8
14187     8
14188     8
14190     8
14192     8
14193     8
14197     8
14198     8
14200     8
14201     8
14202     8
14203     8
14204     8
14206     8
14210     8
14213     8
14214     8
14218     8
14219     8
14220     8
14222     8
14224     8
14225     8
14226     8
14227     8
14230     8
14231     8
14232     8
14233     8
14236     8
14238     8
14240     8
14241     8
14242     8
14243     8
14249     8
14251     8
14253     8
14255     8
14256     8
14257     8
14261     8
14263     8
14264     8
14267     8
14268     8
14270     8
14271     8
14272     8
14275     8
14276     8
14278     8
14279     8
14282     8
14284     8
14285     8
14287     8
14290     8
14293     8
14294     8
14295     8
14297     8
14298     8
14299     8
14300     8
14302     8
14304     8
14305     8
14310     8
14313     8
14317     8
14318     8
14320     8
14324     8
14326     8
14328     8
14330     8
14331     8
14333     8
14338     8
14346     8
14347     8
14348     8
14349     8
14350     8
14351     8
14362     8
14365     8
14366     8
14367     8
14369     8
14371     8
14375     8
14377     8
14379     8
14380     8
14383     8
14390     8
14391     8
14405     8
14408     8
14411     8
14413     8
14419     8
14421     8
14423     8
14429     8
14433     8
14435     8
14437     8
14440     8
14445     8
14452     8
14457     8
14459     8
14462     8
14465     8
14467     8
14470     8
14480     8
14486     8
14488     8
14490     8
14492     8
14494     8
14496     8
14501     8
14502     8
14504     8
14507     8
14520     8
14523     8
14525     8
14526     8
14527     8
14540     8
14544     8
14545     8
14552     8
14564     8
14588     8
14590     8
14604     8
14608     8
14625     8
14634     8
14635     8
14638     8
14640     8
14644     8
14663     8
14665     8
14666     8
14677     8
14682     8
14686     8
14695     8
14698     8
14714     8
14716     8
14719     8
14728     8
14747     8
14749     8
14754     8
14758     8
14762     8
14766     8
14773     8
14779     8
14792     8
14799     8
14807     8
14811     8
14832     8
14836     8
14858     8
14859     8
14862     8
14863     8
14880     8
14881     8
14896     8
14902     8
14917     8
14923     8
14930     8
14936     8
14940     8
14962     8
14967     8
14974     8
14982     8
14987     8
14988     8
14992     8
14997     8
15012     8
15018     8
15029     8
15042     8
15046     8
15048     8
15051     8
15058     8
15062     8
15064     8
15096     8
15099     8
15100     8
15105     8
15107     8
15110     8
15149     8
15150     8
15152     8
15154     8
15156     8
15160     8
15167     8
15174     8
15197     8
15203     8
15204     8
15205     8
15207     8
15208     8
15215     8
15216     8
15226     8
15247     8
15248     8
15251     8
15252     8
15255     8
15257     8
15260     8
15262     8
15285     8
15302     8
15315     8
15326     8
15330     8
15334     8
15341     8
15345     8
15386     8
15391     8
15399     8
15401     8
15414     8
15419     8
15426     8
15432     8
15466     8
15468     8
15472     8
15478     8
15490     8
15506     8
15516     8
15519     8
15522     8
15533     8
15543     8
15547     8
15556     8
15564     8
15594     8
15601     8
15603     8
15617     8
15618     8
15624     8
15644     8
15645     8
15674     8
15681     8
15684     8
15692     8
15695     8
15702     8
15722     8
15731     8
15754     8
15764     8
15767     8
15771     8
15776     8
15802     8
15804     8
15835     8
15840     8
15842     8
15849     8
15884     8
15886     8
15916     8
15921     8
15931     8
15933     8
15957     8
15960     8
15982     8
15988     8
15999     8
16001     8
16018     8
16019     8
16039     8
16041     8
16050     8
16051     8
16053     8
16076     8
16078     8
16122     8
16130     8
16133     8
16146     8
16149     8
16155     8
16171     8
16178     8
16193     8
16194     8
16195     8
16208     8
16230     8
16234     8
16236     8
16248     8
16256     8
16258     8
16265     8
16273     8
16288     8
16295     8
16300     8
16306     8
16310     8
16319     8
16326     8
16333     8
16335     8
16348     8
16360     8
16364     8
16371     8
16385     8
16390     8
16401     8
16403     8
16438     8
16441     8
16447     8
16451     8
16455     8
16462     8
16494     8
16508     8
16515     8
16523     8
16525     8
16531     8
16534     8
16546     8
16560     8
16575     8
16580     8
16582     8
16583     8
16586     8
16593     8
16596     8
16602     8
16630     8
16631     8
16633     8
16634     8
16635     8
16640     8
16642     8
16645     8
16666     8
16668     8
16670     8
16673     8
16677     8
16681     8
16684     8
16686     8
16695     8
16709     8
16714     8
16721     8
16725     8
16726     8
16728     8
16732     8
16739     8
16765     8
16769     8
16770     8
16776     8
16777     8
16783     8
16803     8
16810     8
16811     8
16820     8
16822     8
16826     8
16846     8
16849     8
16854     8
16856     8
16883     8
16898     8
16943     8
16952     8
16958     8
16959     8
16965     8
16985     8
17004     8
17014     8
17021     8
17029     8
17034     8
17062     8
17072     8
17075     8
17080     8
17085     8
17094     8
17128     8
17129     8
17131     8
17133     8
17134     8
17150     8
17172     8
17174     8
17175     8
17182     8
17185     8
17211     8
17228     8
17232     8
17233     8
17237     8
17245     8
17258     8
17267     8
17274     8
17276     8
17280     8
17290     8
17298     8
17306     8
17311     8
17313     8
17316     8
17328     8
17330     8
17335     8
17336     8
17337     8
17341     8
17342     8
17342     8
17342     8
17346     8
17349     8
17349     8
17350     8
17353     8
17353     8
17353     8
17354     8
17354     8
17357     8
17357     8
17360     8
17360     8
17369     8
17373     8
17374     8
17375     8
17381     8
17382     8
17383     8
17385     8
17389     8
17394     8
17396     8
17396     8
17400     8
17402     8
17406     8
17406     8
17407     8
17408     8
17409     8
17413     8
17414     8
17416     8
17418     8
17419     8
17421     8
17425     8
17434     8
17438     8
17439     8
17448     8
17448     8
17449     8
17450     8
17453     8
17459     8
17459     8
17460     8
17461     8
17462     8
17465     8
17477     8
17478     8
17488     8
17489     8
17491     8
17500     8
17501     8
17501     8
17504     8
17505     8
17505     8
17507     8
17509     8
17512     8
17523     8
17532     8
17534     8
17542     8
17546     8
17546     8
17548     8
17548     8
17550     8
17551     8
17554     8
17556     8
17574     8
17583     8
17585     8
17590     8
17595     8
17595     8
17596     8
17596     8
17597     8
17601     8
17602     8
17605     8
17620     8
17634     8
17635     8
17638     8
17639     8
17639     8
17640     8
17643     8
17643     8
17646     8
17649     8
17654     8
17671     8
17680     8
17683     8
17685     8
17690     8
17690     8
17691     8
17692     8
17693     8
17693     8
17698     8
17703     8
17722     8
17731     8
17735     8
17736     8
17738     8
17738     8
17740     8
17742     8
17746     8
17746     8
17752     8
17756     8
17778     8
17784     8
17789     8
17791     8
17793     8
17793     8
17796     8
17799     8
17813     8
17813     8
17817     8
17821     8
17828     8
17829     8
17831     8
17832     8
17833     8
17835     8
17838     8
17841     8
17844     8
17844     8
17846     8
17852     8
17854     8
17854     8
17858     8
17862     8
17862     8
17864     8
17866     8
17884     8
17884     8
17890     8
17891     8
17892     8
17894     8
17895     8
17896     8
17897     8
17898     8
17900     8
17902     8
17902     8
17905     8
17910     8
17910     8
17912     8
17914     8
17918     8
17930     8
17930     8
17933     8
17937     8
17941     8
17942     8
17944     8
17945     8
17947     8
17948     8
17951     8
17952     8
17953     8
17953     8
17954     8
17956     8
17956     8
17957     8
17957     8
17964     8
17969     8
17971     8
17973     8
17983     8
17992     8
17993     8
17993     8
17995     8
17997     8
17998     8
18000     8
18001     8
18002     8
18004     8
18005     8
18012     8
18012     8
18013     8
18017     8
18017     8
18031     8
18033     8
18033     8
18038     8
18042     8
18045     8
18048     8
18049     8
18052     8
18053     8
18056     8
18057     8
18063     8
18064     8
18070     8
18070     8
18073     8
18073     8
18074     8
18078     8
18082     8
18083     8
18083     8
18116     8
18127     8
18127     8
18131     8
18136     8
18138     8
18146     8
18146     8
18148     8
18149     8
18151     8
18156     8
18189     8
18198     8
18198     8
18201     8
18204     8
18204     8
18205     8
18206     8
18208     8
18215     8
18223     8
18227     8
18245     8
18261     8
18261     8
18262     8
18264     8
18265     8
18265     8
18271     8
18273     8
18275     8
18279     8
18283     8
18302     8
18311     8
18311     8
18313     8
18316     8
18333     8
18335     8
18335     8
18337     8
18338     8
18341     8
18345     8
18348     8
18359     8
18359     8
18360     8
18362     8
18378     8
18393     8
18399     8
18399     8
18400     8
18402     8
18403     8
18404     8
18404     8
18405     8
18407     8
18408     8
18418     8
18428     8
18451     8
18451     8
18453     8
18455     8
18460     8
18460     8
18461     8
18463     8
18464     8
18468     8
18469     8
18475     8
18484     8
18484     8
18486     8
18489     8
18515     8
18540     8
18568     8
18570     8
18575     8
18575     8
18576     8
18576     8
18578     8
18582     8
18586     8
18588     8
18593     8
18597     8
18612     8
18625     8
18637     8
18644     8
18644     8
18646     8
18647     8
18648     8
18649     8
18691     8
18701     8
18702     8
18707     8
18710     8
18710     8
18710     8
18711     8
18714     8
18715     8
18715     8
18721     8
18721     8
18721     8
18724     8
18724     8
18729     8
18729     8
18732     8
18732     8
18770     8
18780     8
18784     8
18791     8
18801     8
18830     8
18833     8
18838     8
18843     8
18849     8
18880     8
18885     8
18896     8
18901     8
18908     8
18933     8
18952     8
18962     8
18977     8
18983     8
18985     8
18986     8
18989     8
19003     8
19022     8
19038     8
19041     8
19049     8
19059     8
19060     8
19070     8
19082     8
19097     8
19101     8
19104     8
19109     8
19114     8
19123     8
19144     8
19164     8
19170     8
19174     8
19185     8
19186     8
19187     8
19210     8
19216     8
19217     8
19229     8
19259     8
19262     8
19264     8
19275     8
19285     8
19296     8
19308     8
19323     8
19330     8
19337     8
19346     8
19361     8
19366     8
19369     8
19380     8
19406     8
19419     8
19420     8
19425     8
19431     8
19445     8
19477     8
19483     8
19486     8
19490     8
19498     8
19528     8
19547     8
19548     8
19550     8
19557     8
19595     8
19617     8
19623     8
19625     8
19630     8
19649     8
19689     8
19694     8
19702     8
19711     8
19720     8
19733     8
19760     8
19778     8
19781     8
19788     8
19793     8
19806     8
19829     8
19851     8
19872     8
19879     8
19888     8
19892     8
19923     8
19946     8
19969     8
19974     8
19982     8
19992     8
20005     8
20036     8
20047     8
20056     8
20062     8
20071     8
20085     8
20101     8
20111     8
20132     8
20153     8
20157     8
20160     8
20167     8
20173     8
20213     8
20224     8
20225     8
20226     8
20236     8
20271     8
20281     8
20286     8
20289     8
20295     8
20330     8
20343     8
20346     8
20368     8
20369     8
20387     8
20413     8
20422     8
20455     8
20465     8
20482     8
20489     8
20520     8
20565     8
20588     8
20626     8
20636     8
20652     8
20669     8
20670     8
20693     8
20703     8
20710     8
20751     8
20788     8
20791     8
20819     8
20829     8
20834     8
20835     8
20862     8
20867     8
20933     8
20942     8
20961     8
20982     8
21004     8
21011     8
21015     8
21065     8
21072     8
21101     8
21102     8
21120     8
21128     8
21154     8
21159     8
21192     8
21195     8
21213     8
21234     8
21254     8
21260     8
21278     8
21297     8
21312     8
21336     8
21338     8
21367     8
21371     8
21393     8
21414     8
21439     8
21463     8
21471     8
21486     8
21509     8
21510     8
21519     8
21555     8
21568     8
21577     8
21580     8
21591     8
21597     8
21611     8
21619     8
21626     8
21636     8
21648     8
21662     8
21689     8
21692     8
21697     8
21701     8
21703     8
21708     8
21713     8
21721     8
21744     8
21751     8
21755     8
21782     8
21785     8
21786     8
21803     8
21813     8
21815     8
21862     8
21866     8
21867     8
21870     8
21875     8
21876     8
21880     8
21882     8
21928     8
21937     8
21941     8
21942     8
21947     8
21948     8
21950     8
21956     8
21980     8
21997     8
21999     8
22001     8
22004     8
22005     8
22007     8
22014     8
22015     8
22022     8
22036     8
22042     8
22048     8
22056     8
22062     8
22065     8
22066     8
22070     8
22073     8
22076     8
22083     8
22093     8
22108     8
22111     8
22114     8
22118     8
22124     8
22130     8
22134     8
22137     8
22140     8
22147     8
22154     8
22160     8
22171     8
22176     8
22180     8
22181     8
22186     8
22189     8
22197     8
22198     8
22201     8
22206     8
22207     8
22217     8
22218     8
22232     8
22238     8
22244     8
22251     8
22254     8
22255     8
22264     8
22267     8
22279     8
22281     8
22283     8
22296     8
22303     8
22304     8
22319     8
22322     8
22325     8
22326     8
22330     8
22332     8
22338     8
22351     8
22355     8
22373     8
22377     8
22379     8
22383     8
22398     8
22400     8
22402     8
22415     8
22424     8
22434     8
22453     8
22461     8
22462     8
22463     8
22465     8
22475     8
22485     8
22490     8
22491     8
22501     8
22518     8
22526     8
22528     8
22530     8
22531     8
22534     8
22539     8
22548     8
22554     8
22556     8
22560     8
22561     8
22564     8
22566     8
22570     8
22573     8
22582     8
22593     8
22604     8
22607     8
22609     8
22610     8
22611     8
22614     8
22616     8
22624     8
22632     8
22640     8
22651     8
22659     8
22662     8
22666     8
22674     8
22680     8
22682     8
22700     8
22705     8
22713     8
22715     8
22734     8
22739     8
22746     8
22752     8
22760     8
22763     8
22765     8
22776     8
22787     8
22798     8
22800     8
22806     8
22814     8
22823     8
22831     8
22839     8
22858     8
22862     8
22871     8
22875     8
22883     8
22896     8
22897     8
22913     8
22941     8
22944     8
22945     8
22950     8
22958     8
22959     8
22993     8
22998     8
23008     8
23013     8
23014     8
23021     8
23036     8
23037     8
23047     8
23048     8
23050     8
23050     8
23058     8
23065     8
23075     8
23077     8
23082     8
23084     8
23102     8
23103     8
23104     8
23104     8
23113     8
23118     8
23138     8
23140     8
23158     8
23161     8
23162     8
23162     8
   
   
   
   
   
   
   
   
   
   
   
   
   
   
   
   
   
   
   
   
   
   
   
   
   
   
   
   
   
   
   
   
   
   
   
   
   
   
   
   
   
   
   
