14000     1
14001     1
14002     1
14003     1
14004     1
14005     1
14006     1
14007     1
14008     1
14009     1
14010     1
14011     1
14012     1
14013     1
14014     1
14015     1
14016     1
14018     1
14019     1
14020     1
14021     1
14023     1
14024     1
14025     1
14026     1
14027     1
14028     1
14029     1
14030     1
14031     1
14033     1
14034     1
14035     1
14036     1
14037     1
14038     1
14040     1
14041     1
14043     1
14045     1
14046     1
14047     1
14048     1
14049     1
14050     1
14051     1
14052     1
14053     1
14054     1
14055     1
14056     1
14057     1
14058     1
14059     1
14061     1
14063     1
14065     1
14067     1
14069     1
14071     1
14074     1
14075     1
14077     1
14081     1
14084     1
14085     1
14089     1
14090     1
14091     1
14092     1
14093     1
14094     1
14095     1
14096     1
14097     1
14099     1
14100     1
14101     1
14102     1
14103     1
14104     1
14105     1
14106     1
14107     1
14108     1
14109     1
14110     1
14111     1
14112     1
14113     1
14114     1
14116     1
14118     1
14121     1
14124     1
14125     1
14127     1
14129     1
14130     1
14133     1
14136     1
14137     1
14140     1
14142     1
14144     1
14146     1
14147     1
14148     1
14150     1
14151     1
14152     1
14153     1
14154     1
14155     1
14156     1
14158     1
14159     1
14160     1
14162     1
14168     1
14169     1
14173     1
14175     1
14176     1
14178     1
14179     1
14180     1
14183     1
14185     1
14186     1
14187     1
14188     1
14190     1
14192     1
14193     1
14197     1
14198     1
14200     1
14201     1
14202     1
14203     1
14204     1
14206     1
14210     1
14213     1
14214     1
14218     1
14219     1
14220     1
14222     1
14224     1
14225     1
14226     1
14227     1
14230     1
14231     1
14232     1
14233     1
14236     1
14238     1
14240     1
14241     1
14242     1
14243     1
14249     1
14251     1
14253     1
14255     1
14256     1
14257     1
14261     1
14263     1
14264     1
14267     1
14268     1
14270     1
14271     1
14272     1
14275     1
14276     1
14278     1
14279     1
14282     1
14284     1
14285     1
14287     1
14290     1
14293     1
14294     1
14295     1
14297     1
14298     1
14299     1
14300     1
14302     1
14304     1
14305     1
14310     1
14313     1
14317     1
14318     1
14320     1
14324     1
14326     1
14328     1
14330     1
14331     1
14333     1
14338     1
14346     1
14347     1
14348     1
14349     1
14350     1
14351     1
14362     1
14365     1
14366     1
14367     1
14369     1
14371     1
14375     1
14377     1
14379     1
14380     1
14383     1
14390     1
14391     1
14405     1
14408     1
14411     1
14413     1
14419     1
14421     1
14423     1
14429     1
14433     1
14435     1
14437     1
14440     1
14445     1
14452     1
14457     1
14459     1
14462     1
14465     1
14467     1
14470     1
14480     1
14486     1
14488     1
14490     1
14492     1
14494     1
14496     1
14501     1
14502     1
14504     1
14507     1
14520     1
14523     1
14525     1
14526     1
14527     1
14540     1
14544     1
14545     1
14546     1
14547     1
14548     1
14549     1
14550     1
14551     1
14552     1
14553     1
14554     1
14555     1
14556     1
14557     1
14558     1
14559     1
14560     1
14561     1
14562     1
14563     1
14564     1
14565     1
14566     1
14567     1
14568     1
14570     1
14571     1
14572     1
14573     1
14574     1
14575     1
14577     1
14578     1
14579     1
14580     1
14581     1
14582     1
14584     1
14585     1
14587     1
14588     1
14590     1
14591     1
14592     1
14593     1
14594     1
14595     1
14596     1
14599     1
14600     1
14602     1
14603     1
14604     1
14605     1
14606     1
14608     1
14610     1
14611     1
14613     1
14618     1
14619     1
14622     1
14625     1
14630     1
14631     1
14632     1
14634     1
14635     1
14636     1
14637     1
14638     1
14639     1
14640     1
14641     1
14642     1
14643     1
14644     1
14647     1
14648     1
14650     1
14653     1
14654     1
14655     1
14656     1
14657     1
14658     1
14659     1
14661     1
14662     1
14663     1
14665     1
14666     1
14669     1
14670     1
14671     1
14674     1
14675     1
14676     1
14677     1
14682     1
14686     1
14688     1
14689     1
14690     1
14692     1
14693     1
14694     1
14695     1
14698     1
14701     1
14702     1
14704     1
14705     1
14706     1
14707     1
14710     1
14711     1
14713     1
14714     1
14715     1
14716     1
14717     1
14719     1
14720     1
14723     1
14725     1
14726     1
14727     1
14728     1
14729     1
14731     1
14733     1
14739     1
14741     1
14743     1
14746     1
14747     1
14749     1
14751     1
14752     1
14754     1
14755     1
14758     1
14759     1
14761     1
14762     1
14766     1
14767     1
14768     1
14769     1
14770     1
14773     1
14775     1
14777     1
14779     1
14780     1
14782     1
14783     1
14785     1
14787     1
14789     1
14792     1
14793     1
14797     1
14798     1
14799     1
14801     1
14806     1
14807     1
14810     1
14811     1
14813     1
14814     1
14816     1
14819     1
14821     1
14823     1
14825     1
14826     1
14827     1
14829     1
14832     1
14833     1
14835     1
14836     1
14838     1
14840     1
14842     1
14843     1
14844     1
14845     1
14846     1
14847     1
14849     1
14853     1
14854     1
14855     1
14856     1
14858     1
14859     1
14862     1
14863     1
14866     1
14868     1
14870     1
14871     1
14873     1
14875     1
14880     1
14881     1
14883     1
14884     1
14886     1
14888     1
14890     1
14892     1
14896     1
14898     1
14900     1
14901     1
14902     1
14905     1
14910     1
14914     1
14915     1
14917     1
14919     1
14923     1
14924     1
14926     1
14928     1
14929     1
14930     1
14933     1
14934     1
14935     1
14936     1
14938     1
14940     1
14942     1
14945     1
14948     1
14950     1
14951     1
14952     1
14953     1
14954     1
14960     1
14961     1
14962     1
14964     1
14967     1
14968     1
14970     1
14974     1
14981     1
14982     1
14984     1
14987     1
14988     1
14990     1
14992     1
14994     1
14996     1
14997     1
15000     1
15006     1
15007     1
15008     1
15011     1
15012     1
15018     1
15029     1
15034     1
15035     1
15036     1
15038     1
15039     1
15041     1
15042     1
15046     1
15048     1
15051     1
15056     1
15057     1
15058     1
15061     1
15062     1
15063     1
15064     1
15069     1
15082     1
15086     1
15091     1
15096     1
15097     1
15098     1
15099     1
15100     1
15102     1
15105     1
15107     1
15109     1
15110     1
15111     1
15120     1
15122     1
15125     1
15131     1
15143     1
15148     1
15149     1
15150     1
15151     1
15152     1
15154     1
15155     1
15156     1
15157     1
15158     1
15159     1
15160     1
15164     1
15167     1
15168     1
15174     1
15178     1
15183     1
15185     1
15188     1
15192     1
15193     1
15196     1
15197     1
15202     1
15203     1
15204     1
15205     1
15206     1
15207     1
15208     1
15209     1
15213     1
15215     1
15216     1
15219     1
15220     1
15222     1
15226     1
15229     1
15231     1
15235     1
15240     1
15247     1
15248     1
15251     1
15252     1
15254     1
15255     1
15256     1
15257     1
15258     1
15259     1
15260     1
15262     1
15263     1
15270     1
15277     1
15279     1
15280     1
15282     1
15285     1
15288     1
15289     1
15290     1
15291     1
15292     1
15293     1
15294     1
15295     1
15296     1
15297     1
15298     1
15299     1
15300     1
15302     1
15303     1
15304     1
15305     1
15306     1
15307     1
15308     1
15309     1
15311     1
15312     1
15313     1
15315     1
15316     1
15317     1
15318     1
15319     1
15321     1
15322     1
15323     1
15324     1
15325     1
15326     1
15327     1
15328     1
15329     1
15330     1
15331     1
15332     1
15333     1
15334     1
15335     1
15336     1
15337     1
15338     1
15339     1
15341     1
15342     1
15343     1
15344     1
15345     1
15346     1
15347     1
15348     1
15352     1
15353     1
15354     1
15356     1
15357     1
15358     1
15359     1
15362     1
15363     1
15364     1
15365     1
15366     1
15367     1
15369     1
15371     1
15372     1
15374     1
15377     1
15378     1
15379     1
15380     1
15383     1
15384     1
15385     1
15386     1
15387     1
15388     1
15390     1
15391     1
15392     1
15394     1
15395     1
15399     1
15400     1
15401     1
15402     1
15403     1
15404     1
15405     1
15407     1
15408     1
15409     1
15410     1
15413     1
15414     1
15416     1
15418     1
15419     1
15420     1
15421     1
15423     1
15425     1
15426     1
15427     1
15428     1
15429     1
15431     1
15432     1
15433     1
15434     1
15435     1
15437     1
15438     1
15439     1
15444     1
15446     1
15447     1
15448     1
15449     1
15450     1
15451     1
15452     1
15453     1
15455     1
15456     1
15458     1
15461     1
15462     1
15463     1
15465     1
15466     1
15467     1
15468     1
15470     1
15471     1
15472     1
15473     1
15474     1
15476     1
15478     1
15479     1
15480     1
15482     1
15485     1
15486     1
15487     1
15490     1
15491     1
15492     1
15496     1
15497     1
15499     1
15500     1
15503     1
15504     1
15506     1
15508     1
15509     1
15510     1
15514     1
15515     1
15516     1
15517     1
15518     1
15519     1
15520     1
15522     1
15523     1
15525     1
15527     1
15531     1
15532     1
15533     1
15534     1
15536     1
15538     1
15539     1
15542     1
15543     1
15544     1
15545     1
15547     1
15548     1
15549     1
15550     1
15551     1
15554     1
15556     1
15558     1
15559     1
15560     1
15561     1
15563     1
15564     1
15565     1
15567     1
15569     1
15571     1
15573     1
15575     1
15576     1
15579     1
15583     1
15586     1
15587     1
15590     1
15591     1
15592     1
15593     1
15594     1
15597     1
15598     1
15599     1
15601     1
15602     1
15603     1
15604     1
15605     1
15606     1
15608     1
15610     1
15611     1
15612     1
15614     1
15617     1
15618     1
15619     1
15620     1
15621     1
15622     1
15623     1
15624     1
15627     1
15628     1
15629     1
15636     1
15637     1
15638     1
15639     1
15640     1
15641     1
15642     1
15644     1
15645     1
15647     1
15653     1
15656     1
15657     1
15658     1
15662     1
15663     1
15666     1
15668     1
15671     1
15672     1
15674     1
15676     1
15679     1
15680     1
15681     1
15682     1
15683     1
15684     1
15685     1
15686     1
15690     1
15691     1
15692     1
15693     1
15694     1
15695     1
15698     1
15699     1
15701     1
15702     1
15703     1
15705     1
15707     1
15708     1
15710     1
15711     1
15714     1
15715     1
15716     1
15719     1
15721     1
15722     1
15725     1
15726     1
15727     1
15728     1
15729     1
15731     1
15733     1
15736     1
15738     1
15741     1
15745     1
15753     1
15754     1
15756     1
15759     1
15763     1
15764     1
15765     1
15766     1
15767     1
15769     1
15770     1
15771     1
15774     1
15776     1
15779     1
15783     1
15788     1
15791     1
15792     1
15793     1
15794     1
15795     1
15796     1
15798     1
15800     1
15802     1
15804     1
15811     1
15816     1
15820     1
15825     1
15826     1
15830     1
15831     1
15835     1
15838     1
15840     1
15842     1
15844     1
15849     1
15850     1
15851     1
15853     1
15856     1
15859     1
15863     1
15867     1
15870     1
15872     1
15878     1
15879     1
15884     1
15885     1
15886     1
15888     1
15896     1
15900     1
15901     1
15904     1
15909     1
15913     1
15915     1
15916     1
15918     1
15919     1
15920     1
15921     1
15924     1
15926     1
15930     1
15931     1
15932     1
15933     1
15935     1
15937     1
15940     1
15941     1
15943     1
15946     1
15952     1
15957     1
15958     1
15960     1
15961     1
15962     1
15963     1
15965     1
15967     1
15968     1
15969     1
15970     1
15971     1
15972     1
15978     1
15979     1
15981     1
15982     1
15986     1
15988     1
15989     1
15993     1
15994     1
15997     1
15998     1
15999     1
16000     1
16001     1
16003     1
16004     1
16006     1
16007     1
16009     1
16014     1
16015     1
16016     1
16018     1
16019     1
16020     1
16022     1
16024     1
16030     1
16032     1
16033     1
16035     1
16036     1
16037     1
16038     1
16039     1
16040     1
16041     1
16048     1
16050     1
16051     1
16053     1
16054     1
16056     1
16058     1
16059     1
16061     1
16063     1
16064     1
16066     1
16068     1
16069     1
16070     1
16071     1
16073     1
16075     1
16076     1
16078     1
16079     1
16080     1
16081     1
16082     1
16083     1
16084     1
16085     1
16086     1
16087     1
16088     1
16089     1
16090     1
16091     1
16092     1
16093     1
16094     1
16095     1
16096     1
16097     1
16098     1
16099     1
16100     1
16101     1
16102     1
16103     1
16104     1
16106     1
16107     1
16108     1
16109     1
16110     1
16111     1
16112     1
16113     1
16115     1
16116     1
16117     1
16118     1
16119     1
16120     1
16121     1
16122     1
16123     1
16125     1
16126     1
16127     1
16128     1
16129     1
16130     1
16132     1
16133     1
16135     1
16136     1
16137     1
16138     1
16139     1
16140     1
16142     1
16143     1
16144     1
16146     1
16147     1
16149     1
16150     1
16152     1
16153     1
16154     1
16155     1
16157     1
16159     1
16160     1
16161     1
16162     1
16165     1
16166     1
16167     1
16169     1
16170     1
16171     1
16172     1
16173     1
16174     1
16176     1
16177     1
16178     1
16179     1
16180     1
16181     1
16182     1
16183     1
16185     1
16186     1
16187     1
16188     1
16190     1
16191     1
16193     1
16194     1
16195     1
16196     1
16197     1
16198     1
16199     1
16200     1
16201     1
16202     1
16203     1
16204     1
16206     1
16207     1
16208     1
16210     1
16211     1
16212     1
16213     1
16214     1
16215     1
16219     1
16220     1
16222     1
16223     1
16224     1
16225     1
16226     1
16227     1
16229     1
16230     1
16232     1
16233     1
16234     1
16235     1
16236     1
16237     1
16240     1
16241     1
16242     1
16243     1
16245     1
16247     1
16248     1
16250     1
16251     1
16252     1
16253     1
16255     1
16256     1
16257     1
16258     1
16259     1
16260     1
16261     1
16262     1
16263     1
16264     1
16265     1
16266     1
16267     1
16268     1
16269     1
16270     1
16271     1
16272     1
16273     1
16275     1
16276     1
16278     1
16279     1
16280     1
16281     1
16282     1
16283     1
16284     1
16285     1
16287     1
16288     1
16289     1
16290     1
16292     1
16293     1
16295     1
16299     1
16300     1
16302     1
16303     1
16306     1
16307     1
16308     1
16309     1
16310     1
16311     1
16313     1
16314     1
16315     1
16316     1
16317     1
16319     1
16320     1
16321     1
16324     1
16325     1
16326     1
16328     1
16329     1
16330     1
16331     1
16332     1
16333     1
16334     1
16335     1
16336     1
16339     1
16344     1
16345     1
16347     1
16348     1
16350     1
16351     1
16355     1
16356     1
16357     1
16358     1
16360     1
16363     1
16364     1
16365     1
16368     1
16369     1
16371     1
16373     1
16374     1
16375     1
16376     1
16378     1
16379     1
16380     1
16382     1
16384     1
16385     1
16386     1
16387     1
16388     1
16389     1
16390     1
16391     1
16392     1
16393     1
16394     1
16395     1
16396     1
16397     1
16398     1
16399     1
16400     1
16401     1
16402     1
16403     1
16407     1
16409     1
16411     1
16412     1
16414     1
16416     1
16420     1
16424     1
16425     1
16426     1
16427     1
16428     1
16430     1
16431     1
16432     1
16433     1
16438     1
16441     1
16443     1
16444     1
16445     1
16446     1
16447     1
16448     1
16449     1
16450     1
16451     1
16453     1
16454     1
16455     1
16457     1
16459     1
16460     1
16461     1
16462     1
16463     1
16464     1
16465     1
16466     1
16469     1
16470     1
16474     1
16476     1
16478     1
16479     1
16480     1
16483     1
16484     1
16486     1
16488     1
16489     1
16490     1
16493     1
16494     1
16495     1
16497     1
16499     1
16501     1
16504     1
16506     1
16508     1
16509     1
16510     1
16511     1
16512     1
16513     1
16515     1
16516     1
16517     1
16518     1
16519     1
16520     1
16521     1
16523     1
16525     1
16526     1
16527     1
16528     1
16529     1
16530     1
16531     1
16532     1
16533     1
16534     1
16535     1
16538     1
16545     1
16546     1
16547     1
16550     1
16552     1
16554     1
16555     1
16557     1
16558     1
16559     1
16560     1
16561     1
16563     1
16564     1
16566     1
16569     1
16570     1
16573     1
16574     1
16575     1
16578     1
16580     1
16581     1
16582     1
16583     1
16584     1
16586     1
16587     1
16591     1
16592     1
16593     1
16596     1
16599     1
16602     1
16603     1
16604     1
16606     1
16609     1
16610     1
16611     1
16615     1
16616     1
16617     1
16619     1
16620     1
16621     1
16622     1
16623     1
16625     1
16626     1
16628     1
16630     1
16631     1
16633     1
16634     1
16635     1
16636     1
16637     1
16640     1
16641     1
16642     1
16644     1
16645     1
16646     1
16647     1
16651     1
16652     1
16653     1
16654     1
16655     1
16656     1
16657     1
16659     1
16664     1
16666     1
16667     1
16668     1
16669     1
16670     1
16672     1
16673     1
16674     1
16675     1
16676     1
16677     1
16678     1
16679     1
16681     1
16682     1
16684     1
16685     1
16686     1
16687     1
16688     1
16690     1
16691     1
16692     1
16693     1
16695     1
16696     1
16698     1
16701     1
16707     1
16708     1
16709     1
16710     1
16712     1
16713     1
16714     1
16715     1
16716     1
16719     1
16720     1
16721     1
16722     1
16723     1
16725     1
16726     1
16727     1
16728     1
16730     1
16731     1
16732     1
16733     1
16734     1
16735     1
16736     1
16738     1
16739     1
16740     1
16741     1
16742     1
16743     1
16744     1
16745     1
16749     1
16750     1
16751     1
16753     1
16755     1
16758     1
16760     1
16761     1
16765     1
16767     1
16769     1
16770     1
16771     1
16772     1
16773     1
16774     1
16775     1
16776     1
16777     1
16779     1
16781     1
16782     1
16783     1
16784     1
16785     1
16786     1
16787     1
16788     1
16789     1
16791     1
16792     1
16793     1
16795     1
16798     1
16800     1
16802     1
16803     1
16804     1
16805     1
16808     1
16810     1
16811     1
16812     1
16813     1
16816     1
16820     1
16822     1
16823     1
16824     1
16826     1
16827     1
16828     1
16830     1
16831     1
16832     1
16835     1
16836     1
16837     1
16838     1
16840     1
16841     1
16842     1
16843     1
16844     1
16845     1
16846     1
16847     1
16849     1
16850     1
16851     1
16853     1
16854     1
16855     1
16856     1
16857     1
16858     1
16859     1
16860     1
16861     1
16862     1
16863     1
16864     1
16865     1
16866     1
16867     1
16868     1
16869     1
16870     1
16871     1
16872     1
16874     1
16875     1
16876     1
16877     1
16878     1
16879     1
16880     1
16881     1
16882     1
16883     1
16884     1
16885     1
16886     1
16887     1
16888     1
16889     1
16891     1
16892     1
16893     1
16894     1
16895     1
16897     1
16898     1
16901     1
16902     1
16903     1
16905     1
16906     1
16908     1
16909     1
16911     1
16912     1
16914     1
16916     1
16917     1
16918     1
16919     1
16920     1
16922     1
16923     1
16924     1
16926     1
16927     1
16928     1
16929     1
16930     1
16931     1
16932     1
16934     1
16935     1
16936     1
16937     1
16939     1
16940     1
16941     1
16942     1
16943     1
16944     1
16945     1
16946     1
16947     1
16948     1
16949     1
16951     1
16952     1
16953     1
16954     1
16955     1
16956     1
16957     1
16958     1
16959     1
16960     1
16961     1
16962     1
16963     1
16965     1
16966     1
16967     1
16968     1
16969     1
16970     1
16971     1
16972     1
16973     1
16974     1
16975     1
16976     1
16977     1
16979     1
16982     1
16984     1
16985     1
16986     1
16987     1
16988     1
16989     1
16990     1
16991     1
16992     1
16993     1
16994     1
16995     1
16996     1
16997     1
16998     1
16999     1
17000     1
17002     1
17004     1
17005     1
17006     1
17007     1
17008     1
17009     1
17011     1
17012     1
17014     1
17017     1
17021     1
17022     1
17023     1
17024     1
17025     1
17026     1
17027     1
17028     1
17029     1
17030     1
17031     1
17032     1
17034     1
17035     1
17037     1
17038     1
17039     1
17040     1
17041     1
17042     1
17044     1
17045     1
17046     1
17048     1
17049     1
17050     1
17051     1
17053     1
17054     1
17055     1
17056     1
17057     1
17058     1
17059     1
17060     1
17061     1
17062     1
17063     1
17064     1
17065     1
17066     1
17067     1
17068     1
17069     1
17070     1
17071     1
17072     1
17073     1
17074     1
17075     1
17077     1
17078     1
17080     1
17081     1
17082     1
17083     1
17084     1
17085     1
17087     1
17088     1
17089     1
17090     1
17092     1
17093     1
17094     1
17095     1
17096     1
17097     1
17098     1
17101     1
17103     1
17104     1
17108     1
17113     1
17115     1
17116     1
17117     1
17118     1
17120     1
17122     1
17123     1
17124     1
17125     1
17126     1
17127     1
17128     1
17129     1
17130     1
17131     1
17133     1
17134     1
17135     1
17136     1
17137     1
17138     1
17139     1
17140     1
17142     1
17143     1
17144     1
17145     1
17148     1
17149     1
17150     1
17151     1
17152     1
17153     1
17154     1
17156     1
17157     1
17159     1
17163     1
17164     1
17165     1
17166     1
17167     1
17168     1
17169     1
17170     1
17171     1
17172     1
17173     1
17174     1
17175     1
17176     1
17177     1
17178     1
17179     1
17180     1
17181     1
17182     1
17183     1
17184     1
17185     1
17187     1
17188     1
17191     1
17194     1
17195     1
17199     1
17200     1
17201     1
17203     1
17205     1
17206     1
17207     1
17209     1
17211     1
17212     1
17215     1
17217     1
17218     1
17219     1
17221     1
17222     1
17223     1
17224     1
17225     1
17226     1
17227     1
17228     1
17229     1
17230     1
17232     1
17233     1
17234     1
17235     1
17236     1
17237     1
17238     1
17239     1
17240     1
17241     1
17242     1
17243     1
17244     1
17245     1
17246     1
17248     1
17249     1
17250     1
17252     1
17253     1
17255     1
17256     1
17257     1
17258     1
17259     1
17260     1
17261     1
17264     1
17265     1
17266     1
17267     1
17269     1
17271     1
17272     1
17273     1
17274     1
17275     1
17276     1
17277     1
17278     1
17279     1
17280     1
17281     1
17282     1
17283     1
17284     1
17285     1
17286     1
17287     1
17289     1
17290     1
17292     1
17293     1
17294     1
17295     1
17296     1
17298     1
17299     1
17300     1
17301     1
17302     1
17304     1
17306     1
17307     1
17308     1
17311     1
17312     1
17313     1
17314     1
17315     1
17316     1
17317     1
17318     1
17319     1
17320     1
17321     1
17322     1
17323     1
17324     1
17325     1
17326     1
17327     1
17328     1
17329     1
17330     1
17331     1
17332     1
17333     1
17335     1
17336     1
17337     1
17338     1
17339     1
17340     1
17341     1
17342     1
17342     1
17342     1
17344     1
17346     1
17348     1
17349     1
17349     1
17350     1
17351     1
17352     1
17353     1
17353     1
17353     1
17354     1
17354     1
17357     1
17357     1
17358     1
17360     1
17360     1
17361     1
17362     1
17363     1
17365     1
17366     1
17367     1
17368     1
17369     1
17370     1
17371     1
17372     1
17373     1
17374     1
17375     1
17376     1
17377     1
17378     1
17381     1
17382     1
17383     1
17384     1
17385     1
17386     1
17387     1
17388     1
17389     1
17390     1
17392     1
17393     1
17394     1
17396     1
17396     1
17397     1
17399     1
17400     1
17401     1
17402     1
17403     1
17405     1
17406     1
17406     1
17407     1
17408     1
17409     1
17411     1
17413     1
17414     1
17416     1
17418     1
17419     1
17420     1
17421     1
17423     1
17425     1
17426     1
17427     1
17428     1
17429     1
17430     1
17431     1
17432     1
17433     1
17434     1
17435     1
17436     1
17437     1
17438     1
17439     1
17441     1
17442     1
17443     1
17444     1
17445     1
17448     1
17448     1
17449     1
17450     1
17451     1
17452     1
17453     1
17455     1
17459     1
17459     1
17460     1
17461     1
17462     1
17464     1
17465     1
17468     1
17469     1
17470     1
17471     1
17474     1
17475     1
17477     1
17478     1
17479     1
17480     1
17481     1
17483     1
17485     1
17486     1
17487     1
17488     1
17489     1
17491     1
17492     1
17494     1
17495     1
17497     1
17498     1
17500     1
17501     1
17501     1
17503     1
17504     1
17505     1
17505     1
17506     1
17507     1
17508     1
17509     1
17511     1
17512     1
17514     1
17515     1
17516     1
17517     1
17518     1
17519     1
17520     1
17522     1
17523     1
17524     1
17525     1
17526     1
17527     1
17529     1
17531     1
17532     1
17533     1
17534     1
17536     1
17537     1
17539     1
17540     1
17541     1
17542     1
17544     1
17545     1
17546     1
17546     1
17547     1
17548     1
17548     1
17550     1
17551     1
17553     1
17554     1
17556     1
17559     1
17560     1
17561     1
17562     1
17565     1
17566     1
17567     1
17568     1
17569     1
17570     1
17571     1
17572     1
17573     1
17574     1
17575     1
17577     1
17580     1
17581     1
17582     1
17583     1
17584     1
17585     1
17588     1
17589     1
17590     1
17591     1
17592     1
17594     1
17595     1
17595     1
17596     1
17596     1
17597     1
17598     1
17599     1
17600     1
17601     1
17602     1
17603     1
17604     1
17605     1
17606     1
17607     1
17608     1
17609     1
17610     1
17611     1
17612     1
17613     1
17614     1
17615     1
17617     1
17619     1
17620     1
17623     1
17624     1
17626     1
17627     1
17628     1
17631     1
17632     1
17633     1
17634     1
17635     1
17637     1
17638     1
17639     1
17639     1
17640     1
17642     1
17643     1
17643     1
17644     1
17645     1
17646     1
17647     1
17648     1
17649     1
17650     1
17651     1
17652     1
17654     1
17655     1
17656     1
17657     1
17658     1
17659     1
17660     1
17661     1
17662     1
17664     1
17666     1
17667     1
17669     1
17671     1
17673     1
17674     1
17675     1
17676     1
17677     1
17680     1
17681     1
17682     1
17683     1
17684     1
17685     1
17686     1
17687     1
17689     1
17690     1
17690     1
17691     1
17692     1
17693     1
17693     1
17694     1
17695     1
17697     1
17698     1
17699     1
17701     1
17702     1
17703     1
17705     1
17706     1
17707     1
17708     1
17709     1
17710     1
17712     1
17714     1
17715     1
17716     1
17717     1
17718     1
17719     1
17720     1
17721     1
17722     1
17723     1
17725     1
17726     1
17727     1
17728     1
17729     1
17730     1
17731     1
17732     1
17735     1
17736     1
17738     1
17738     1
17739     1
17740     1
17741     1
17742     1
17743     1
17745     1
17746     1
17746     1
17747     1
17748     1
17749     1
17752     1
17754     1
17755     1
17756     1
17758     1
17759     1
17760     1
17761     1
17762     1
17763     1
17764     1
17765     1
17766     1
17767     1
17768     1
17769     1
17771     1
17772     1
17773     1
17774     1
17775     1
17776     1
17778     1
17779     1
17781     1
17783     1
17784     1
17785     1
17786     1
17787     1
17788     1
17789     1
17790     1
17791     1
17792     1
17793     1
17793     1
17794     1
17795     1
17796     1
17797     1
17798     1
17799     1
17800     1
17802     1
17803     1
17804     1
17805     1
17806     1
17807     1
17809     1
17810     1
17812     1
17813     1
17813     1
17815     1
17817     1
17818     1
17819     1
17821     1
17823     1
17824     1
17825     1
17826     1
17827     1
17828     1
17829     1
17830     1
17831     1
17832     1
17833     1
17835     1
17836     1
17837     1
17838     1
17839     1
17840     1
17841     1
17842     1
17843     1
17844     1
17844     1
17845     1
17846     1
17847     1
17848     1
17850     1
17851     1
17852     1
17853     1
17854     1
17854     1
17855     1
17856     1
17858     1
17859     1
17860     1
17861     1
17862     1
17862     1
17863     1
17864     1
17865     1
17866     1
17867     1
17868     1
17869     1
17873     1
17874     1
17876     1
17877     1
17879     1
17880     1
17881     1
17882     1
17883     1
17884     1
17884     1
17885     1
17886     1
17887     1
17889     1
17890     1
17891     1
17892     1
17893     1
17894     1
17895     1
17896     1
17897     1
17898     1
17899     1
17900     1
17901     1
17902     1
17902     1
17903     1
17904     1
17905     1
17908     1
17909     1
17910     1
17910     1
17911     1
17912     1
17913     1
17914     1
17915     1
17916     1
17918     1
17919     1
17921     1
17923     1
17924     1
17925     1
17926     1
17927     1
17928     1
17929     1
17930     1
17930     1
17932     1
17933     1
17934     1
17937     1
17938     1
17939     1
17941     1
17942     1
17943     1
17944     1
17945     1
17946     1
17947     1
17948     1
17949     1
17950     1
17951     1
17952     1
17953     1
17953     1
17954     1
17955     1
17956     1
17956     1
17957     1
17957     1
17958     1
17960     1
17961     1
17962     1
17964     1
17965     1
17966     1
17967     1
17968     1
17969     1
17970     1
17971     1
17972     1
17973     1
17974     1
17975     1
17976     1
17977     1
17979     1
17980     1
17981     1
17983     1
17984     1
17988     1
17990     1
17992     1
17993     1
17993     1
17994     1
17995     1
17996     1
17997     1
17998     1
17999     1
18000     1
18001     1
18002     1
18003     1
18004     1
18005     1
18006     1
18007     1
18008     1
18009     1
18010     1
18012     1
18012     1
18013     1
18015     1
18016     1
18017     1
18017     1
18018     1
18019     1
18020     1
18021     1
18022     1
18023     1
18025     1
18026     1
18027     1
18028     1
18029     1
18030     1
18031     1
18032     1
18033     1
18033     1
18034     1
18035     1
18036     1
18037     1
18038     1
18039     1
18041     1
18042     1
18043     1
18044     1
18045     1
18047     1
18048     1
18049     1
18051     1
18052     1
18053     1
18055     1
18056     1
18057     1
18058     1
18059     1
18060     1
18061     1
18062     1
18062     1
18062     1
18063     1
18064     1
18066     1
18067     1
18068     1
18069     1
18069     1
18070     1
18070     1
18071     1
18072     1
18073     1
18073     1
18074     1
18076     1
18076     1
18076     1
18077     1
18078     1
18079     1
18079     1
18081     1
18081     1
18082     1
18083     1
18083     1
18084     1
18086     1
18086     1
18087     1
18088     1
18089     1
18091     1
18092     1
18093     1
18094     1
18095     1
18096     1
18097     1
18098     1
18099     1
18101     1
18102     1
18103     1
18104     1
18105     1
18106     1
18107     1
18108     1
18109     1
18110     1
18111     1
18112     1
18114     1
18115     1
18115     1
18116     1
18117     1
18118     1
18119     1
18120     1
18121     1
18121     1
18124     1
18125     1
18126     1
18127     1
18127     1
18128     1
18130     1
18131     1
18132     1
18133     1
18135     1
18136     1
18137     1
18138     1
18139     1
18140     1
18141     1
18143     1
18144     1
18146     1
18146     1
18147     1
18148     1
18149     1
18150     1
18151     1
18152     1
18153     1
18154     1
18156     1
18157     1
18158     1
18158     1
18159     1
18160     1
18162     1
18164     1
18165     1
18166     1
18167     1
18168     1
18168     1
18169     1
18170     1
18171     1
18172     1
18173     1
18174     1
18176     1
18177     1
18178     1
18179     1
18180     1
18181     1
18182     1
18183     1
18184     1
18188     1
18189     1
18190     1
18191     1
18195     1
18196     1
18197     1
18198     1
18198     1
18199     1
18200     1
18201     1
18203     1
18203     1
18204     1
18204     1
18205     1
18206     1
18207     1
18208     1
18210     1
18211     1
18211     1
18212     1
18213     1
18214     1
18215     1
18216     1
18217     1
18218     1
18219     1
18220     1
18222     1
18223     1
18225     1
18227     1
18228     1
18230     1
18231     1
18232     1
18233     1
18234     1
18236     1
18237     1
18239     1
18241     1
18242     1
18243     1
18244     1
18245     1
18248     1
18249     1
18249     1
18250     1
18250     1
18251     1
18252     1
18253     1
18254     1
18255     1
18256     1
18257     1
18259     1
18260     1
18261     1
18261     1
18262     1
18263     1
18264     1
18265     1
18265     1
18267     1
18268     1
18269     1
18271     1
18273     1
18274     1
18275     1
18276     1
18277     1
18279     1
18280     1
18282     1
18283     1
18284     1
18285     1
18287     1
18289     1
18290     1
18291     1
18294     1
18295     1
18296     1
18299     1
18300     1
18300     1
18302     1
18303     1
18303     1
18304     1
18305     1
18306     1
18307     1
18308     1
18310     1
18311     1
18311     1
18312     1
18313     1
18316     1
18317     1
18318     1
18319     1
18321     1
18322     1
18323     1
18324     1
18326     1
18327     1
18328     1
18329     1
18331     1
18332     1
18333     1
18334     1
18335     1
18335     1
18336     1
18337     1
18338     1
18339     1
18340     1
18341     1
18342     1
18343     1
18344     1
18344     1
18345     1
18346     1
18347     1
18347     1
18348     1
18349     1
18351     1
18352     1
18353     1
18354     1
18355     1
18359     1
18359     1
18360     1
18362     1
18364     1
18365     1
18367     1
18369     1
18370     1
18371     1
18372     1
18373     1
18375     1
18377     1
18378     1
18381     1
18382     1
18383     1
18384     1
18385     1
18386     1
18387     1
18388     1
18389     1
18390     1
18390     1
18391     1
18392     1
18393     1
18394     1
18395     1
18396     1
18397     1
18398     1
18398     1
18399     1
18399     1
18400     1
18401     1
18402     1
18403     1
18404     1
18404     1
18405     1
18406     1
18407     1
18408     1
18410     1
18411     1
18412     1
18413     1
18414     1
18415     1
18416     1
18417     1
18418     1
18422     1
18423     1
18424     1
18425     1
18426     1
18428     1
18430     1
18431     1
18433     1
18434     1
18435     1
18436     1
18437     1
18439     1
18439     1
18441     1
18442     1
18445     1
18446     1
18448     1
18449     1
18451     1
18451     1
18452     1
18453     1
18454     1
18454     1
18455     1
18456     1
18457     1
18458     1
18459     1
18460     1
18460     1
18461     1
18462     1
18463     1
18464     1
18465     1
18467     1
18468     1
18469     1
18470     1
18471     1
18472     1
18474     1
18475     1
18476     1
18477     1
18478     1
18479     1
18481     1
18482     1
18483     1
18484     1
18484     1
18486     1
18487     1
18488     1
18489     1
18490     1
18492     1
18493     1
18494     1
18494     1
18495     1
18496     1
18497     1
18498     1
18499     1
18500     1
18501     1
18503     1
18504     1
18513     1
18515     1
18524     1
18526     1
18533     1
18533     1
18540     1
18541     1
18546     1
18547     1
18555     1
18557     1
18563     1
18564     1
18568     1
18570     1
18573     1
18574     1
18575     1
18575     1
18576     1
18576     1
18577     1
18578     1
18579     1
18582     1
18583     1
18585     1
18586     1
18587     1
18588     1
18591     1
18593     1
18594     1
18595     1
18596     1
18597     1
18598     1
18599     1
18600     1
18600     1
18603     1
18605     1
18606     1
18609     1
18609     1
18610     1
18612     1
18614     1
18615     1
18617     1
18618     1
18620     1
18623     1
18623     1
18624     1
18625     1
18626     1
18627     1
18628     1
18629     1
18630     1
18634     1
18636     1
18637     1
18640     1
18641     1
18644     1
18644     1
18646     1
18647     1
18648     1
18649     1
18651     1
18652     1
18657     1
18659     1
18659     1
18663     1
18665     1
18666     1
18668     1
18669     1
18670     1
18672     1
18674     1
18676     1
18679     1
18681     1
18682     1
18685     1
18686     1
18687     1
18688     1
18689     1
18690     1
18691     1
18692     1
18692     1
18693     1
18694     1
18701     1
18702     1
18706     1
18706     1
18707     1
18708     1
18709     1
18710     1
18710     1
18710     1
18711     1
18712     1
18714     1
18715     1
18715     1
18717     1
18720     1
18721     1
18721     1
18721     1
18723     1
18724     1
18724     1
18729     1
18729     1
18730     1
18731     1
18732     1
18732     1
18736     1
18737     1
18741     1
18744     1
18744     1
18745     1
18747     1
18748     1
18751     1
18752     1
18753     1
18754     1
18756     1
18759     1
18760     1
18762     1
18763     1
18765     1
18766     1
18767     1
18769     1
18770     1
18771     1
18773     1
18774     1
18776     1
18779     1
18779     1
18780     1
18781     1
18783     1
18784     1
18790     1
18791     1
18792     1
18792     1
18793     1
18793     1
18794     1
18795     1
18796     1
18800     1
18801     1
18802     1
18805     1
18809     1
18810     1
18812     1
18814     1
18817     1
18819     1
18821     1
18824     1
18826     1
18827     1
18830     1
18832     1
18833     1
18834     1
18838     1
18839     1
18841     1
18842     1
18843     1
18844     1
18844     1
18846     1
18847     1
18848     1
18849     1
18850     1
18851     1
18852     1
18853     1
18854     1
18856     1
18858     1
18859     1
18860     1
18863     1
18863     1
18865     1
18866     1
18870     1
18870     1
18873     1
18874     1
18878     1
18880     1
18885     1
18886     1
18888     1
18892     1
18894     1
18895     1
18896     1
18897     1
18897     1
18898     1
18901     1
18903     1
18904     1
18905     1
18906     1
18908     1
18911     1
18912     1
18913     1
18917     1
18919     1
18921     1
18922     1
18924     1
18925     1
18926     1
18927     1
18928     1
18930     1
18931     1
18932     1
18933     1
18936     1
18938     1
18942     1
18943     1
18946     1
18947     1
18948     1
18949     1
18950     1
18950     1
18951     1
18951     1
18952     1
18953     1
18954     1
18956     1
18957     1
18958     1
18961     1
18962     1
18963     1
18965     1
18966     1
18966     1
18967     1
18968     1
18968     1
18968     1
18973     1
18976     1
18976     1
18977     1
18978     1
18979     1
18981     1
18981     1
18981     1
18982     1
18982     1
18983     1
18984     1
18984     1
18985     1
18986     1
18988     1
18988     1
18989     1
18990     1
18996     1
19001     1
19002     1
19003     1
19005     1
19006     1
19009     1
19010     1
19012     1
19013     1
19014     1
19019     1
19020     1
19021     1
19022     1
19024     1
19025     1
19025     1
19027     1
19028     1
19029     1
19031     1
19031     1
19032     1
19033     1
19034     1
19035     1
19038     1
19039     1
19040     1
19041     1
19044     1
19045     1
19045     1
19046     1
19047     1
19049     1
19050     1
19051     1
19052     1
19053     1
19054     1
19057     1
19059     1
19060     1
19062     1
19063     1
19064     1
19068     1
19068     1
19070     1
19073     1
19074     1
19075     1
19076     1
19078     1
19080     1
19082     1
19083     1
19084     1
19093     1
19094     1
19095     1
19097     1
19098     1
19101     1
19103     1
19104     1
19106     1
19106     1
19107     1
19108     1
19109     1
19112     1
19113     1
19113     1
19114     1
19116     1
19117     1
19119     1
19121     1
19123     1
19125     1
19126     1
19127     1
19128     1
19131     1
19132     1
19138     1
19139     1
19140     1
19142     1
19143     1
19144     1
19145     1
19147     1
19147     1
19148     1
19149     1
19150     1
19152     1
19153     1
19154     1
19154     1
19156     1
19157     1
19159     1
19160     1
19161     1
19163     1
19164     1
19167     1
19170     1
19172     1
19172     1
19173     1
19174     1
19177     1
19178     1
19178     1
19180     1
19181     1
19182     1
19183     1
19184     1
19185     1
19186     1
19187     1
19188     1
19189     1
19191     1
19195     1
19197     1
19198     1
19202     1
19204     1
19206     1
19207     1
19208     1
19209     1
19210     1
19211     1
19214     1
19215     1
19216     1
19217     1
19218     1
19218     1
19219     1
19219     1
19224     1
19224     1
19225     1
19226     1
19227     1
19229     1
19230     1
19231     1
19232     1
19233     1
19234     1
19234     1
19237     1
19238     1
19239     1
19240     1
19242     1
19244     1
19245     1
19248     1
19250     1
19252     1
19255     1
19258     1
19259     1
19262     1
19264     1
19265     1
19266     1
19267     1
19269     1
19271     1
19273     1
19275     1
19276     1
19277     1
19279     1
19279     1
19280     1
19280     1
19281     1
19282     1
19284     1
19285     1
19287     1
19288     1
19289     1
19290     1
19290     1
19291     1
19292     1
19293     1
19296     1
19300     1
19304     1
19307     1
19307     1
19308     1
19309     1
19311     1
19313     1
19314     1
19315     1
19317     1
19319     1
19321     1
19322     1
19323     1
19324     1
19326     1
19327     1
19329     1
19330     1
19331     1
19332     1
19332     1
19333     1
19334     1
19336     1
19337     1
19338     1
19339     1
19339     1
19340     1
19341     1
19343     1
19345     1
19345     1
19346     1
19347     1
19349     1
19351     1
19359     1
19360     1
19361     1
19362     1
19363     1
19366     1
19368     1
19369     1
19373     1
19374     1
19375     1
19376     1
19378     1
19380     1
19383     1
19387     1
19388     1
19388     1
19390     1
19391     1
19391     1
19392     1
19393     1
19394     1
19395     1
19396     1
19397     1
19397     1
19398     1
19399     1
19400     1
19401     1
19402     1
19402     1
19404     1
19406     1
19407     1
19408     1
19410     1
19415     1
19416     1
19419     1
19420     1
19421     1
19422     1
19425     1
19427     1
19428     1
19430     1
19431     1
19432     1
19435     1
19437     1
19440     1
19441     1
19442     1
19443     1
19444     1
19444     1
19445     1
19446     1
19448     1
19448     1
19451     1
19452     1
19453     1
19454     1
19455     1
19457     1
19459     1
19459     1
19462     1
19463     1
19463     1
19465     1
19467     1
19468     1
19469     1
19470     1
19471     1
19473     1
19474     1
19476     1
19477     1
19481     1
19483     1
19484     1
19486     1
19487     1
19488     1
19489     1
19490     1
19491     1
19492     1
19492     1
19494     1
19495     1
19496     1
19497     1
19498     1
19499     1
19500     1
19502     1
19506     1
19507     1
19510     1
19511     1
19512     1
19512     1
19516     1
19520     1
19521     1
19522     1
19524     1
19525     1
19527     1
19528     1
19529     1
19531     1
19536     1
19536     1
19537     1
19538     1
19539     1
19540     1
19541     1
19542     1
19542     1
19543     1
19543     1
19544     1
19545     1
19546     1
19547     1
19548     1
19550     1
19551     1
19553     1
19554     1
19555     1
19556     1
19557     1
19559     1
19560     1
19562     1
19563     1
19564     1
19565     1
19566     1
19567     1
19568     1
19570     1
19571     1
19572     1
19573     1
19574     1
19575     1
19578     1
19578     1
19581     1
19584     1
19585     1
19586     1
19588     1
19591     1
19591     1
19593     1
19595     1
19596     1
19597     1
19599     1
19600     1
19600     1
19601     1
19603     1
19603     1
19604     1
19605     1
19606     1
19607     1
19608     1
19609     1
19610     1
19611     1
19612     1
19613     1
19617     1
19619     1
19622     1
19623     1
19624     1
19625     1
19626     1
19626     1
19629     1
19630     1
19631     1
19633     1
19634     1
19636     1
19638     1
19639     1
19640     1
19641     1
19642     1
19643     1
19644     1
19646     1
19647     1
19648     1
19649     1
19650     1
19652     1
19652     1
19652     1
19653     1
19656     1
19656     1
19658     1
19659     1
19660     1
19660     1
19661     1
19661     1
19661     1
19662     1
19663     1
19663     1
19664     1
19665     1
19665     1
19666     1
19666     1
19667     1
19668     1
19668     1
19669     1
19670     1
19671     1
19672     1
19673     1
19674     1
19677     1
19679     1
19680     1
19684     1
19685     1
19685     1
19687     1
19688     1
19689     1
19691     1
19693     1
19694     1
19695     1
19696     1
19697     1
19698     1
19701     1
19702     1
19703     1
19705     1
19706     1
19707     1
19709     1
19710     1
19711     1
19712     1
19713     1
19714     1
19715     1
19717     1
19718     1
19719     1
19720     1
19723     1
19724     1
19724     1
19725     1
19727     1
19729     1
19729     1
19730     1
19731     1
19731     1
19732     1
19733     1
19736     1
19737     1
19738     1
19739     1
19741     1
19742     1
19743     1
19745     1
19746     1
19750     1
19751     1
19752     1
19753     1
19755     1
19756     1
19757     1
19758     1
19760     1
19762     1
19763     1
19763     1
19764     1
19767     1
19769     1
19770     1
19771     1
19772     1
19773     1
19774     1
19776     1
19777     1
19778     1
19779     1
19780     1
19780     1
19781     1
19782     1
19783     1
19784     1
19785     1
19785     1
19786     1
19787     1
19788     1
19789     1
19790     1
19793     1
19794     1
19797     1
19799     1
19800     1
19801     1
19803     1
19805     1
19806     1
19807     1
19808     1
19809     1
19809     1
19810     1
19811     1
19812     1
19813     1
19816     1
19817     1
19819     1
19820     1
19821     1
19824     1
19825     1
19826     1
19828     1
19829     1
19830     1
19831     1
19832     1
19833     1
19835     1
19836     1
19837     1
19839     1
19841     1
19843     1
19843     1
19844     1
19845     1
19845     1
19846     1
19847     1
19849     1
19850     1
19851     1
19852     1
19853     1
19855     1
19855     1
19856     1
19857     1
19858     1
19859     1
19861     1
19862     1
19863     1
19865     1
19867     1
19869     1
19870     1
19871     1
19871     1
19871     1
19872     1
19873     1
19874     1
19875     1
19876     1
19876     1
19877     1
19879     1
19880     1
19880     1
19880     1
19882     1
19882     1
19883     1
19885     1
19885     1
19887     1
19887     1
19888     1
19890     1
19891     1
19892     1
19893     1
19896     1
19897     1
19900     1
19901     1
19902     1
19903     1
19906     1
19907     1
19907     1
19908     1
19909     1
19910     1
19911     1
19913     1
19914     1
19915     1
19918     1
19919     1
19921     1
19922     1
19923     1
19925     1
19926     1
19926     1
19929     1
19930     1
19931     1
19932     1
19934     1
19934     1
19936     1
19937     1
19937     1
19938     1
19939     1
19940     1
19941     1
19942     1
19943     1
19944     1
19945     1
19946     1
19947     1
19948     1
19949     1
19951     1
19952     1
19953     1
19954     1
19955     1
19956     1
19957     1
19958     1
19959     1
19963     1
19964     1
19965     1
19967     1
19968     1
19969     1
19971     1
19972     1
19973     1
19974     1
19975     1
19981     1
19981     1
19982     1
19983     1
19984     1
19986     1
19988     1
19989     1
19989     1
19990     1
19992     1
19993     1
19994     1
19995     1
19996     1
20003     1
20003     1
20004     1
20005     1
20007     1
20008     1
20009     1
20010     1
20010     1
20011     1
20012     1
20013     1
20014     1
20015     1
20016     1
20017     1
20018     1
20019     1
20022     1
20025     1
20028     1
20029     1
20030     1
20031     1
20032     1
20033     1
20034     1
20035     1
20036     1
20037     1
20039     1
20040     1
20041     1
20043     1
20043     1
20045     1
20046     1
20046     1
20047     1
20048     1
20050     1
20051     1
20055     1
20056     1
20057     1
20058     1
20061     1
20062     1
20063     1
20064     1
20065     1
20066     1
20071     1
20072     1
20074     1
20075     1
20077     1
20079     1
20079     1
20080     1
20082     1
20083     1
20084     1
20085     1
20086     1
20087     1
20088     1
20088     1
20089     1
20090     1
20090     1
20093     1
20093     1
20094     1
20095     1
20096     1
20097     1
20098     1
20099     1
20100     1
20101     1
20102     1
20103     1
20105     1
20108     1
20109     1
20110     1
20111     1
20113     1
20114     1
20119     1
20120     1
20121     1
20123     1
20128     1
20129     1
20130     1
20132     1
20133     1
20134     1
20134     1
20135     1
20137     1
20139     1
20140     1
20142     1
20142     1
20143     1
20143     1
20144     1
20145     1
20147     1
20148     1
20149     1
20150     1
20151     1
20152     1
20153     1
20154     1
20157     1
20158     1
20159     1
20159     1
20160     1
20161     1
20162     1
20165     1
20167     1
20169     1
20170     1
20171     1
20172     1
20173     1
20175     1
20176     1
20180     1
20181     1
20182     1
20183     1
20187     1
20189     1
20189     1
20190     1
20190     1
20192     1
20194     1
20195     1
20196     1
20197     1
20197     1
20199     1
20200     1
20204     1
20205     1
20207     1
20209     1
20210     1
20213     1
20215     1
20216     1
20217     1
20219     1
20221     1
20223     1
20224     1
20225     1
20226     1
20227     1
20228     1
20228     1
20232     1
20233     1
20234     1
20235     1
20236     1
20238     1
20239     1
20242     1
20242     1
20243     1
20246     1
20247     1
20248     1
20249     1
20250     1
20250     1
20251     1
20252     1
20253     1
20254     1
20257     1
20258     1
20259     1
20259     1
20261     1
20262     1
20263     1
20265     1
20267     1
20269     1
20270     1
20271     1
20272     1
20276     1
20279     1
20281     1
20282     1
20286     1
20287     1
20287     1
20288     1
20289     1
20291     1
20292     1
20293     1
20295     1
20298     1
20299     1
20300     1
20302     1
20302     1
20303     1
20304     1
20305     1
20306     1
20306     1
20307     1
20309     1
20310     1
20312     1
20314     1
20315     1
20319     1
20320     1
20321     1
20322     1
20322     1
20323     1
20324     1
20325     1
20326     1
20327     1
20328     1
20330     1
20331     1
20332     1
20332     1
20333     1
20334     1
20336     1
20338     1
20339     1
20342     1
20343     1
20344     1
20345     1
20346     1
20348     1
20350     1
20352     1
20355     1
20356     1
20358     1
20359     1
20359     1
20360     1
20363     1
20364     1
20365     1
20366     1
20368     1
20369     1
20372     1
20374     1
20375     1
20377     1
20377     1
20378     1
20378     1
20379     1
20380     1
20381     1
20382     1
20382     1
20383     1
20384     1
20385     1
20386     1
20387     1
20388     1
20389     1
20390     1
20391     1
20393     1
20394     1
20395     1
20396     1
20397     1
20398     1
20399     1
20400     1
20401     1
20402     1
20403     1
20405     1
20406     1
20407     1
20408     1
20408     1
20409     1
20411     1
20413     1
20414     1
20415     1
20415     1
20416     1
20416     1
20418     1
20419     1
20421     1
20422     1
20423     1
20424     1
20426     1
20427     1
20428     1
20428     1
20430     1
20431     1
20433     1
20435     1
20436     1
20443     1
20444     1
20447     1
20448     1
20449     1
20450     1
20451     1
20452     1
20453     1
20454     1
20454     1
20455     1
20456     1
20456     1
20456     1
20457     1
20458     1
20459     1
20460     1
20461     1
20462     1
20462     1
20463     1
20464     1
20465     1
20466     1
20467     1
20468     1
20468     1
20468     1
20469     1
20471     1
20471     1
20472     1
20472     1
20473     1
20474     1
20475     1
20475     1
20476     1
20476     1
20477     1
20479     1
20479     1
20481     1
20482     1
20483     1
20486     1
20487     1
20489     1
20490     1
20491     1
20493     1
20494     1
20496     1
20497     1
20510     1
20520     1
20526     1
20527     1
20531     1
20531     1
20537     1
20540     1
20542     1
20545     1
20548     1
20552     1
20553     1
20557     1
20559     1
20562     1
20564     1
20565     1
20567     1
20569     1
20571     1
20573     1
20576     1
20579     1
20583     1
20583     1
20584     1
20588     1
20590     1
20591     1
20592     1
20592     1
20593     1
20593     1
20594     1
20596     1
20599     1
20600     1
20602     1
20604     1
20605     1
20609     1
20610     1
20611     1
20613     1
20615     1
20620     1
20622     1
20625     1
20626     1
20627     1
20631     1
20636     1
20641     1
20644     1
20647     1
20648     1
20648     1
20649     1
20650     1
20651     1
20652     1
20653     1
20654     1
20655     1
20658     1
20659     1
20660     1
20664     1
20665     1
20666     1
20669     1
20670     1
20672     1
20673     1
20675     1
20675     1
20676     1
20677     1
20678     1
20679     1
20685     1
20685     1
20687     1
20688     1
20693     1
20697     1
20703     1
20704     1
20706     1
20708     1
20709     1
20710     1
20714     1
20714     1
20718     1
20720     1
20721     1
20722     1
20725     1
20728     1
20729     1
20730     1
20735     1
20737     1
20738     1
20739     1
20741     1
20742     1
20745     1
20746     1
20747     1
20748     1
20750     1
20751     1
20752     1
20754     1
20755     1
20756     1
20757     1
20758     1
20762     1
20762     1
20763     1
20763     1
20764     1
20765     1
20766     1
20768     1
20772     1
20773     1
20775     1
20775     1
20776     1
20778     1
20779     1
20780     1
20783     1
20788     1
20790     1
20791     1
20792     1
20793     1
20794     1
20796     1
20798     1
20801     1
20802     1
20802     1
20802     1
20804     1
20805     1
20806     1
20809     1
20809     1
20810     1
20811     1
20814     1
20814     1
20814     1
20817     1
20818     1
20818     1
20819     1
20820     1
20822     1
20822     1
20824     1
20825     1
20827     1
20827     1
20829     1
20832     1
20833     1
20833     1
20834     1
20835     1
20836     1
20838     1
20839     1
20843     1
20844     1
20846     1
20847     1
20848     1
20852     1
20854     1
20855     1
20857     1
20859     1
20861     1
20862     1
20863     1
20864     1
20865     1
20867     1
20868     1
20869     1
20869     1
20872     1
20873     1
20874     1
20875     1
20876     1
20876     1
20878     1
20880     1
20881     1
20884     1
20887     1
20889     1
20890     1
20890     1
20891     1
20893     1
20894     1
20897     1
20899     1
20900     1
20902     1
20904     1
20905     1
20910     1
20912     1
20916     1
20918     1
20919     1
20925     1
20928     1
20930     1
20931     1
20933     1
20934     1
20938     1
20939     1
20939     1
20940     1
20941     1
20942     1
20945     1
20947     1
20952     1
20953     1
20953     1
20955     1
20956     1
20957     1
20958     1
20959     1
20959     1
20961     1
20962     1
20963     1
20964     1
20965     1
20966     1
20966     1
20968     1
20969     1
20970     1
20971     1
20972     1
20975     1
20981     1
20982     1
20983     1
20984     1
20985     1
20986     1
20988     1
20991     1
20992     1
20993     1
20997     1
21003     1
21004     1
21005     1
21006     1
21006     1
21010     1
21011     1
21012     1
21013     1
21014     1
21014     1
21015     1
21017     1
21018     1
21020     1
21023     1
21026     1
21028     1
21034     1
21040     1
21045     1
21045     1
21047     1
21049     1
21050     1
21052     1
21052     1
21054     1
21056     1
21057     1
21058     1
21060     1
21061     1
21063     1
21064     1
21065     1
21066     1
21068     1
21070     1
21070     1
21072     1
21073     1
21074     1
21074     1
21075     1
21076     1
21077     1
21079     1
21080     1
21082     1
21084     1
21087     1
21094     1
21096     1
21098     1
21099     1
21101     1
21102     1
21103     1
21103     1
21106     1
21108     1
21109     1
21110     1
21111     1
21112     1
21115     1
21116     1
21117     1
21119     1
21120     1
21121     1
21121     1
21122     1
21122     1
21123     1
21125     1
21127     1
21128     1
21129     1
21130     1
21131     1
21132     1
21132     1
21133     1
21138     1
21139     1
21144     1
21146     1
21147     1
21149     1
21150     1
21152     1
21154     1
21155     1
21156     1
21156     1
21157     1
21159     1
21161     1
21162     1
21164     1
21170     1
21171     1
21173     1
21175     1
21175     1
21176     1
21177     1
21178     1
21179     1
21179     1
21180     1
21181     1
21183     1
21184     1
21186     1
21188     1
21189     1
21192     1
21194     1
21195     1
21197     1
21202     1
21202     1
21203     1
21205     1
21206     1
21207     1
21210     1
21210     1
21212     1
21213     1
21214     1
21215     1
21216     1
21217     1
21220     1
21222     1
21224     1
21225     1
21229     1
21231     1
21232     1
21232     1
21233     1
21234     1
21235     1
21237     1
21239     1
21239     1
21241     1
21242     1
21244     1
21245     1
21247     1
21248     1
21249     1
21252     1
21254     1
21258     1
21258     1
21260     1
21261     1
21262     1
21263     1
21264     1
21272     1
21275     1
21276     1
21277     1
21278     1
21281     1
21281     1
21282     1
21283     1
21284     1
21287     1
21288     1
21289     1
21290     1
21290     1
21291     1
21292     1
21293     1
21294     1
21296     1
21297     1
21299     1
21301     1
21301     1
21304     1
21309     1
21310     1
21311     1
21311     1
21312     1
21314     1
21316     1
21318     1
21320     1
21323     1
21324     1
21328     1
21329     1
21330     1
21331     1
21332     1
21335     1
21336     1
21337     1
21338     1
21339     1
21340     1
21343     1
21346     1
21347     1
21347     1
21348     1
21349     1
21351     1
21355     1
21355     1
21356     1
21356     1
21358     1
21359     1
21360     1
21362     1
21363     1
21365     1
21367     1
21368     1
21371     1
21372     1
21375     1
21375     1
21376     1
21379     1
21381     1
21383     1
21384     1
21385     1
21387     1
21389     1
21390     1
21391     1
21392     1
21393     1
21394     1
21395     1
21396     1
21397     1
21399     1
21400     1
21401     1
21401     1
21402     1
21403     1
21404     1
21406     1
21407     1
21407     1
21409     1
21411     1
21414     1
21415     1
21419     1
21420     1
21420     1
21421     1
21423     1
21425     1
21426     1
21427     1
21427     1
21428     1
21430     1
21431     1
21433     1
21434     1
21435     1
21438     1
21438     1
21438     1
21439     1
21440     1
21441     1
21443     1
21444     1
21444     1
21446     1
21446     1
21446     1
21447     1
21448     1
21448     1
21449     1
21449     1
21450     1
21450     1
21452     1
21452     1
21455     1
21456     1
21458     1
21460     1
21461     1
21463     1
21464     1
21465     1
21466     1
21467     1
21468     1
21471     1
21472     1
21473     1
21475     1
21475     1
21476     1
21478     1
21481     1
21482     1
21482     1
21483     1
21485     1
21486     1
21487     1
21489     1
21491     1
21493     1
21494     1
21495     1
21498     1
21499     1
21501     1
21504     1
21504     1
21507     1
21509     1
21510     1
21511     1
21515     1
21519     1
21520     1
21521     1
21523     1
21524     1
21526     1
21527     1
21529     1
21530     1
21531     1
21532     1
21533     1
21533     1
21534     1
21535     1
21537     1
21539     1
21539     1
21540     1
21540     1
21542     1
21543     1
21544     1
21546     1
21548     1
21549     1
21550     1
21551     1
21552     1
21555     1
21556     1
21558     1
21559     1
21560     1
21561     1
21567     1
21568     1
21572     1
21575     1
21577     1
21579     1
21580     1
21582     1
21583     1
21585     1
21586     1
21586     1
21587     1
21588     1
21589     1
21590     1
21591     1
21592     1
21593     1
21594     1
21595     1
21596     1
21597     1
21600     1
21602     1
21604     1
21605     1
21605     1
21606     1
21608     1
21609     1
21611     1
21612     1
21612     1
21616     1
21617     1
21618     1
21619     1
21621     1
21624     1
21626     1
21627     1
21628     1
21628     1
21630     1
21632     1
21634     1
21635     1
21636     1
21637     1
21640     1
21642     1
21644     1
21645     1
21646     1
21647     1
21648     1
21649     1
21651     1
21653     1
21654     1
21656     1
21657     1
21658     1
21659     1
21661     1
21662     1
21664     1
21665     1
21667     1
21669     1
21669     1
21670     1
21670     1
21673     1
21674     1
21675     1
21676     1
21677     1
21677     1
21679     1
21681     1
21682     1
21683     1
21684     1
21686     1
21687     1
21689     1
21690     1
21692     1
21693     1
21695     1
21696     1
21697     1
21698     1
21700     1
21701     1
21702     1
21703     1
21704     1
21706     1
21707     1
21708     1
21711     1
21711     1
21713     1
21717     1
21718     1
21719     1
21721     1
21723     1
21724     1
21725     1
21727     1
21728     1
21729     1
21731     1
21733     1
21736     1
21736     1
21737     1
21738     1
21739     1
21741     1
21743     1
21744     1
21746     1
21749     1
21750     1
21751     1
21752     1
21754     1
21755     1
21758     1
21761     1
21762     1
21763     1
21764     1
21766     1
21768     1
21771     1
21774     1
21779     1
21782     1
21784     1
21784     1
21785     1
21786     1
21787     1
21788     1
21789     1
21790     1
21790     1
21793     1
21794     1
21795     1
21796     1
21797     1
21798     1
21802     1
21803     1
21804     1
21806     1
21809     1
21812     1
21813     1
21815     1
21816     1
21817     1
21818     1
21819     1
21820     1
21822     1
21826     1
21827     1
21833     1
21843     1
21844     1
21844     1
21845     1
21848     1
21849     1
21850     1
21852     1
21852     1
21853     1
21854     1
21855     1
21857     1
21858     1
21859     1
21860     1
21861     1
21862     1
21864     1
21865     1
21866     1
21867     1
21868     1
21870     1
21875     1
21876     1
21877     1
21880     1
21881     1
21882     1
21883     1
21884     1
21885     1
21887     1
21889     1
21890     1
21894     1
21899     1
21899     1
21900     1
21902     1
21903     1
21907     1
21908     1
21910     1
21913     1
21914     1
21916     1
21917     1
21917     1
21919     1
21921     1
21922     1
21923     1
21925     1
21926     1
21928     1
21929     1
21931     1
21934     1
21936     1
21937     1
21939     1
21941     1
21942     1
21943     1
21944     1
21945     1
21945     1
21947     1
21948     1
21949     1
21950     1
21951     1
21952     1
21953     1
21956     1
21957     1
21960     1
21963     1
21964     1
21966     1
21967     1
21968     1
21970     1
21971     1
21972     1
21972     1
21974     1
21975     1
21977     1
21978     1
21979     1
21980     1
21981     1
21981     1
21982     1
21983     1
21985     1
21986     1
21987     1
21988     1
21990     1
21993     1
21995     1
21996     1
21997     1
21999     1
22001     1
22002     1
22004     1
22005     1
22006     1
22007     1
22009     1
22010     1
22011     1
22014     1
22015     1
22016     1
22017     1
22018     1
22018     1
22021     1
22022     1
22024     1
22025     1
22026     1
22028     1
22029     1
22030     1
22030     1
22031     1
22032     1
22035     1
22036     1
22037     1
22039     1
22040     1
22041     1
22042     1
22046     1
22048     1
22049     1
22051     1
22052     1
22053     1
22054     1
22055     1
22055     1
22056     1
22057     1
22059     1
22062     1
22064     1
22065     1
22066     1
22067     1
22068     1
22069     1
22070     1
22073     1
22075     1
22076     1
22077     1
22078     1
22079     1
22081     1
22083     1
22084     1
22085     1
22086     1
22087     1
22088     1
22088     1
22090     1
22090     1
22091     1
22092     1
22093     1
22094     1
22095     1
22097     1
22098     1
22101     1
22102     1
22105     1
22108     1
22111     1
22112     1
22113     1
22114     1
22117     1
22118     1
22119     1
22120     1
22122     1
22123     1
22124     1
22125     1
22126     1
22127     1
22128     1
22128     1
22129     1
22130     1
22131     1
22132     1
22133     1
22134     1
22135     1
22137     1
22138     1
22139     1
22140     1
22142     1
22143     1
22146     1
22147     1
22150     1
22152     1
22153     1
22154     1
22156     1
22158     1
22158     1
22158     1
22159     1
22160     1
22162     1
22164     1
22166     1
22167     1
22167     1
22168     1
22168     1
22168     1
22169     1
22170     1
22170     1
22171     1
22173     1
22173     1
22175     1
22175     1
22176     1
22177     1
22178     1
22179     1
22180     1
22181     1
22182     1
22183     1
22185     1
22186     1
22187     1
22188     1
22189     1
22191     1
22194     1
22196     1
22197     1
22198     1
22199     1
22201     1
22203     1
22204     1
22206     1
22207     1
22208     1
22210     1
22212     1
22213     1
22215     1
22216     1
22217     1
22218     1
22221     1
22223     1
22225     1
22230     1
22231     1
22232     1
22233     1
22234     1
22235     1
22236     1
22237     1
22238     1
22239     1
22240     1
22241     1
22242     1
22243     1
22244     1
22245     1
22247     1
22248     1
22249     1
22250     1
22251     1
22254     1
22255     1
22259     1
22261     1
22262     1
22264     1
22267     1
22268     1
22269     1
22270     1
22271     1
22272     1
22274     1
22275     1
22276     1
22279     1
22280     1
22281     1
22282     1
22283     1
22284     1
22286     1
22287     1
22290     1
22292     1
22293     1
22296     1
22297     1
22299     1
22300     1
22303     1
22304     1
22305     1
22306     1
22307     1
22308     1
22309     1
22310     1
22311     1
22313     1
22314     1
22315     1
22317     1
22319     1
22320     1
22321     1
22322     1
22323     1
22325     1
22326     1
22327     1
22329     1
22330     1
22332     1
22334     1
22335     1
22336     1
22337     1
22338     1
22340     1
22342     1
22343     1
22344     1
22345     1
22346     1
22348     1
22349     1
22351     1
22352     1
22354     1
22355     1
22359     1
22362     1
22364     1
22365     1
22366     1
22367     1
22368     1
22370     1
22371     1
22373     1
22374     1
22377     1
22379     1
22380     1
22382     1
22383     1
22385     1
22390     1
22393     1
22396     1
22397     1
22398     1
22400     1
22402     1
22406     1
22407     1
22409     1
22412     1
22413     1
22414     1
22415     1
22421     1
22422     1
22424     1
22426     1
22427     1
22428     1
22432     1
22433     1
22434     1
22436     1
22438     1
22442     1
22445     1
22446     1
22448     1
22450     1
22452     1
22453     1
22457     1
22461     1
22462     1
22463     1
22465     1
22468     1
22469     1
22475     1
22476     1
22477     1
22479     1
22480     1
22484     1
22485     1
22488     1
22489     1
22490     1
22491     1
22495     1
22496     1
22498     1
22501     1
22502     1
22504     1
22505     1
22506     1
22507     1
22508     1
22511     1
22512     1
22513     1
22514     1
22516     1
22518     1
22523     1
22526     1
22527     1
22528     1
22529     1
22530     1
22531     1
22532     1
22533     1
22534     1
22535     1
22536     1
22538     1
22539     1
22540     1
22541     1
22546     1
22548     1
22551     1
22554     1
22555     1
22556     1
22559     1
22560     1
22561     1
22562     1
22563     1
22564     1
22565     1
22566     1
22568     1
22569     1
22570     1
22571     1
22572     1
22573     1
22576     1
22577     1
22578     1
22580     1
22582     1
22583     1
22584     1
22586     1
22588     1
22589     1
22590     1
22592     1
22593     1
22595     1
22598     1
22599     1
22602     1
22604     1
22607     1
22608     1
22609     1
22610     1
22611     1
22612     1
22613     1
22614     1
22616     1
22617     1
22618     1
22620     1
22623     1
22624     1
22625     1
22626     1
22628     1
22630     1
22631     1
22632     1
22634     1
22635     1
22637     1
22639     1
22640     1
22642     1
22643     1
22644     1
22646     1
22649     1
22651     1
22652     1
22653     1
22654     1
22655     1
22656     1
22657     1
22659     1
22660     1
22662     1
22664     1
22666     1
22667     1
22669     1
22671     1
22672     1
22674     1
22676     1
22678     1
22679     1
22680     1
22682     1
22683     1
22686     1
22687     1
22688     1
22691     1
22692     1
22693     1
22694     1
22695     1
22696     1
22697     1
22698     1
22699     1
22700     1
22702     1
22705     1
22706     1
22707     1
22708     1
22709     1
22711     1
22713     1
22715     1
22717     1
22718     1
22719     1
22721     1
22725     1
22727     1
22728     1
22730     1
22731     1
22733     1
22734     1
22735     1
22736     1
22737     1
22739     1
22740     1
22742     1
22743     1
22745     1
22746     1
22747     1
22748     1
22749     1
22750     1
22752     1
22755     1
22756     1
22758     1
22760     1
22762     1
22763     1
22765     1
22767     1
22768     1
22770     1
22771     1
22772     1
22773     1
22774     1
22775     1
22776     1
22778     1
22779     1
22782     1
22784     1
22786     1
22787     1
22788     1
22789     1
22792     1
22798     1
22799     1
22800     1
22803     1
22805     1
22806     1
22808     1
22809     1
22812     1
22814     1
22815     1
22819     1
22820     1
22821     1
22823     1
22824     1
22826     1
22827     1
22830     1
22831     1
22833     1
22834     1
22836     1
22838     1
22839     1
22840     1
22841     1
22842     1
22846     1
22847     1
22856     1
22858     1
22860     1
22862     1
22864     1
22865     1
22867     1
22868     1
22869     1
22870     1
22871     1
22873     1
22875     1
22876     1
22877     1
22879     1
22881     1
22883     1
22884     1
22887     1
22888     1
22889     1
22890     1
22891     1
22893     1
22896     1
22897     1
22898     1
22899     1
22900     1
22902     1
22905     1
22908     1
22913     1
22914     1
22917     1
22919     1
22922     1
22924     1
22925     1
22928     1
22930     1
22933     1
22934     1
22939     1
22940     1
22941     1
22943     1
22944     1
22945     1
22946     1
22949     1
22950     1
22951     1
22953     1
22954     1
22957     1
22958     1
22959     1
22960     1
22962     1
22966     1
22968     1
22971     1
22973     1
22976     1
22977     1
22978     1
22979     1
22982     1
22984     1
22985     1
22986     1
22987     1
22988     1
22991     1
22992     1
22993     1
22994     1
22996     1
22997     1
22998     1
22999     1
23001     1
23003     1
23008     1
23009     1
23012     1
23013     1
23014     1
23017     1
23021     1
23024     1
23025     1
23026     1
23027     1
23032     1
23036     1
23037     1
23039     1
23040     1
23042     1
23044     1
23045     1
23046     1
23047     1
23048     1
23049     1
23050     1
23050     1
23051     1
23052     1
23053     1
23054     1
23057     1
23058     1
23059     1
23060     1
23062     1
23063     1
23065     1
23067     1
23069     1
23071     1
23074     1
23075     1
23077     1
23078     1
23080     1
23081     1
23082     1
23083     1
23084     1
23085     1
23086     1
23087     1
23089     1
23091     1
23093     1
23095     1
23098     1
23099     1
23101     1
23102     1
23103     1
23104     1
23104     1
23106     1
23107     1
23110     1
23112     1
23113     1
23115     1
23116     1
23118     1
23119     1
23121     1
23122     1
23124     1
23126     1
23127     1
23128     1
23130     1
23133     1
23137     1
23138     1
23139     1
23140     1
23141     1
23142     1
23143     1
23145     1
23146     1
23147     1
23148     1
23149     1
23151     1
23153     1
23155     1
23158     1
23159     1
23161     1
23162     1
23162     1
23166     1
23168     1
23169     1
23170     1
23171     1
23172     1
23173     1
23174     1
23175     1
23176     1
23179     1
23180     1
23182     1
23184     1
23186     1
23187     1
23189     1
23191     1
23193     1
23194     1
23196     1
23197     1
23198     1
23200     1
23203     1
23206     1
23210     1
23212     1
23213     1
23214     1
23215     1
23216     1
23218     1
23219     1
23220     1
23222     1
23224     1
23225     1
23226     1
23228     1
23229     1
23230     1
23232     1
23236     1
23237     1
23243     1
23247     1
23250     1
23251     1
23252     1
23253     1
23254     1
23255     1
23257     1
23258     1
23259     1
23262     1
23264     1
23265     1
23266     1
23268     1
23269     1
23270     1
23271     1
23273     1
23274     1
23275     1
23277     1
23279     1
23280     1
23282     1
23286     1
23287     1
23290     1
23293     1
23296     1
23299     1
23302     1
23303     1
23304     1
23305     1
23306     1
23307     1
23308     1
23309     1
23310     1
23312     1
23313     1
23314     1
23315     1
23319     1
23321     1
23322     1
23323     1
23324     1
23328     1
23330     1
23332     1
23334     1
23335     1
23339     1
23340     1
23342     1
23343     1
23346     1
23347     1
23348     1
23350     1
23352     1
23353     1
23354     1
23356     1
23358     1
23360     1
23363     1
23364     1
23365     1
23366     1
23368     1
23370     1
23373     1
23374     1
23375     1
23377     1
23378     1
23379     1
23380     1
23381     1
23382     1
23383     1
23385     1
23393     1
23395     1
23396     1
23397     1
23401     1
23402     1
23403     1
23404     1
23406     1
23408     1
23409     1
23411     1
23412     1
23415     1
23416     1
23417     1
23419     1
23420     1
23421     1
23423     1
23427     1
23428     1
23430     1
23431     1
23433     1
23435     1
23436     1
23437     1
23439     1
23441     1
23446     1
23447     1
23451     1
23453     1
23455     1
23457     1
23461     1
23463     1
23464     1
23465     1
23467     1
23468     1
23469     1
23470     1
23471     1
23472     1
23473     1
23474     1
23475     1
23477     1
23478     1
23479     1
23481     1
23483     1
23484     1
23489     1
23492     1
23493     1
23494     1
23495     1
23496     1
23497     1
23499     1
23501     1
23502     1
23503     1
23504     1
23505     1
23506     1
23509     1
23511     1
23513     1
23515     1
23516     1
23520     1
23521     1
23524     1
23525     1
23526     1
23527     1
23528     1
23529     1
23530     1
23531     1
23532     1
23533     1
23534     1
23536     1
23539     1
23542     1
23545     1
23547     1
23548     1
23550     1
23551     1
23552     1
23554     1
23555     1
23556     1
23557     1
23558     1
23560     1
23561     1
23562     1
23563     1
23565     1
23566     1
23568     1
23569     1
23570     1
23571     1
23572     1
23573     1
23578     1
23582     1
23583     1
23584     1
23584     1
23586     1
23588     1
23589     1
23592     1
23593     1
23596     1
23597     1
23598     1
23599     1
23604     1
23605     1
23609     1
23610     1
23611     1
23613     1
23614     1
23615     1
23616     1
23618     1
23621     1
23622     1
23625     1
23626     1
23628     1
23630     1
23631     1
23632     1
23633     1
23634     1
23638     1
23640     1
23641     1
23641     1
23645     1
23646     1
23648     1
23649     1
23650     1
23653     1
23655     1
23656     1
23661     1
23664     1
23666     1
23672     1
23675     1
23677     1
23681     1
23682     1
23687     1
23688     1
23689     1
23692     1
23693     1
23695     1
23696     1
23697     1
23698     1
23699     1
23701     1
23702     1
23703     1
23704     1
23706     1
23706     1
23709     1
23716     1
23718     1
23723     1
23729     1
23733     1
23735     1
23736     1
23737     1
23739     1
23741     1
23743     1
23745     1
23746     1
23750     1
23756     1
23761     1
23764     1
23766     1
23768     1
23769     1
23770     1
23771     1
23772     1
23773     1
23774     1
23776     1
23779     1
23780     1
23782     1
23783     1
23787     1
23789     1
23790     1
23793     1
23800     1
23801     1
23802     1
23804     1
23806     1
23809     1
23810     1
23811     1
23813     1
23815     1
23818     1
23819     1
23820     1
23825     1
23828     1
23830     1
23832     1
23833     1
23834     1
23835     1
23836     1
23839     1
23840     1
23841     1
23843     1
23844     1
23848     1
23849     1
23853     1
23858     1
23860     1
23861     1
23863     1
23864     1
23866     1
23867     1
23868     1
23870     1
23871     1
23873     1
23874     1
23875     1
23877     1
23880     1
23883     1
23886     1
23889     1
23892     1
23893     1
23896     1
23897     1
23898     1
23900     1
23901     1
23903     1
23904     1
23905     1
23906     1
23907     1
23908     1
23909     1
23912     1
23913     1
23916     1
23919     1
23921     1
23924     1
23929     1
23930     1
23932     1
23933     1
23934     1
23935     1
23936     1
23937     1
23938     1
23940     1
23941     1
23942     1
23943     1
23944     1
23946     1
23947     1
23949     1
23950     1
23954     1
23958     1
23959     1
23961     1
23962     1
23966     1
23969     1
23970     1
23971     1
23972     1
23973     1
23975     1
23976     1
23977     1
23978     1
23979     1
23981     1
23982     1
23983     1
23985     1
23987     1
23991     1
23992     1
23994     1
23996     1
23999     1
24000     1
24001     1
24002     1
24003     1
24007     1
24009     1
24011     1
24012     1
24018     1
24021     1
24024     1
24026     1
24027     1
24029     1
24030     1
24032     1
24034     1
24036     1
24037     1
24042     1
24043     1
24044     1
24045     1
24046     1
24047     1
24050     1
24051     1
24054     1
24058     1
24060     1
24065     1
24066     1
24068     1
24070     1
24073     1
24076     1
24078     1
24080     1
24081     1
24082     1
24083     1
24084     1
24086     1
24087     1
24089     1
24090     1
24093     1
24094     1
24095     1
24097     1
24099     1
24101     1
24103     1
24105     1
24106     1
24106     1
24107     1
24109     1
24110     1
24119     1
24120     1
24123     1
24125     1
24127     1
24130     1
24131     1
24134     1
24135     1
24137     1
24138     1
24140     1
24141     1
24142     1
24144     1
24157     1
24158     1
24159     1
24160     1
24162     1
24164     1
24165     1
24165     1
24166     1
24167     1
24168     1
24169     1
24170     1
24174     1
24176     1
24177     1
24178     1
24181     1
24183     1
24189     1
24195     1
24199     1
24201     1
24205     1
24206     1
24208     1
24209     1
24210     1
24211     1
24212     1
24212     1
24213     1
24214     1
24215     1
24217     1
24219     1
24220     1
24222     1
24223     1
24224     1
24226     1
24227     1
24230     1
24234     1
24238     1
24240     1
24243     1
24244     1
24245     1
24247     1
24248     1
24249     1
24250     1
24253     1
24254     1
24255     1
24257     1
24258     1
24260     1
24261     1
24262     1
24264     1
24269     1
24270     1
24273     1
24274     1
24275     1
24278     1
24281     1
24283     1
24285     1
24286     1
24287     1
24288     1
24293     1
24295     1
24297     1
24302     1
24305     1
24306     1
24308     1
24309     1
24310     1
24312     1
24313     1
24314     1
24315     1
24317     1
24318     1
24321     1
24324     1
24325     1
24327     1
24328     1
24332     1
24338     1
24340     1
24341     1
24342     1
24344     1
24345     1
24346     1
24347     1
24350     1
24353     1
24354     1
24355     1
24357     1
24358     1
24359     1
24361     1
24362     1
24365     1
24366     1
24368     1
24369     1
24372     1
24380     1
24381     1
24382     1
24383     1
24385     1
24386     1
24388     1
24389     1
24390     1
24392     1
24393     1
24394     1
24395     1
24397     1
24398     1
24402     1
24404     1
24405     1
24406     1
24407     1
24411     1
24415     1
24417     1
24418     1
24421     1
24422     1
24423     1
24425     1
24427     1
24429     1
24431     1
24432     1
24433     1
24435     1
24437     1
24440     1
24441     1
24442     1
24443     1
24451     1
24452     1
24457     1
24458     1
24460     1
24462     1
24464     1
24465     1
24467     1
24468     1
24471     1
24474     1
24476     1
24479     1
24480     1
24482     1
24486     1
24487     1
24497     1
24498     1
24502     1
24503     1
24505     1
24506     1
24508     1
24509     1
24510     1
24511     1
24512     1
24513     1
24514     1
24517     1
24518     1
24519     1
24521     1
24524     1
24525     1
24526     1
24526     1
24530     1
24531     1
24532     1
24533     1
24534     1
24538     1
24539     1
24540     1
24542     1
24548     1
24549     1
24550     1
24551     1
24552     1
24555     1
24558     1
24561     1
24562     1
24564     1
24564     1
24565     1
24566     1
24568     1
24569     1
24570     1
24571     1
24573     1
24577     1
24579     1
24585     1
24586     1
24587     1
24589     1
24591     1
24595     1
24596     1
24597     1
24600     1
24600     1
24605     1
24606     1
24607     1
24608     1
24610     1
24612     1
24619     1
24622     1
24623     1
24624     1
24625     1
24626     1
24627     1
24629     1
24630     1
24631     1
24640     1
24643     1
24644     1
24645     1
24646     1
24647     1
24649     1
24650     1
24656     1
24657     1
24658     1
24659     1
24666     1
24667     1
24670     1
24672     1
24674     1
24675     1
24679     1
24683     1
24686     1
24687     1
24693     1
24695     1
24697     1
24700     1
24703     1
24704     1
24705     1
24749     1
24760     1
24769     1
24772     1
24773     1
24779     1
24785     1
24790     1
24805     1
24818     1
24820     1
24826     1
24831     1
24839     1
24848     1
24849     1
24860     1
24879     1
24881     1
24883     1
24886     1
24893     1
24894     1
24914     1
24919     1
24934     1
24935     1
24937     1
24939     1
24947     1
24948     1
24951     1
24953     1
24955     1
24955     1
24969     1
24974     1
24988     1
24989     1
24993     1
24996     1
25010     1
25011     1
25012     1
25012     1
25018     1
25022     1
25034     1
25035     1
25047     1
25048     1
25049     1
25049     1
   
   
   
   
   
   
   
   
   
   
   
   
   
   
   
   
   
   
   
   
   
   
   
   
   
   
   
   
   
   
   
   
   
   
   
   
   
   
   
   
   
   
   
   
   
   
   
   
   
   
