%==================================================================
%                        General Data File
% Title: Default_title
% Units: SI
% Dimensions: 2D
% Type of problem: Plane_Stress
% Type of Phisics: ELASTIC
% Micro/Macro: MACRO
%
%==================================================================

%% Data

Data_prb = {
'Default_title';
'SI';
'2D';
'Plane_Stress';
'ELASTIC';
'MACRO';
};

%% Coordinates
% Node                X                Y                Z

gidcoord = [
1       1.9568       3.1286            0
2       1.9568       2.6576            0
3       1.4553       3.1286            0
4       1.5238       2.4221            0
5       1.1209       2.7064            0
6       1.9568       2.1866            0
7      0.95378       3.1286            0
8       1.1004       2.2137            0
9       1.5238       1.9511            0
10      0.68416       2.5899            0
11       1.9568       1.7156            0
12      0.45228       3.1286            0
13       1.0907       1.7156            0
14       1.5238       1.4801            0
15      0.67086       1.9809            0
16      0.24952       2.7355            0
17       1.9568       1.2446            0
18      0.24145       2.2357            0
19    -0.049219       3.1286            0
20       1.1004       1.2718            0
21      0.66265       1.4843            0
22       1.5238       1.0091            0
23       0.2338       1.7397            0
24     -0.18632       2.4941            0
25       1.9568      0.77361            0
26     -0.19533       1.9944            0
27     -0.55072       3.1286            0
28       1.0907      0.77361            0
29      0.69416      0.93256            0
30      0.24528       1.2105            0
31     -0.61468        2.752            0
32       1.5238      0.53811            0
33     -0.20175       1.4947            0
34     -0.62377        2.252            0
35       1.9568      0.30262            0
36     -0.63152       1.7501            0
37       1.2042       0.2877            0
38      -1.0522       3.1286            0
39      0.28648      0.57125            0
40       -1.055       2.5055            0
41      0.77944        0.284            0
42       1.5238     0.067125            0
43     -0.16017      0.83497            0
44      -1.0613       2.0056            0
45     -0.59854       1.1227            0
46       1.9568     -0.16837            0
47       1.1553    -0.094257            0
48      -1.0921       1.4212            0
49      -1.5537       3.1286            0
50      -1.5606        2.791            0
51      -1.4911       2.2611            0
52       1.5238     -0.40386            0
53     -0.12649      0.18172            0
54      0.28847    -0.072148            0
55      0.71501     -0.32126            0
56     -0.55011      0.44691            0
57      -1.4975       1.7611            0
58       1.9568     -0.63936            0
59       1.1403     -0.57528            0
60      -1.0671      0.80653            0
61      -2.0552       3.1286            0
62       1.5238     -0.87486            0
63     -0.14707     -0.31695            0
64      -2.0509       2.6159            0
65      0.28336     -0.57062            0
66     -0.56717    -0.052575            0
67      -1.6452       1.1372            0
68      0.69792      -0.8011            0
69     -0.99584      0.20436            0
70      -2.0898       2.0981            0
71       1.9568      -1.1103            0
72      -2.0238       1.6025            0
73       1.1209      -1.0615            0
74      -1.4941      0.47864            0
75     -0.57335      -0.5489            0
76     -0.15121     -0.81472            0
77       1.5238      -1.3458            0
78      -2.5567       3.1286            0
79      0.28023      -1.0643            0
80      -1.0032     -0.29535            0
81      -2.5521        2.288            0
82      0.67799      -1.2898            0
83      -1.4274    -0.031747            0
84      -2.4859       1.7933            0
85      -2.0085      0.69051            0
86      -2.3336       1.1997            0
87       1.9568      -1.5813            0
88       1.1004      -1.5542            0
89      -1.8564      0.22409            0
90     -0.58851      -1.0475            0
91     -0.15993       -1.296            0
92      -1.0137     -0.78505            0
93       1.5238      -1.8168            0
94      0.26554      -1.5538            0
95      -2.9951       2.5636            0
96       -2.417      0.72924            0
97      -1.4414     -0.53092            0
98      -3.0582       3.1286            0
99      -2.9455       1.9809            0
100      -1.7692     -0.26077            0
101      0.66736      -1.7897            0
102      -2.8858       1.4992            0
103      -2.3107        0.304            0
104       1.9568      -2.0523            0
105       -2.818       1.0021            0
106       1.0907      -2.0523            0
107     -0.59143      -1.5464            0
108       -1.019      -1.2878            0
109      -2.2426     -0.19112            0
110     -0.17634      -1.7833            0
111      -1.4488      -1.0302            0
112      -2.7571      0.49409            0
113       -3.455       2.6746            0
114       1.5238      -2.2878            0
115      -3.4029       2.1806            0
116       0.2472      -2.0451            0
117      -1.8781     -0.77418            0
118       -3.349       1.6873            0
119      -3.5597       3.1286            0
120      0.65773      -2.2878            0
121      -3.2804       1.1922            0
122      -2.7049   -0.0031237            0
123       1.9568      -2.5233            0
124      -3.2139      0.69687            0
125       1.0907      -2.5233            0
126      -1.0279      -1.7874            0
127     -0.59853      -2.0409            0
128     -0.16189      -2.2817            0
129      -2.5521     -0.57406            0
130      -3.8808       2.4183            0
131      -3.7952       1.8767            0
132      -3.1615      0.20047            0
133       1.5238      -2.7588            0
134      -1.5993      -1.6109            0
135      0.31378      -2.5788            0
136       -3.743       1.3797            0
137      -1.9767      -1.3712            0
138      -4.0612       3.1286            0
139      0.66736       -2.786            0
140      -3.6758      0.88766            0
141      -3.0925     -0.29436            0
142       1.9568      -2.9943            0
143       1.1004      -2.9672            0
144     -0.55633      -2.5112            0
145      -1.0333      -2.2871            0
146      -2.4754      -1.2055            0
147      -3.6164        0.406            0
148     -0.13932      -2.7863            0
149      -4.2523       2.0768            0
150       -4.318       2.5723            0
151      -1.5604      -2.1295            0
152      -4.1992       1.5838            0
153       1.5238      -3.2298            0
154      -2.9194     -0.97602            0
155      -3.5551     -0.10555            0
156       -2.005       -1.902            0
157       -4.133       1.0894            0
158      0.26121      -3.0744            0
159      -4.5627       3.1286            0
160      0.71672       -3.276            0
161       -2.454      -1.7044            0
162      -4.0797      0.59344            0
163      -1.0028       -2.736            0
164       1.9568      -3.4653            0
165       -3.496     -0.57982            0
166     -0.58467        -3.01            0
167       1.0907      -3.4653            0
168      -2.8956      -1.4753            0
169      -4.0108     0.099018            0
170      -4.7137        2.267            0
171      -4.7665       2.7641            0
172      -1.5369      -2.6288            0
173      -4.6442       1.7729            0
174     -0.16518       -3.279            0
175      -1.9808      -2.3991            0
176      0.27398      -3.4545            0
177      -4.5917        1.276            0
178      -3.4228      -1.0744            0
179       1.5238      -3.7008            0
180      -2.4196      -2.1643            0
181       -3.961     -0.39678            0
182      -4.5342      0.79909            0
183      0.69612      -3.6774            0
184      -5.0642       3.1286            0
185      -2.8779      -1.9649            0
186      -4.4724      0.28913            0
187       1.9568      -3.9363            0
188      -3.8876     -0.89027            0
189      -1.4411      -3.0992            0
190     -0.99986       -3.334            0
191       1.1004      -3.9634            0
192      -1.9031      -2.8966            0
193      -5.1703       2.4694            0
194     -0.56566      -3.5756            0
195      -5.1153        1.973            0
196      -3.2904      -1.7653            0
197      -4.4128     -0.18667            0
198      -5.0475        1.478            0
199     -0.10631      -3.7688            0
200      -2.3481      -2.6689            0
201      0.28288      -3.9489            0
202      -4.9974      0.98621            0
203       1.5238      -4.1718            0
204      -3.7315      -1.5308            0
205      -2.8218      -2.4609            0
206      -4.9287      0.49259            0
207      -4.3503      -0.7036            0
208      0.66736      -4.1718            0
209      -3.2779      -2.2636            0
210      -4.8776   -0.0031496            0
211      -5.5657       3.1286            0
212      -1.4232      -3.5986            0
213       1.9568      -4.4073            0
214     -0.98106      -3.8305            0
215       1.1004      -4.3801            0
216      -1.8792      -3.3956            0
217     -0.53278      -4.0218            0
218      -5.5731       2.1735            0
219       -5.628       2.6705            0
220      -5.5094       1.6658            0
221       -4.304      -1.2013            0
222      -2.3223      -3.1682            0
223      -5.4362       1.1726            0
224    -0.093523      -4.2519            0
225      -3.7127        -2.03            0
226      0.34279      -4.3661            0
227      -4.8048     -0.49663            0
228      -2.8045      -2.9484            0
229       -5.387      0.67545            0
230       1.5238      -4.6428            0
231      -3.2103      -2.7559            0
232      -4.1548      -1.7967            0
233      -5.3301      0.20562            0
234      -4.7579     -0.99207            0
235      0.69612      -4.6662            0
236      -1.8244      -3.8918            0
237      -3.6747      -2.5221            0
238      -1.3844      -4.1247            0
239     -0.92687      -4.3244            0
240       -5.267     -0.30916            0
241       1.9568      -4.8783            0
242       -2.291      -3.6652            0
243      -6.0672       3.1286            0
244     -0.51405      -4.5204            0
245       1.0907      -4.8783            0
246      -6.0798       2.3969            0
247      -5.9305       1.3953            0
248      -2.7388       -3.444            0
249      -6.0443       1.8808            0
250      -5.8414      0.88031            0
251      -4.7178      -1.4903            0
252      0.16109      -4.7917            0
253      -5.2069     -0.77746            0
254      -4.1295      -2.3103            0
255      -3.2005      -3.2535            0
256      -5.7948       0.3888            0
257       1.5238      -5.1138            0
258       -3.632      -3.0202            0
259      -5.7223     -0.10371            0
260      -5.1692      -1.2754            0
261      0.70974      -5.1604            0
262      -4.6957      -1.9876            0
263      -1.3491      -4.5873            0
264      -1.7985      -4.3889            0
265      -2.2439      -4.1628            0
266     -0.90617      -4.8136            0
267      -4.0846      -2.8083            0
268      -2.6979      -3.9554            0
269       1.9568      -5.3493            0
270      -5.6737     -0.59915            0
271      -6.4045        1.536            0
272      -6.3025       1.0696            0
273      -6.5687       3.1286            0
274     -0.36528      -5.0885            0
275      -6.5804       2.7063            0
276       1.1004      -5.3764            0
277      -3.1329      -3.7484            0
278      -6.2305      0.57639            0
279      -5.1339      -1.7515            0
280      -5.5955      -1.0915            0
281      -3.5801      -3.5249            0
282      -4.5382      -2.5982            0
283      -6.6454       2.0467            0
284       0.2216      -5.3711            0
285      -6.1803     0.073814            0
286       1.5238      -5.5848            0
287      -4.0422      -3.3057            0
288      -6.1238     -0.38662            0
289      -1.7487      -4.8842            0
290      -5.0545      -2.2549            0
291      -1.3246      -5.0861            0
292      -2.2045      -4.6799            0
293      -2.6478       -4.452            0
294      -6.6951       1.1572            0
295     -0.85278      -5.3101            0
296      -5.6027      -1.5785            0
297      -3.1037      -4.2472            0
298       1.9568      -5.8203            0
299      -6.6886       0.7747            0
300      -4.4926       -3.096            0
301      0.67984      -5.7462            0
302      -6.0591     -0.90813            0
303      -3.5498      -4.0239            0
304      -7.0702       3.1286            0
305       1.1209      -5.8691            0
306       -6.633      0.28113            0
307      -5.5188      -2.0702            0
308     -0.30135      -5.7241            0
309      -3.9983      -3.8032            0
310      -5.9866      -1.4025            0
311      -7.1725       2.4338            0
312      -4.9466      -2.8866            0
313      0.20026      -5.8637            0
314      -6.5903     -0.20868            0
315      -7.1016       1.4379            0
316      -7.2101       1.9447            0
317      -2.1682       -5.153            0
318      -1.7228      -5.3762            0
319      -2.6181      -4.9496            0
320      -4.4501       -3.594            0
321      -6.5128     -0.69968            0
322      -1.2418      -5.6242            0
323      -3.0652      -4.7267            0
324      -5.4472      -2.5639            0
325     -0.82436      -5.8084            0
326      -7.1501      0.96493            0
327       -5.984      -1.9001            0
328       -3.516      -4.5216            0
329       1.9568      -6.2912            0
330      -7.0813      0.47052            0
331       1.4553      -6.2912            0
332      -4.9023      -3.3823            0
333      -6.4679      -1.1947            0
334      0.95378      -6.2912            0
335      -3.9649       -4.302            0
336      -7.0181    -0.024495            0
337      -7.5717       3.1286            0
338      0.45228      -6.2912            0
339      -7.5852       2.1516            0
340      -7.6233       2.6501            0
341       -5.909      -2.3753            0
342       -7.546       1.6535            0
343      -4.4164      -4.0899            0
344    -0.049219      -6.2912            0
345      -6.4122      -1.6464            0
346      -6.9703      -0.5292            0
347      -7.4893       1.1628            0
348       -5.356      -3.1723            0
349      -1.6739      -5.8733            0
350      -3.0259      -5.2382            0
351     -0.55072      -6.2912            0
352      -7.4755      0.66431            0
353      -2.1247      -5.7385            0
354       -4.857      -3.8795            0
355      -6.9147     -0.97684            0
356      -2.5881       -5.536            0
357      -3.4699      -5.0183            0
358      -6.3281      -2.1391            0
359      -3.9241        -4.81            0
360      -5.8935      -2.8739            0
361      -7.4763      0.16567            0
362      -1.0522      -6.2912            0
363      -5.3109      -3.6702            0
364      -6.8811       -1.475            0
365      -4.3703      -4.5866            0
366      -7.4201     -0.31528            0
367       -8.041       2.4082            0
368      -8.0732       3.1286            0
369      -8.0033       1.8778            0
370      -1.5537      -6.2912            0
371      -7.9826       1.3912            0
372      -6.3311      -2.6345            0
373      -4.8245      -4.3783            0
374      -7.9116       0.8976            0
375      -6.7966       -1.965            0
376      -7.3842     -0.80631            0
377      -5.8813      -3.3736            0
378      -3.4401      -5.5163            0
379      -7.9054      0.41975            0
380      -2.0552      -6.2912            0
381      -3.8872      -5.2931            0
382      -7.2983      -1.2968            0
383      -5.2723      -4.1575            0
384      -3.0353      -5.8457            0
385      -7.8388    -0.072057            0
386      -6.7626      -2.3842            0
387      -4.3374      -5.0846            0
388      -6.3201      -3.1341            0
389      -7.2598      -1.7841            0
390      -2.5567      -6.2912            0
391      -7.8149     -0.56778            0
392      -4.7859      -4.8642            0
393      -8.4494       2.0731            0
394      -8.3873       1.5782            0
395      -8.5117       2.5684            0
396      -8.3718       1.0794            0
397      -8.5747       3.1286            0
398      -8.3103      0.60454            0
399      -5.2369      -4.6555            0
400       -5.891      -4.0083            0
401      -7.7634      -1.1192            0
402      -3.8514       -5.821            0
403      -3.0582      -6.2912            0
404      -8.2899        0.106            0
405      -7.2699      -2.3258            0
406      -6.8048      -3.0476            0
407      -5.6865      -4.4373            0
408        -8.25     -0.32918            0
409      -7.7417      -1.5934            0
410      -6.3344      -3.7775            0
411      -4.7473      -5.3706            0
412       -4.309      -5.7131            0
413      -8.8731       2.7225            0
414      -8.8655       2.2677            0
415      -8.8444       1.7685            0
416      -3.5597      -6.2912            0
417      -8.8097       1.3125            0
418      -8.2011     -0.87811            0
419      -5.1933      -5.1528            0
420      -7.2522      -2.8249            0
421      -6.7791       -3.555            0
422      -7.7153      -2.1098            0
423      -8.7998      0.82862            0
424      -9.0762       3.1286            0
425      -8.7299      0.33458            0
426      -5.6464       -4.942            0
427      -6.3129      -4.2763            0
428      -8.1917      -1.3765            0
429      -8.7156     -0.14818            0
430      -4.0612      -6.2912            0
431      -4.7106       -5.869            0
432      -7.6924      -2.5923            0
433      -7.2218       -3.323            0
434      -8.6406      -0.6406            0
435      -8.1555      -1.8731            0
436      -6.7546      -4.0434            0
437      -9.2868        1.999            0
438      -9.3374       2.5192            0
439      -9.2673       1.5039            0
440      -9.1905       1.0138            0
441      -5.1483      -5.7342            0
442      -8.6252        -1.14            0
443      -6.2883      -4.7656            0
444      -5.6088      -5.4305            0
445      -9.1904      0.51822            0
446      -4.5627      -6.2912            0
447      -7.6665      -3.1031            0
448      -9.1046     0.029903            0
449      -7.2018      -3.8217            0
450      -8.1408      -2.3719            0
451      -9.5777       3.1286            0
452      -6.0594      -5.2195            0
453      -8.5996       -1.662            0
454      -6.7357      -4.5429            0
455      -9.1004      -0.4645            0
456      -9.6031       1.2489            0
457       -7.642      -3.5866            0
458      -8.1081      -2.8694            0
459      -9.7346       2.2187            0
460      -9.6971       1.7212            0
461      -5.0642      -6.2912            0
462      -9.0762     -0.92583            0
463      -9.7988       2.7069            0
464      -8.5783      -2.1382            0
465      -7.1718      -4.3175            0
466      -9.6118      0.75275            0
467       -9.539      0.27606            0
468      -9.0376      -1.4215            0
469      -6.7052      -5.0414            0
470      -8.0903      -3.3677            0
471      -9.5363     -0.22085            0
472       -7.611      -4.0854            0
473      -8.5527       -2.653            0
474      -6.0566       -5.838            0
475      -10.079       3.1286            0
476      -5.5657      -6.2912            0
477        -6.47      -5.5044            0
478      -7.1513      -4.8169            0
479      -9.0276      -1.9199            0
480      -9.5304     -0.71842            0
481      -10.172       2.3862            0
482      -10.075       1.4006            0
483      -10.031      0.99693            0
484      -10.166        1.891            0
485      -8.5285      -3.1298            0
486       -8.058       -3.862            0
487      -9.9773      0.51509            0
488      -9.4805      -1.2152            0
489      -8.9929      -2.4168            0
490      -7.5937      -4.5843            0
491      -9.9625     0.016078            0
492      -6.0672      -6.2912            0
493      -9.4614      -1.6839            0
494      -7.1229      -5.3159            0
495      -8.4947      -3.6283            0
496        -9.96     -0.48191            0
497      -8.0394      -4.3614            0
498      -8.9781      -2.9148            0
499      -10.581       3.1286            0
500      -10.504       1.6458            0
501      -9.9156     -0.97024            0
502       -9.437      -2.2036            0
503      -10.615       2.6172            0
504      -7.5745      -5.1048            0
505      -10.483       1.1516            0
506      -6.9358      -5.8263            0
507      -10.434       0.7084            0
508      -10.648       2.0561            0
509      -10.399      0.25829            0
510      -6.5687      -6.2912            0
511      -8.9426      -3.4071            0
512      -8.4807      -4.1269            0
513      -9.9115      -1.4674            0
514      -9.4137      -2.6731            0
515      -8.0165      -4.8713            0
516      -10.389      -0.2411            0
517       -9.875      -1.9637            0
518      -10.354     -0.73179            0
519      -7.4472      -5.7285            0
520      -8.9274      -3.9121            0
521      -9.3762      -3.1713            0
522      -10.892       1.2855            0
523      -8.4598      -4.6451            0
524      -11.082       3.1286            0
525      -10.889      0.88262            0
526      -10.339      -1.2309            0
527      -7.0702      -6.2912            0
528      -10.817      0.39115            0
529      -9.8649      -2.4612            0
530       -7.998      -5.3704            0
531      -11.185       2.2088            0
532      -10.836    -0.018491            0
533      -11.142       1.6513            0
534      -10.318      -1.7539            0
535      -9.3667       -3.677            0
536      -8.9011      -4.4106            0
537       -11.26       2.6787            0
538      -9.8258      -2.9534            0
539      -10.804     -0.51693            0
540      -8.4385      -5.1351            0
541      -10.297      -2.2141            0
542      -7.5717      -6.2912            0
543      -7.9734      -5.8678            0
544      -10.788       -1.013            0
545      -11.314       1.1112            0
546      -11.235      0.63528            0
547      -9.3443      -4.1866            0
548      -9.8132      -3.4526            0
549      -8.8839      -4.9094            0
550      -10.754      -1.5091            0
551      -11.259      0.20686            0
552      -10.257      -2.7119            0
553      -11.584       3.1286            0
554      -8.4133      -5.6342            0
555      -11.251     -0.28794            0
556      -10.749      -2.0064            0
557      -11.733       2.3739            0
558      -9.7848      -3.9506            0
559      -9.3231      -4.6723            0
560      -11.709       1.8756            0
561      -10.251      -3.2158            0
562      -8.0732      -6.2912            0
563      -11.698       1.3768            0
564      -11.241     -0.80166            0
565      -8.8579      -5.4059            0
566      -11.672      0.87809            0
567      -10.707      -2.4954            0
568      -11.195      -1.2989            0
569      -11.664      0.37955            0
570      -9.7694      -4.4492            0
571      -11.631     -0.10519            0
572      -10.228      -3.7297            0
573      -9.2963      -5.1713            0
574      -11.177      -1.7535            0
575      -12.085       3.1286            0
576      -10.699      -2.9944            0
577      -8.8403      -5.9054            0
578      -12.121       2.7002            0
579      -11.629     -0.58682            0
580      -8.5747      -6.2912            0
581       -12.15        2.101            0
582      -12.134       1.6198            0
583      -11.152      -2.2854            0
584      -10.207      -4.2095            0
585      -11.626      -1.0457            0
586      -9.7415      -4.9443            0
587      -12.116       1.1066            0
588      -10.667      -3.4917            0
589      -9.2814      -5.6704            0
590      -12.097      0.62661            0
591      -11.133      -2.7553            0
592      -11.631      -1.5441            0
593      -12.095      0.12696            0
594      -12.063     -0.34821            0
595      -10.178      -4.7083            0
596      -10.654      -3.9899            0
597      -9.7255      -5.4438            0
598      -11.587      -2.0393            0
599      -9.0762      -6.2912            0
600      -12.587       3.1286            0
601       -11.11      -3.2752            0
602      -12.059     -0.79605            0
603      -12.582       2.4216            0
604      -12.579       1.8461            0
605      -12.553       1.3484            0
606      -11.583      -2.5379            0
607      -12.545      0.85004            0
608      -12.057      -1.2956            0
609      -10.624      -4.4831            0
610      -10.166      -5.2071            0
611      -12.515      0.35176            0
612      -11.089      -3.7466            0
613      -9.7629      -5.8807            0
614      -12.032      -1.8379            0
615      -11.548      -3.0343            0
616      -12.518     -0.18146            0
617      -9.5777      -6.2912            0
618       -10.61      -4.9826            0
619      -11.057       -4.245            0
620      -12.535      -0.6639            0
621      -12.014      -2.2957            0
622      -13.002       2.0696            0
623      -13.052       2.6844            0
624      -10.149      -5.7659            0
625      -12.994       1.5701            0
626      -13.088       3.1286            0
627      -11.539      -3.5318            0
628      -12.978       1.0966            0
629      -12.513       -1.093            0
630       -12.96      0.57785            0
631      -11.991      -2.8236            0
632      -12.463       -1.586            0
633      -11.049      -4.7435            0
634      -12.939     0.083617            0
635      -10.583      -5.4813            0
636      -11.504      -4.0225            0
637      -10.079      -6.2912            0
638      -12.962     -0.40568            0
639       -11.97      -3.2837            0
640      -12.466      -2.0836            0
641      -11.013      -5.2314            0
642      -13.458       2.3106            0
643       -13.43       1.8119            0
644      -12.974     -0.90132            0
645      -12.426      -2.5788            0
646      -11.494      -4.5219            0
647      -13.425       1.3196            0
648      -11.933      -3.7816            0
649      -13.395      0.82266            0
650      -12.906      -1.3955            0
651       -13.59       3.1286            0
652      -13.391      0.32491            0
653      -12.891      -1.8389            0
654      -12.422      -3.0755            0
655      -13.356     -0.17268            0
656      -10.581      -6.2912            0
657      -11.464      -5.0203            0
658       -11.93      -4.2796            0
659      -11.045      -5.8496            0
660       -13.39     -0.65606            0
661      -12.868      -2.3756            0
662      -12.382      -3.5627            0
663      -13.875       2.0354            0
664      -13.331      -1.1355            0
665      -13.839       1.5386            0
666      -13.944       2.6107            0
667      -11.426      -5.5109            0
668      -13.836       1.0392            0
669      -11.894       -4.778            0
670      -12.848      -2.8209            0
671       -13.82      0.57647            0
672      -13.345      -1.6316            0
673      -12.376       -4.062            0
674      -14.091       3.1286            0
675      -13.802     0.050013            0
676      -11.082      -6.2912            0
677      -12.805      -3.3181            0
678      -13.784     -0.41055            0
679        -13.3      -2.1254            0
680      -11.857      -5.2742            0
681      -13.762     -0.88384            0
682      -12.343      -4.5598            0
683      -14.309       2.2814            0
684      -14.344       2.7797            0
685      -13.303      -2.6213            0
686      -14.301       1.7825            0
687       -12.81      -3.8153            0
688      -14.269       1.2842            0
689      -13.762      -1.3829            0
690      -14.269      0.79476            0
691      -11.846      -5.7834            0
692      -14.235      0.29897            0
693      -12.301      -5.0502            0
694      -13.256      -3.1042            0
695      -13.742      -1.9294            0
696      -11.584      -6.2912            0
697      -12.767       -4.313            0
698      -14.236     -0.19798            0
699      -14.593       3.1286            0
700      -14.195     -0.69455            0
701      -13.723      -2.3589            0
702      -13.255      -3.6033            0
703      -12.254      -5.5883            0
704      -12.735      -4.8164            0
705      -14.713        2.003            0
706      -14.757       2.4988            0
707      -13.672      -2.8553            0
708      -14.217      -1.1786            0
709      -14.715       1.5033            0
710      -14.673       1.0078            0
711      -13.219      -4.1002            0
712      -14.169      -1.6713            0
713      -14.675      0.50867            0
714       -14.66      0.06013            0
715      -12.085      -6.2912            0
716      -13.686      -3.3514            0
717      -12.723      -5.3157            0
718      -13.175      -4.5842            0
719      -14.181      -2.1662            0
720      -14.642     -0.47639            0
721      -15.094       3.1286            0
722      -13.633      -3.8472            0
723      -14.126      -2.6486            0
724      -15.137       2.7646            0
725      -14.677     -0.98665            0
726      -15.146       1.7541            0
727      -15.188       2.2516            0
728      -12.712      -5.8153            0
729      -14.609      -1.4807            0
730       -13.16      -5.0747            0
731      -15.143       1.2556            0
732      -15.105      0.75793            0
733      -14.117      -3.1476            0
734      -13.615       -4.348            0
735      -14.594      -1.8934            0
736      -15.112      0.27224            0
737      -12.587      -6.2912            0
738      -15.072     -0.22208            0
739      -14.548      -2.4072            0
740      -14.087      -3.6409            0
741       -13.15      -5.5736            0
742      -15.079     -0.71797            0
743        -13.6       -4.846            0
744      -15.029      -1.2127            0
745      -15.596       3.1286            0
746      -15.593       2.4513            0
747      -14.552      -2.9036            0
748      -15.543       1.4706            0
749      -14.059       -4.134            0
750      -15.596       1.9646            0
751      -15.553      0.97125            0
752      -15.501      0.47748            0
753      -15.053      -1.7066            0
754      -13.585      -5.3299            0
755      -14.527      -3.4012            0
756      -15.512    -0.021263            0
757      -13.088      -6.2912            0
758      -14.036      -4.6043            0
759      -14.994      -2.1871            0
760      -15.497      -0.4516            0
761       -14.49      -3.8924            0
762      -14.966      -2.6762            0
763      -15.479     -0.99961            0
764      -13.568      -5.8289            0
765       -15.99         2.17            0
766      -14.028      -5.1038            0
767      -15.458      -1.4227            0
768      -16.042        2.664            0
769          -16       1.6709            0
770      -15.979       1.2283            0
771      -16.097       3.1286            0
772      -14.968      -3.1694            0
773      -14.486      -4.3909            0
774      -15.414      -1.9468            0
775      -15.981      0.73042            0
776      -15.937      0.23359            0
777       -13.59      -6.2912            0
778      -14.921      -3.6554            0
779      -14.008      -5.5918            0
780      -15.386      -2.4237            0
781      -15.952     -0.24743            0
782      -14.449      -4.8825            0
783      -15.904     -0.73996            0
784      -14.914      -4.1535            0
785      -15.399       -2.921            0
786      -15.918      -1.2346            0
787      -16.426       1.9262            0
788       -14.42      -5.3293            0
789      -16.467       2.4405            0
790      -16.422       1.4296            0
791      -15.857      -1.7191            0
792      -16.413      0.98111            0
793      -15.346      -3.4149            0
794      -16.387      0.43982            0
795      -14.882      -4.6466            0
796      -16.599       3.1286            0
797      -16.324    -0.051581            0
798      -15.836      -2.2121            0
799      -14.091      -6.2912            0
800       -14.39      -5.8482            0
801      -16.344     -0.54986            0
802      -15.347       -3.912            0
803      -15.799      -2.7001            0
804       -16.33     -0.95991            0
805      -14.873      -5.1448            0
806      -16.289      -1.4916            0
807      -16.864       2.6787            0
808      -15.315      -4.4091            0
809      -15.795      -3.1994            0
810      -16.896       2.2163            0
811      -16.263       -1.964            0
812      -16.817      0.70778            0
813      -16.883       1.2029            0
814      -16.929       1.7048            0
815      -16.785       0.1393            0
816      -15.761      -3.6898            0
817      -14.841      -5.7408            0
818      -16.222       -2.454            0
819      -16.764     -0.28752            0
820      -15.307      -4.9076            0
821      -14.593      -6.2912            0
822        -17.1       3.1286            0
823       -16.79     -0.76515            0
824      -15.759      -4.1825            0
825      -16.229      -2.9513            0
826       -16.73      -1.2579            0
827      -15.283      -5.3976            0
828      -17.284        2.567            0
829      -16.714      -1.7539            0
830      -16.189      -3.4473            0
831      -15.745      -4.6817            0
832      -17.217      0.41092            0
833      -17.296       0.9001            0
834      -16.674      -2.2439            0
835      -15.236       -5.883            0
836      -17.219     -0.08809            0
837      -17.478       2.0111            0
838      -16.189      -3.9452            0
839      -15.094      -6.2912            0
840       -17.17     -0.57438            0
841      -16.633      -2.7358            0
842      -17.466       1.4428            0
843      -15.703      -5.1441            0
844      -17.602       3.1286            0
845      -17.179       -1.073            0
846      -16.635      -3.2258            0
847      -16.183      -4.4429            0
848      -17.145      -1.5088            0
849      -15.671      -5.7393            0
850      -17.105      -2.0066            0
851      -17.646      0.57447            0
852      -16.603      -3.7233            0
853      -17.747       1.0617            0
854      -17.648      0.16039            0
855      -16.157      -4.9407            0
856       -17.07      -2.5048            0
857      -17.922       2.4897            0
858      -17.656     -0.32354            0
859      -15.596      -6.2912            0
860      -17.957       1.8686            0
861      -17.604     -0.81961            0
862      -16.601      -4.2159            0
863      -17.054       -3.003            0
864      -16.111      -5.4286            0
865      -18.103       3.1286            0
866      -17.619      -1.2991            0
867      -18.063        1.383            0
868      -17.555      -1.7944            0
869      -17.047      -3.4968            0
870      -18.057      0.85587            0
871      -16.599      -4.7098            0
872      -17.518      -2.2845            0
873      -18.099      0.36787            0
874       -18.04      -0.1246            0
875      -17.035       -3.972            0
876      -16.541      -5.1925            0
877      -17.513       -2.784            0
878      -18.057      -0.6198            0
879      -16.097      -6.2912            0
880      -17.986      -1.1097            0
881      -18.468       2.1265            0
882      -17.033      -4.4644            0
883      -18.511       2.6847            0
884      -17.499      -3.2576            0
885      -16.536      -5.7672            0
886      -18.509        1.605            0
887      -18.015      -1.6036            0
888      -18.482       1.1136            0
889      -18.605       3.1286            0
890      -17.943      -2.0963            0
891      -16.966      -4.9565            0
892      -18.484      0.61613            0
893      -17.485      -3.7764            0
894       -18.47      0.12785            0
895      -17.947      -2.5397            0
896      -18.469     -0.37103            0
897      -18.411     -0.84925            0
898      -17.432      -4.2713            0
899      -16.963      -5.4531            0
900      -16.599      -6.2912            0
901      -17.945      -3.0321            0
902       -18.42      -1.3479            0
903      -18.359      -1.8227            0
904      -18.946       2.3033            0
905      -17.421      -4.7578            0
906      -16.904      -5.9466            0
907      -18.905       1.3131            0
908      -17.919      -3.5292            0
909      -18.964       1.8077            0
910      -18.876       0.3256            0
911      -18.938      0.81897            0
912      -19.106       3.1286            0
913      -18.391      -2.3136            0
914      -17.367       -5.254            0
915      -17.917       -4.027            0
916      -18.924     -0.16643            0
917      -18.358      -2.8107            0
918       -18.87     -0.66236            0
919      -17.284      -5.8011            0
920       -18.86      -1.0415            0
921       -17.86      -4.5249            0
922        -17.1      -6.2912            0
923      -18.803      -1.5375            0
924      -18.358      -3.3101            0
925      -19.328       1.5775            0
926      -19.377       2.0587            0
927      -18.787      -2.0657            0
928      -19.342       1.0789            0
929      -19.292      0.60112            0
930      -19.446       2.6095            0
931      -17.843      -5.0238            0
932      -18.345       -3.773            0
933      -19.318       0.1032            0
934       -18.78      -2.5641            0
935      -19.269      -0.3713            0
936      -17.769      -5.5707            0
937      -19.608       3.1286            0
938      -18.352      -4.2724            0
939      -19.298     -0.86375            0
940       -18.79      -3.0625            0
941      -19.259      -1.3412            0
942      -17.602      -6.2912            0
943      -19.207      -1.8263            0
944      -18.295      -4.8117            0
945      -19.811       2.7672            0
946      -19.784        1.774            0
947      -18.792      -3.5535            0
948      -19.829       2.2709            0
949      -19.793       1.2921            0
950      -19.748      0.79533            0
951      -19.212      -2.3255            0
952       -18.25      -5.3087            0
953      -18.762      -4.0462            0
954      -19.724     -0.17893            0
955      -19.214      -2.8003            0
956      -19.854      0.35066            0
957      -19.715     -0.59175            0
958      -18.195      -5.8048            0
959      -20.109       3.1286            0
960       -19.71      -1.1374            0
961      -19.199      -3.2787            0
962      -19.626      -1.6628            0
963      -18.103      -6.2912            0
964      -20.206       2.0398            0
965      -18.827      -4.6681            0
966      -20.244       2.5244            0
967      -19.641      -2.0736            0
968      -20.221       1.5411            0
969      -19.193      -3.8066            0
970      -20.232      0.87654            0
971      -20.127    -0.013512            0
972       -19.65       -2.561            0
973       -18.74      -5.3913            0
974      -20.153     -0.39423            0
975      -19.207      -4.3048            0
976      -20.112     -0.88759            0
977      -20.026      -1.3669            0
978      -19.643       -3.051            0
979      -18.707      -5.8901            0
980      -20.431      0.32832            0
981      -20.611       3.1286            0
982       -19.62      -3.5473            0
983      -20.086      -1.8527            0
984      -18.605      -6.2912            0
985      -20.691       2.7462            0
986      -19.302      -4.7333            0
987      -20.044      -2.3478            0
988      -20.736        2.258            0
989      -19.189      -5.1725            0
990      -19.633       -4.044            0
991       -20.75       1.7186            0
992      -20.561     -0.14042            0
993      -20.506     -0.61813            0
994      -20.052      -2.8415            0
995      -20.456      -1.0925            0
996      -20.771       1.1784            0
997       -20.81      0.64992            0
998      -19.158      -5.7467            0
999      -20.461      -1.5919            0
1000      -19.647      -4.5407            0
1001      -20.055      -3.3288            0
1002      -20.472      -2.0911            0
1003      -20.887       0.1594            0
1004       -20.05      -3.7753            0
1005      -21.112       3.1286            0
1006      -19.642      -4.9803            0
1007      -19.106      -6.2912            0
1008      -20.886     -0.34013            0
1009      -20.481      -2.5883            0
1010      -20.889     -0.83966            0
1011      -20.064      -4.2708            0
1012      -21.274       2.5635            0
1013      -21.253       1.9554            0
1014       -19.62      -5.5476            0
1015       -20.89      -1.3402            0
1016      -20.488       -3.083            0
1017      -21.323       1.4037            0
1018      -21.288      0.90741            0
1019      -20.898      -1.8297            0
1020      -20.091      -4.7693            0
1021      -20.489      -3.5739            0
1022       -21.32      0.40626            0
1023      -21.318    -0.093236            0
1024      -20.902      -2.3234            0
1025      -19.608      -6.2912            0
1026      -20.478      -3.9983            0
1027      -20.057      -5.2523            0
1028      -21.319     -0.58583            0
1029      -21.614       3.1286            0
1030      -20.904      -2.8141            0
1031      -21.318      -1.0856            0
1032       -21.76       2.6443            0
1033      -20.509      -4.4963            0
1034      -21.759       2.1477            0
1035      -20.896      -3.3005            0
1036      -21.328       -1.577            0
1037      -21.757       1.6505            0
1038       -20.07      -5.8596            0
1039      -21.755       1.1526            0
1040      -21.752      0.65362            0
1041      -20.464      -4.9901            0
1042      -21.333      -2.0726            0
1043      -21.751      0.15389            0
1044      -20.934      -3.7969            0
1045      -21.752     -0.33794            0
1046      -20.417      -5.4839            0
1047      -21.337      -2.5675            0
1048      -20.109      -6.2912            0
1049      -20.884      -4.2868            0
1050      -21.751     -0.83767            0
1051      -22.115       3.1286            0
1052      -21.336      -3.0629            0
1053      -21.751      -1.3335            0
1054      -22.184       2.3849            0
1055      -22.184       1.8891            0
1056      -20.908      -4.7696            0
1057      -22.184       1.3933            0
1058      -21.322      -3.5615            0
1059      -21.752      -1.8332            0
1060      -22.184      0.89755            0
1061      -22.184      0.40178            0
1062      -20.862      -5.2652            0
1063      -21.755      -2.3321            0
1064      -22.184    -0.094003            0
1065      -21.321      -4.0604            0
1066      -22.184     -0.58978            0
1067      -21.757      -2.8301            0
1068      -20.611      -6.2912            0
1069      -20.855      -5.7759            0
1070      -22.184      -1.0856            0
1071       -21.32      -4.5593            0
1072      -22.617       3.1286            0
1073      -22.617       2.6328            0
1074      -21.759      -3.3273            0
1075      -22.617        2.137            0
1076      -22.184      -1.5813            0
1077      -22.617       1.6412            0
1078      -22.617       1.1454            0
1079      -21.311        -5.05            0
1080      -22.184      -2.0771            0
1081      -22.617      0.64967            0
1082      -21.752      -3.8084            0
1083      -22.617      0.15389            0
1084      -22.184      -2.5729            0
1085      -22.617     -0.34189            0
1086      -21.751      -4.3081            0
1087      -22.617     -0.83767            0
1088      -21.325      -5.6833            0
1089      -21.112      -6.2912            0
1090      -22.184      -3.0687            0
1091      -22.617      -1.3335            0
1092      -21.748      -4.8125            0
1093      -22.184      -3.5645            0
1094      -22.617      -1.8292            0
1095      -21.736      -5.3118            0
1096      -22.617       -2.325            0
1097      -22.184      -4.0602            0
1098      -22.617      -2.8208            0
1099      -22.184       -4.556            0
1100      -21.795       -5.825            0
1101      -21.614      -6.2912            0
1102      -22.617      -3.3166            0
1103      -22.184      -5.0518            0
1104      -22.617      -3.8123            0
1105      -22.184      -5.5476            0
1106      -22.617      -4.3081            0
1107      -22.617      -4.8039            0
1108      -22.115      -6.2912            0
1109      -22.617      -5.2997            0
1110      -22.617      -5.7955            0
1111      -22.617      -6.2912            0
];

%% Conectivities
% Element        Node(1)                Node(2)                Node(3)                Material

gidlnods = [
1 329 298 331 0
2 123 104 114 0
3 17 11 14 0
4 213 187 203 0
5 58 46 52 0
6 269 241 257 0
7 87 71 77 0
8 6 2 4 0
9 164 142 153 0
10 35 25 32 0
11 298 269 286 0
12 104 87 93 0
13 11 6 9 0
14 187 164 179 0
15 46 35 42 0
16 241 213 230 0
17 71 58 62 0
18 2 1 3 0
19 142 123 133 0
20 25 17 22 0
21 114 104 93 0
22 114 93 106 0
23 32 25 22 0
24 32 22 28 0
25 133 123 114 0
26 133 114 125 0
27 106 93 88 0
28 28 22 20 0
29 125 114 106 0
30 125 106 120 0
31 120 106 101 0
32 125 120 139 0
33 257 241 230 0
34 257 230 245 0
35 245 230 215 0
36 257 245 276 0
37 179 164 153 0
38 179 153 167 0
39 167 153 143 0
40 179 167 191 0
41 203 187 179 0
42 203 179 191 0
43 203 191 215 0
44 215 191 208 0
45 203 215 230 0
46 203 230 213 0
47 208 191 183 0
48 215 208 235 0
49 4 2 3 0
50 93 87 77 0
51 93 77 88 0
52 88 77 73 0
53 14 11 9 0
54 14 9 13 0
55 13 9 8 0
56 14 13 20 0
57 20 13 21 0
58 14 20 22 0
59 14 22 17 0
60 21 13 15 0
61 20 21 29 0
62 286 269 257 0
63 286 257 276 0
64 286 276 305 0
65 77 71 62 0
66 77 62 73 0
67 73 62 59 0
68 59 62 52 0
69 52 62 58 0
70 59 52 47 0
71 73 59 68 0
72 47 52 42 0
73 42 52 46 0
74 47 42 37 0
75 37 42 32 0
76 47 37 41 0
77 32 42 35 0
78 37 32 28 0
79 37 28 41 0
80 59 47 55 0
81 153 142 133 0
82 153 133 143 0
83 143 133 125 0
84 143 125 139 0
85 143 139 160 0
86 160 139 158 0
87 143 160 167 0
88 167 160 183 0
89 183 160 176 0
90 167 183 191 0
91 176 160 158 0
92 176 158 174 0
93 183 176 201 0
94 174 158 148 0
95 176 174 199 0
96 9 6 4 0
97 9 4 8 0
98 8 4 5 0
99 298 286 331 0
100 88 73 82 0
101 174 148 166 0
102 8 5 10 0
103 286 305 331 0
104 176 199 201 0
105 201 199 224 0
106 224 199 217 0
107 201 224 226 0
108 305 276 301 0
109 148 158 135 0
110 199 174 194 0
111 5 4 3 0
112 47 41 55 0
113 55 41 54 0
114 183 201 208 0
115 208 201 226 0
116 208 226 235 0
117 235 226 252 0
118 252 226 224 0
119 235 252 261 0
120 54 41 39 0
121 55 54 65 0
122 261 252 284 0
123 235 261 245 0
124 245 261 276 0
125 235 245 215 0
126 276 261 301 0
127 301 261 284 0
128 301 284 313 0
129 313 284 308 0
130 301 313 338 0
131 338 313 344 0
132 59 55 68 0
133 68 55 65 0
134 68 65 79 0
135 79 65 76 0
136 68 79 82 0
137 82 79 94 0
138 68 82 73 0
139 94 79 91 0
140 82 94 101 0
141 101 94 116 0
142 116 94 110 0
143 101 116 120 0
144 120 116 135 0
145 120 135 139 0
146 139 135 158 0
147 1072 1073 1051 0
148 1087 1091 1070 0
149 1107 1109 1103 0
150 1078 1081 1060 0
151 1098 1102 1090 0
152 224 217 244 0
153 1075 1077 1055 0
154 1094 1096 1080 0
155 1110 1111 1108 0
156 1083 1085 1064 0
157 1104 1106 1097 0
158 1073 1075 1054 0
159 1091 1094 1076 0
160 1109 1110 1105 0
161 1081 1083 1061 0
162 1102 1104 1093 0
163 1077 1078 1057 0
164 1096 1098 1084 0
165 217 199 194 0
166 217 194 214 0
167 214 194 190 0
168 217 214 239 0
169 1085 1087 1066 0
170 1106 1107 1099 0
171 15 13 8 0
172 15 8 10 0
173 29 21 30 0
174 21 15 23 0
175 20 29 28 0
176 28 29 41 0
177 190 194 166 0
178 214 190 212 0
179 239 214 238 0
180 217 239 244 0
181 244 239 266 0
182 266 239 263 0
183 244 266 274 0
184 91 79 76 0
185 91 76 90 0
186 90 76 75 0
187 91 90 107 0
188 15 10 18 0
189 266 263 291 0
190 94 91 110 0
191 110 91 107 0
192 110 107 127 0
193 127 107 126 0
194 110 127 128 0
195 263 239 238 0
196 263 238 264 0
197 264 238 236 0
198 263 264 289 0
199 274 266 295 0
200 308 284 274 0
201 116 110 128 0
202 116 128 135 0
203 264 236 265 0
204 263 289 291 0
205 291 289 318 0
206 318 289 317 0
207 291 318 322 0
208 313 308 344 0
209 236 238 212 0
210 236 212 216 0
211 289 264 292 0
212 101 106 88 0
213 101 88 82 0
214 318 317 353 0
215 291 322 295 0
216 295 322 325 0
217 305 301 334 0
218 317 289 292 0
219 317 292 319 0
220 319 292 293 0
221 317 319 356 0
222 10 7 12 0
223 322 318 349 0
224 166 148 144 0
225 194 174 166 0
226 65 54 63 0
227 293 292 265 0
228 293 265 268 0
229 39 41 29 0
230 284 252 274 0
231 127 126 145 0
232 356 319 350 0
233 76 65 63 0
234 76 63 75 0
235 75 63 66 0
236 66 63 53 0
237 75 66 80 0
238 126 107 108 0
239 319 293 323 0
240 148 135 128 0
241 54 39 53 0
242 54 53 63 0
243 128 127 144 0
244 144 127 145 0
245 128 144 148 0
246 317 356 353 0
247 353 356 390 0
248 1070 1091 1076 0
249 1070 1076 1053 0
250 1097 1106 1099 0
251 1097 1099 1086 0
252 1066 1087 1070 0
253 1066 1070 1050 0
254 1070 1053 1050 0
255 1050 1053 1031 0
256 1097 1086 1082 0
257 1066 1050 1045 0
258 1050 1031 1028 0
259 1061 1083 1064 0
260 1061 1064 1043 0
261 1043 1064 1045 0
262 1043 1045 1023 0
263 1045 1064 1066 0
264 1066 1064 1085 0
265 1023 1045 1028 0
266 1023 1028 1008 0
267 1043 1023 1022 0
268 1008 1028 1010 0
269 1023 1008 1003 0
270 1061 1043 1040 0
271 1028 1045 1050 0
272 1053 1076 1059 0
273 1060 1081 1061 0
274 1060 1061 1040 0
275 1060 1040 1039 0
276 1039 1040 1018 0
277 1060 1039 1057 0
278 1057 1039 1037 0
279 1060 1057 1078 0
280 1037 1039 1017 0
281 1057 1037 1055 0
282 1055 1037 1034 0
283 1057 1055 1077 0
284 1034 1037 1013 0
285 1055 1034 1054 0
286 1054 1034 1032 0
287 1055 1054 1075 0
288 1032 1034 1012 0
289 1054 1032 1051 0
290 1076 1094 1080 0
291 1076 1080 1059 0
292 1059 1080 1063 0
293 1063 1080 1084 0
294 1063 1084 1067 0
295 1084 1080 1096 0
296 1067 1084 1090 0
297 1067 1090 1074 0
298 1090 1084 1098 0
299 1074 1090 1093 0
300 1074 1093 1082 0
301 1074 1082 1058 0
302 1093 1090 1102 0
303 1082 1093 1097 0
304 1058 1082 1065 0
305 1074 1058 1052 0
306 1097 1093 1104 0
307 1067 1074 1052 0
308 1067 1052 1047 0
309 1047 1052 1030 0
310 1067 1047 1063 0
311 1063 1047 1042 0
312 1042 1047 1024 0
313 1063 1042 1059 0
314 1059 1042 1036 0
315 1036 1042 1019 0
316 1059 1036 1053 0
317 1053 1036 1031 0
318 1031 1036 1015 0
319 1015 1036 1019 0
320 1015 1019 999 0
321 1031 1015 1010 0
322 999 1019 1002 0
323 1015 999 995 0
324 1031 1010 1028 0
325 1065 1082 1086 0
326 1065 1086 1071 0
327 1052 1058 1035 0
328 1019 1042 1024 0
329 1019 1024 1002 0
330 1002 1024 1009 0
331 1009 1024 1030 0
332 1009 1030 1016 0
333 1030 1024 1047 0
334 1002 1009 987 0
335 1016 1030 1035 0
336 1016 1035 1021 0
337 1035 1030 1052 0
338 1021 1035 1044 0
339 1016 1021 1001 0
340 1009 1016 994 0
341 1044 1035 1058 0
342 1044 1058 1065 0
343 1044 1065 1049 0
344 1049 1065 1071 0
345 1044 1049 1026 0
346 1021 1044 1026 0
347 1021 1026 1004 0
348 1004 1026 1011 0
349 1021 1004 1001 0
350 1001 1004 982 0
351 982 1004 990 0
352 1001 982 978 0
353 1011 1026 1033 0
354 1004 1011 990 0
355 990 1011 1000 0
356 982 990 969 0
357 1001 978 994 0
358 994 978 972 0
359 1001 994 1016 0
360 972 978 955 0
361 994 972 987 0
362 987 972 967 0
363 967 972 951 0
364 987 967 983 0
365 994 987 1009 0
366 990 1000 975 0
367 951 972 955 0
368 951 955 934 0
369 934 955 940 0
370 951 934 927 0
371 967 951 943 0
372 987 983 1002 0
373 1002 983 999 0
374 999 983 977 0
375 977 983 962 0
376 999 977 995 0
377 978 982 961 0
378 1000 1011 1020 0
379 983 967 962 0
380 962 967 943 0
381 962 943 941 0
382 941 943 923 0
383 962 960 977 0
384 923 943 927 0
385 927 943 951 0
386 941 923 920 0
387 955 978 961 0
388 955 961 940 0
389 940 961 947 0
390 947 961 969 0
391 947 969 953 0
392 940 947 924 0
393 953 969 975 0
394 947 953 932 0
395 924 947 932 0
396 924 932 908 0
397 908 932 915 0
398 924 908 901 0
399 940 924 917 0
400 908 915 893 0
401 924 901 917 0
402 917 901 895 0
403 895 901 877 0
404 917 895 913 0
405 915 932 938 0
406 901 908 884 0
407 1026 1049 1033 0
408 1033 1049 1056 0
409 1056 1049 1071 0
410 1056 1071 1079 0
411 1033 1056 1041 0
412 1079 1071 1092 0
413 1056 1079 1062 0
414 1041 1056 1062 0
415 1041 1062 1046 0
416 1033 1041 1020 0
417 1020 1041 1027 0
418 1027 1041 1046 0
419 1027 1046 1038 0
420 1020 1027 1006 0
421 1038 1046 1068 0
422 1027 1038 1014 0
423 1046 1062 1069 0
424 1014 1038 1025 0
425 1027 1014 1006 0
426 1006 1014 989 0
427 989 1014 998 0
428 1006 989 986 0
429 1020 1006 1000 0
430 1000 1006 986 0
431 1000 986 975 0
432 975 986 965 0
433 965 986 989 0
434 975 965 953 0
435 953 965 938 0
436 953 938 932 0
437 1092 1071 1086 0
438 1062 1079 1088 0
439 989 998 973 0
440 1079 1092 1095 0
441 998 1014 1025 0
442 895 877 872 0
443 917 913 934 0
444 934 913 927 0
445 927 913 903 0
446 917 934 940 0
447 903 913 890 0
448 927 903 923 0
449 890 913 895 0
450 890 895 872 0
451 890 872 868 0
452 868 872 850 0
453 890 868 887 0
454 850 872 856 0
455 868 850 848 0
456 887 868 866 0
457 890 887 903 0
458 903 887 902 0
459 902 887 880 0
460 903 902 923 0
461 923 902 920 0
462 880 887 866 0
463 880 866 861 0
464 861 866 845 0
465 880 861 878 0
466 902 880 897 0
467 845 866 848 0
468 845 848 826 0
469 826 848 829 0
470 845 826 823 0
471 861 845 840 0
472 878 861 858 0
473 880 878 897 0
474 897 878 896 0
475 896 878 874 0
476 897 896 918 0
477 874 878 858 0
478 874 858 854 0
479 854 858 836 0
480 874 854 873 0
481 896 874 894 0
482 918 896 916 0
483 897 918 920 0
484 920 918 939 0
485 939 918 935 0
486 920 939 941 0
487 941 939 960 0
488 897 920 902 0
489 935 918 916 0
490 935 916 933 0
491 933 916 910 0
492 935 933 954 0
493 939 935 957 0
494 910 916 894 0
495 910 894 892 0
496 892 894 873 0
497 873 894 874 0
498 892 873 870 0
499 910 892 911 0
500 870 873 851 0
501 892 870 888 0
502 933 910 929 0
503 954 933 956 0
504 935 954 957 0
505 957 954 974 0
506 974 954 971 0
507 957 974 976 0
508 960 939 957 0
509 941 960 962 0
510 977 960 976 0
511 976 960 957 0
512 977 976 995 0
513 995 976 993 0
514 993 976 974 0
515 995 993 1010 0
516 993 974 992 0
517 1010 993 1008 0
518 1008 993 992 0
519 1008 992 1003 0
520 1003 992 980 0
521 992 974 971 0
522 980 992 971 0
523 980 971 956 0
524 956 971 954 0
525 1003 980 997 0
526 836 858 840 0
527 836 840 819 0
528 854 836 832 0
529 873 854 851 0
530 851 854 832 0
531 851 832 833 0
532 833 832 812 0
533 851 833 853 0
534 829 848 850 0
535 829 850 834 0
536 834 850 856 0
537 834 856 841 0
538 829 834 811 0
539 841 856 863 0
540 834 841 818 0
541 826 829 806 0
542 823 826 804 0
543 845 823 840 0
544 840 823 819 0
545 819 823 801 0
546 801 823 804 0
547 801 804 783 0
548 783 804 786 0
549 801 783 781 0
550 819 801 797 0
551 783 786 763 0
552 801 781 797 0
553 797 781 776 0
554 776 781 756 0
555 797 776 794 0
556 786 804 806 0
557 786 806 791 0
558 791 806 811 0
559 811 806 829 0
560 791 811 798 0
561 786 791 767 0
562 798 811 818 0
563 798 818 803 0
564 818 811 834 0
565 803 818 825 0
566 798 803 780 0
567 791 798 774 0
568 781 783 760 0
569 756 781 760 0
570 756 760 738 0
571 738 760 742 0
572 756 738 736 0
573 776 756 752 0
574 794 776 775 0
575 797 794 815 0
576 742 760 763 0
577 742 763 744 0
578 738 742 720 0
579 736 738 714 0
580 756 736 752 0
581 752 736 732 0
582 732 736 713 0
583 752 732 751 0
584 997 980 970 0
585 713 736 714 0
586 713 714 692 0
587 692 714 698 0
588 713 692 690 0
589 751 732 731 0
590 1003 997 1022 0
591 732 713 710 0
592 752 751 775 0
593 775 751 770 0
594 911 892 888 0
595 767 791 774 0
596 698 714 720 0
597 698 720 700 0
598 690 692 671 0
599 910 911 929 0
600 929 911 928 0
601 928 911 907 0
602 929 928 950 0
603 907 911 888 0
604 907 888 886 0
605 886 888 867 0
606 907 886 909 0
607 928 907 925 0
608 950 928 949 0
609 929 950 956 0
610 956 950 970 0
611 786 767 763 0
612 763 767 744 0
613 744 767 753 0
614 753 767 774 0
615 753 774 759 0
616 759 774 780 0
617 780 774 798 0
618 759 780 762 0
619 753 759 735 0
620 762 780 785 0
621 759 762 739 0
622 744 753 729 0
623 735 759 739 0
624 753 735 729 0
625 729 735 712 0
626 712 735 719 0
627 729 712 708 0
628 719 735 739 0
629 719 739 723 0
630 723 739 747 0
631 719 723 701 0
632 712 719 695 0
633 708 712 689 0
634 729 708 725 0
635 747 739 762 0
636 747 762 772 0
637 772 762 785 0
638 747 772 755 0
639 723 747 733 0
640 701 723 707 0
641 719 701 695 0
642 695 701 679 0
643 679 701 685 0
644 695 679 672 0
645 685 701 707 0
646 685 707 694 0
647 694 707 716 0
648 685 694 670 0
649 679 685 661 0
650 672 679 653 0
651 695 672 689 0
652 689 672 664 0
653 716 707 733 0
654 716 733 740 0
655 740 733 755 0
656 755 733 747 0
657 716 740 722 0
658 670 694 677 0
659 664 672 650 0
660 694 716 702 0
661 685 670 661 0
662 661 670 645 0
663 645 670 654 0
664 661 645 640 0
665 689 664 681 0
666 654 670 677 0
667 654 677 662 0
668 662 677 687 0
669 654 662 639 0
670 645 654 631 0
671 640 645 621 0
672 661 640 653 0
673 653 640 632 0
674 692 698 675 0
675 713 690 710 0
676 710 690 688 0
677 688 690 668 0
678 710 688 709 0
679 888 870 867 0
680 803 825 809 0
681 687 677 702 0
682 687 702 711 0
683 668 690 671 0
684 668 671 649 0
685 649 671 652 0
686 668 649 647 0
687 825 818 841 0
688 825 841 846 0
689 846 841 863 0
690 846 863 869 0
691 825 846 830 0
692 869 863 884 0
693 846 869 852 0
694 830 846 852 0
695 825 830 809 0
696 809 830 816 0
697 816 830 838 0
698 809 816 793 0
699 780 803 785 0
700 785 803 809 0
701 785 809 793 0
702 785 793 772 0
703 772 793 778 0
704 778 793 802 0
705 772 778 755 0
706 755 778 761 0
707 761 778 784 0
708 755 761 740 0
709 740 761 749 0
710 749 761 773 0
711 740 749 722 0
712 802 793 816 0
713 802 816 824 0
714 824 816 838 0
715 824 838 847 0
716 802 824 808 0
717 778 802 784 0
718 784 802 808 0
719 784 808 795 0
720 795 808 820 0
721 784 795 773 0
722 773 795 782 0
723 784 773 761 0
724 782 795 805 0
725 773 782 758 0
726 639 662 648 0
727 709 688 686 0
728 870 851 853 0
729 870 853 867 0
730 867 853 842 0
731 842 853 833 0
732 867 842 860 0
733 860 842 837 0
734 867 860 886 0
735 836 819 815 0
736 815 819 797 0
737 836 815 832 0
738 742 744 725 0
739 725 744 729 0
740 742 725 720 0
741 688 668 665 0
742 662 687 673 0
743 654 639 631 0
744 631 639 615 0
745 615 639 627 0
746 631 615 606 0
747 710 709 731 0
748 731 709 726 0
749 812 832 815 0
750 632 640 614 0
751 824 847 831 0
752 1003 1022 1023 0
753 647 649 628 0
754 652 671 675 0
755 652 675 655 0
756 615 627 601 0
757 631 606 621 0
758 621 606 598 0
759 775 770 792 0
760 830 852 838 0
761 838 852 862 0
762 862 852 875 0
763 838 862 847 0
764 847 862 871 0
765 871 862 882 0
766 847 871 855 0
767 833 812 813 0
768 653 632 650 0
769 653 650 672 0
770 650 632 629 0
771 629 632 608 0
772 650 629 644 0
773 606 615 591 0
774 770 751 748 0
775 668 647 665 0
776 665 647 643 0
777 643 647 625 0
778 665 643 663 0
779 649 652 630 0
780 627 639 648 0
781 627 648 636 0
782 636 648 658 0
783 627 636 612 0
784 700 720 725 0
785 773 758 749 0
786 749 758 734 0
787 734 758 743 0
788 749 734 722 0
789 663 643 642 0
790 743 758 766 0
791 734 743 718 0
792 687 711 697 0
793 875 852 869 0
794 875 869 893 0
795 875 893 898 0
796 898 893 915 0
797 875 898 882 0
798 882 898 905 0
799 905 898 921 0
800 882 905 891 0
801 875 882 862 0
802 921 898 915 0
803 905 921 931 0
804 891 905 914 0
805 882 891 871 0
806 871 891 876 0
807 876 891 899 0
808 871 876 855 0
809 855 876 864 0
810 864 876 885 0
811 855 864 843 0
812 899 891 914 0
813 899 914 919 0
814 919 914 936 0
815 899 919 906 0
816 876 899 885 0
817 885 899 906 0
818 885 906 900 0
819 900 906 922 0
820 922 906 919 0
821 936 914 931 0
822 936 931 952 0
823 952 931 944 0
824 936 952 958 0
825 919 936 942 0
826 864 885 879 0
827 843 864 849 0
828 855 843 831 0
829 831 843 820 0
830 820 843 827 0
831 855 831 847 0
832 827 843 849 0
833 827 849 835 0
834 820 827 805 0
835 835 849 859 0
836 827 835 817 0
837 805 827 817 0
838 805 817 788 0
839 788 817 800 0
840 805 788 782 0
841 782 788 766 0
842 766 788 779 0
843 782 766 758 0
844 779 788 800 0
845 779 800 799 0
846 766 779 754 0
847 831 820 808 0
848 820 805 795 0
849 817 839 821 0
850 800 817 821 0
851 754 779 764 0
852 766 754 743 0
853 743 754 730 0
854 730 754 741 0
855 743 730 718 0
856 718 730 704 0
857 704 730 717 0
858 718 704 697 0
859 718 697 711 0
860 718 711 734 0
861 734 711 722 0
862 722 711 702 0
863 722 702 716 0
864 612 636 619 0
865 698 700 678 0
866 808 824 831 0
867 658 648 673 0
868 658 673 682 0
869 907 909 925 0
870 925 909 926 0
871 926 909 904 0
872 925 926 946 0
873 904 909 881 0
874 926 904 930 0
875 946 926 948 0
876 925 946 949 0
877 949 946 968 0
878 968 946 964 0
879 949 968 970 0
880 625 647 628 0
881 625 628 605 0
882 605 628 607 0
883 625 605 604 0
884 877 901 884 0
885 877 884 863 0
886 665 663 686 0
887 686 663 683 0
888 627 612 601 0
889 601 612 588 0
890 588 612 596 0
891 601 588 576 0
892 596 612 619 0
893 596 619 609 0
894 609 619 633 0
895 596 609 584 0
896 588 596 572 0
897 576 588 561 0
898 601 576 591 0
899 591 576 567 0
900 909 886 881 0
901 881 886 860 0
902 636 658 646 0
903 643 625 622 0
904 975 969 990 0
905 731 726 748 0
906 731 748 751 0
907 748 726 750 0
908 750 726 727 0
909 748 750 769 0
910 863 856 877 0
911 621 598 614 0
912 621 614 640 0
913 614 598 592 0
914 592 598 574 0
915 614 592 608 0
916 608 592 585 0
917 585 592 568 0
918 608 585 602 0
919 933 929 956 0
920 604 605 582 0
921 633 619 646 0
922 633 646 657 0
923 584 609 595 0
924 726 709 705 0
925 598 606 583 0
926 605 607 587 0
927 609 633 618 0
928 607 628 630 0
929 607 630 611 0
930 625 604 622 0
931 622 604 603 0
932 603 604 581 0
933 622 603 623 0
934 581 604 582 0
935 581 582 560 0
936 560 582 563 0
937 581 560 557 0
938 603 581 578 0
939 622 623 642 0
940 642 623 651 0
941 623 603 600 0
942 596 584 572 0
943 572 584 558 0
944 558 584 570 0
945 572 558 548 0
946 1069 1062 1088 0
947 1069 1088 1089 0
948 950 949 970 0
949 608 632 614 0
950 948 926 930 0
951 1046 1069 1068 0
952 794 775 792 0
953 650 644 664 0
954 664 644 660 0
955 660 644 638 0
956 664 660 681 0
957 681 660 678 0
958 678 660 655 0
959 681 678 700 0
960 681 700 708 0
961 655 660 638 0
962 655 638 634 0
963 678 655 675 0
964 678 675 698 0
965 708 700 725 0
966 634 638 616 0
967 655 634 652 0
968 638 644 620 0
969 616 638 620 0
970 616 620 594 0
971 634 616 611 0
972 602 620 629 0
973 629 620 644 0
974 581 557 578 0
975 578 557 553 0
976 90 75 92 0
977 760 783 763 0
978 683 663 666 0
979 1011 1033 1020 0
980 738 720 714 0
981 658 682 669 0
982 572 548 561 0
983 561 548 538 0
984 1103 1109 1105 0
985 1103 1105 1095 0
986 1099 1107 1103 0
987 1099 1103 1092 0
988 1092 1103 1095 0
989 689 712 695 0
990 964 946 948 0
991 964 948 966 0
992 966 948 945 0
993 964 966 988 0
994 945 948 930 0
995 945 930 937 0
996 945 937 959 0
997 945 959 966 0
998 988 966 985 0
999 964 988 991 0
1000 916 896 894 0
1001 629 608 602 0
1002 730 741 717 0
1003 558 570 547 0
1004 1105 1110 1108 0
1005 776 752 775 0
1006 679 661 653 0
1007 560 563 533 0
1008 861 840 858 0
1009 928 925 949 0
1010 930 904 912 0
1011 224 244 252 0
1012 244 274 252 0
1013 815 794 812 0
1014 741 754 764 0
1015 741 764 757 0
1016 570 584 595 0
1017 570 595 586 0
1018 586 595 610 0
1019 570 586 559 0
1020 610 595 618 0
1021 610 618 635 0
1022 586 610 597 0
1023 559 586 573 0
1024 570 559 547 0
1025 547 559 536 0
1026 536 559 549 0
1027 547 536 520 0
1028 107 90 108 0
1029 108 90 92 0
1030 686 683 705 0
1031 686 705 709 0
1032 705 683 706 0
1033 706 683 684 0
1034 705 706 727 0
1035 727 706 724 0
1036 563 582 587 0
1037 563 587 566 0
1038 904 881 883 0
1039 1073 1054 1051 0
1040 1086 1099 1092 0
1041 968 964 991 0
1042 968 991 996 0
1043 996 991 1017 0
1044 968 996 970 0
1045 708 689 681 0
1046 682 673 697 0
1047 697 673 687 0
1048 682 697 704 0
1049 682 704 693 0
1050 693 704 717 0
1051 682 693 669 0
1052 669 693 680 0
1053 693 717 703 0
1054 680 693 703 0
1055 669 680 657 0
1056 657 680 667 0
1057 669 657 646 0
1058 669 646 658 0
1059 667 680 691 0
1060 657 667 641 0
1061 691 680 703 0
1062 691 703 715 0
1063 667 691 696 0
1064 641 667 659 0
1065 657 641 633 0
1066 633 641 618 0
1067 618 641 635 0
1068 635 641 659 0
1069 635 659 656 0
1070 548 558 535 0
1071 557 560 531 0
1072 30 21 23 0
1073 727 726 705 0
1074 592 574 568 0
1075 568 574 550 0
1076 550 574 556 0
1077 568 550 544 0
1078 556 574 583 0
1079 556 583 567 0
1080 567 583 591 0
1081 591 583 606 0
1082 556 567 541 0
1083 550 556 534 0
1084 544 550 526 0
1085 568 544 564 0
1086 541 567 552 0
1087 556 541 534 0
1088 534 541 517 0
1089 517 541 529 0
1090 534 517 513 0
1091 529 541 552 0
1092 529 552 538 0
1093 538 552 561 0
1094 529 538 514 0
1095 517 529 502 0
1096 513 517 493 0
1097 534 513 526 0
1098 526 513 501 0
1099 501 513 488 0
1100 526 501 518 0
1101 514 538 521 0
1102 529 514 502 0
1103 502 514 489 0
1104 489 514 498 0
1105 502 489 479 0
1106 498 514 521 0
1107 498 521 511 0
1108 511 521 535 0
1109 498 511 485 0
1110 489 498 473 0
1111 479 489 464 0
1112 502 479 493 0
1113 493 479 468 0
1114 485 511 495 0
1115 498 485 473 0
1116 473 485 458 0
1117 458 485 470 0
1118 473 458 450 0
1119 468 479 453 0
1120 470 485 495 0
1121 470 495 486 0
1122 486 495 512 0
1123 470 486 457 0
1124 450 458 432 0
1125 493 468 488 0
1126 493 488 513 0
1127 488 468 462 0
1128 462 468 442 0
1129 488 462 480 0
1130 458 470 447 0
1131 473 450 464 0
1132 464 450 435 0
1133 512 495 520 0
1134 512 520 536 0
1135 457 486 472 0
1136 435 450 422 0
1137 486 512 497 0
1138 470 457 447 0
1139 447 457 433 0
1140 433 457 449 0
1141 447 433 420 0
1142 449 457 472 0
1143 449 472 465 0
1144 465 472 490 0
1145 449 465 436 0
1146 433 449 421 0
1147 447 420 432 0
1148 432 420 405 0
1149 464 435 453 0
1150 464 453 479 0
1151 453 435 428 0
1152 428 435 409 0
1153 453 428 442 0
1154 442 428 418 0
1155 418 428 401 0
1156 442 418 434 0
1157 420 433 406 0
1158 607 611 590 0
1159 526 550 534 0
1160 552 567 576 0
1161 517 502 493 0
1162 325 322 362 0
1163 931 921 944 0
1164 748 769 770 0
1165 770 769 790 0
1166 790 769 787 0
1167 770 790 792 0
1168 792 790 813 0
1169 787 769 765 0
1170 790 787 814 0
1171 765 769 750 0
1172 765 750 746 0
1173 746 750 727 0
1174 746 727 724 0
1175 765 746 768 0
1176 768 746 745 0
1177 765 768 789 0
1178 787 765 789 0
1179 787 789 810 0
1180 810 789 807 0
1181 787 810 814 0
1182 814 810 837 0
1183 807 789 796 0
1184 810 807 828 0
1185 789 768 796 0
1186 828 807 822 0
1187 810 828 837 0
1188 837 828 857 0
1189 857 828 844 0
1190 837 857 860 0
1191 18 10 16 0
1192 908 893 884 0
1193 688 665 686 0
1194 465 490 478 0
1195 1034 1013 1012 0
1196 1012 1013 988 0
1197 591 615 601 0
1198 952 944 973 0
1199 952 973 958 0
1200 212 190 189 0
1201 804 826 806 0
1202 684 683 666 0
1203 566 587 590 0
1204 590 587 607 0
1205 566 590 569 0
1206 569 590 593 0
1207 566 569 546 0
1208 1013 1037 1017 0
1209 1013 1017 991 0
1210 677 694 702 0
1211 501 488 480 0
1212 501 480 496 0
1213 496 480 471 0
1214 501 496 518 0
1215 518 496 516 0
1216 516 496 491 0
1217 518 516 539 0
1218 471 480 455 0
1219 496 471 491 0
1220 491 471 467 0
1221 467 471 448 0
1222 491 467 487 0
1223 516 491 509 0
1224 539 516 532 0
1225 518 539 544 0
1226 544 539 564 0
1227 455 480 462 0
1228 455 462 434 0
1229 455 434 429 0
1230 429 434 408 0
1231 455 429 448 0
1232 448 429 425 0
1233 425 429 404 0
1234 448 425 445 0
1235 455 448 471 0
1236 404 429 408 0
1237 404 408 385 0
1238 385 408 391 0
1239 404 385 379 0
1240 425 404 398 0
1241 445 425 423 0
1242 448 445 467 0
1243 467 445 466 0
1244 466 445 440 0
1245 467 466 487 0
1246 487 466 483 0
1247 483 466 456 0
1248 487 483 507 0
1249 440 445 423 0
1250 440 423 417 0
1251 417 423 396 0
1252 440 417 439 0
1253 466 440 456 0
1254 456 440 439 0
1255 456 439 460 0
1256 460 439 437 0
1257 456 460 482 0
1258 437 439 415 0
1259 460 437 459 0
1260 482 460 484 0
1261 456 482 483 0
1262 483 482 505 0
1263 505 482 500 0
1264 483 505 507 0
1265 507 505 525 0
1266 525 505 522 0
1267 507 525 528 0
1268 500 482 484 0
1269 500 484 508 0
1270 508 484 481 0
1271 500 508 533 0
1272 505 500 522 0
1273 481 484 459 0
1274 481 459 463 0
1275 463 459 438 0
1276 481 463 475 0
1277 508 481 503 0
1278 396 423 398 0
1279 396 398 374 0
1280 374 398 379 0
1281 379 398 404 0
1282 374 379 352 0
1283 396 374 371 0
1284 352 379 361 0
1285 374 352 347 0
1286 417 396 394 0
1287 439 417 415 0
1288 415 417 394 0
1289 415 394 393 0
1290 391 408 418 0
1291 391 418 401 0
1292 379 385 361 0
1293 361 385 366 0
1294 366 385 391 0
1295 366 391 376 0
1296 361 366 336 0
1297 376 391 401 0
1298 376 401 382 0
1299 366 376 346 0
1300 336 366 346 0
1301 361 336 330 0
1302 487 507 509 0
1303 509 507 528 0
1304 509 528 532 0
1305 532 528 551 0
1306 551 528 546 0
1307 532 551 555 0
1308 551 546 569 0
1309 551 569 571 0
1310 546 528 525 0
1311 546 525 545 0
1312 571 569 593 0
1313 551 571 555 0
1314 555 571 579 0
1315 545 525 522 0
1316 545 522 533 0
1317 533 522 500 0
1318 546 545 566 0
1319 566 545 563 0
1320 563 545 533 0
1321 579 571 594 0
1322 555 579 564 0
1323 564 579 585 0
1324 585 579 602 0
1325 564 585 568 0
1326 602 579 594 0
1327 602 594 620 0
1328 616 594 593 0
1329 593 594 571 0
1330 487 509 491 0
1331 532 555 539 0
1332 382 401 409 0
1333 409 401 428 0
1334 376 382 355 0
1335 438 459 437 0
1336 463 438 451 0
1337 463 451 475 0
1338 346 376 355 0
1339 346 355 321 0
1340 321 355 333 0
1341 346 321 314 0
1342 333 355 364 0
1343 321 333 302 0
1344 314 321 288 0
1345 346 314 336 0
1346 336 314 306 0
1347 306 314 285 0
1348 336 306 330 0
1349 330 306 299 0
1350 285 314 288 0
1351 285 288 259 0
1352 259 288 270 0
1353 285 259 256 0
1354 299 306 278 0
1355 330 299 326 0
1356 306 285 278 0
1357 259 270 240 0
1358 285 256 278 0
1359 278 256 250 0
1360 250 256 229 0
1361 278 250 272 0
1362 270 288 302 0
1363 270 302 280 0
1364 256 259 233 0
1365 352 361 330 0
1366 352 330 326 0
1367 352 326 347 0
1368 347 326 315 0
1369 315 326 294 0
1370 347 315 342 0
1371 294 326 299 0
1372 294 299 272 0
1373 294 272 271 0
1374 271 272 247 0
1375 294 271 315 0
1376 272 299 278 0
1377 342 315 316 0
1378 347 342 371 0
1379 247 272 250 0
1380 271 247 249 0
1381 250 229 223 0
1382 270 280 253 0
1383 271 249 283 0
1384 374 347 371 0
1385 316 315 283 0
1386 229 256 233 0
1387 229 233 206 0
1388 206 233 210 0
1389 229 206 202 0
1390 210 233 240 0
1391 210 240 227 0
1392 206 210 186 0
1393 202 206 182 0
1394 229 202 223 0
1395 223 202 198 0
1396 198 202 177 0
1397 223 198 220 0
1398 177 202 182 0
1399 177 182 157 0
1400 157 182 162 0
1401 177 157 152 0
1402 198 177 173 0
1403 220 198 195 0
1404 223 220 247 0
1405 280 302 310 0
1406 342 316 339 0
1407 249 247 220 0
1408 437 415 414 0
1409 227 240 253 0
1410 253 240 270 0
1411 227 253 234 0
1412 234 253 260 0
1413 227 234 207 0
1414 177 152 173 0
1415 173 152 149 0
1416 149 152 131 0
1417 173 149 170 0
1418 131 152 136 0
1419 149 131 130 0
1420 170 149 150 0
1421 394 396 371 0
1422 394 371 369 0
1423 369 371 342 0
1424 394 369 393 0
1425 393 369 367 0
1426 367 369 339 0
1427 393 367 395 0
1428 210 227 197 0
1429 423 425 398 0
1430 460 459 484 0
1431 508 503 531 0
1432 157 162 140 0
1433 415 393 414 0
1434 414 393 395 0
1435 414 395 413 0
1436 413 395 397 0
1437 414 413 438 0
1438 438 424 451 0
1439 173 170 195 0
1440 195 170 193 0
1441 503 481 475 0
1442 162 182 186 0
1443 162 186 169 0
1444 152 157 136 0
1445 136 157 140 0
1446 136 140 121 0
1447 364 355 382 0
1448 364 382 389 0
1449 389 382 409 0
1450 364 389 375 0
1451 375 389 405 0
1452 364 375 345 0
1453 288 321 302 0
1454 193 170 171 0
1455 345 375 358 0
1456 302 333 310 0
1457 234 260 251 0
1458 333 364 345 0
1459 333 345 310 0
1460 310 345 327 0
1461 327 345 358 0
1462 327 358 341 0
1463 341 358 372 0
1464 327 341 307 0
1465 372 358 386 0
1466 341 372 360 0
1467 307 341 324 0
1468 327 307 296 0
1469 310 327 296 0
1470 310 296 280 0
1471 280 296 260 0
1472 280 260 253 0
1473 386 358 375 0
1474 386 375 405 0
1475 360 372 388 0
1476 324 341 360 0
1477 296 307 279 0
1478 372 386 406 0
1479 307 324 290 0
1480 121 140 124 0
1481 227 207 197 0
1482 207 234 221 0
1483 395 367 368 0
1484 169 186 197 0
1485 197 186 210 0
1486 169 197 181 0
1487 181 197 207 0
1488 181 207 188 0
1489 169 181 155 0
1490 188 207 221 0
1491 181 188 165 0
1492 1079 1095 1088 0
1493 764 779 799 0
1494 536 549 523 0
1495 991 988 1013 0
1496 717 741 728 0
1497 547 520 535 0
1498 535 520 511 0
1499 23 15 18 0
1500 23 18 26 0
1501 26 18 24 0
1502 23 26 33 0
1503 692 675 671 0
1504 724 706 699 0
1505 268 265 242 0
1506 813 812 792 0
1507 792 812 794 0
1508 274 295 308 0
1509 662 673 648 0
1510 449 436 421 0
1511 421 436 410 0
1512 410 436 427 0
1513 421 410 388 0
1514 427 436 454 0
1515 410 427 400 0
1516 1032 1012 1029 0
1517 936 958 942 0
1518 238 214 212 0
1519 970 980 956 0
1520 526 518 544 0
1521 80 66 69 0
1522 707 723 733 0
1523 914 905 931 0
1524 216 212 189 0
1525 731 732 710 0
1526 628 649 630 0
1527 1015 995 1010 0
1528 645 631 621 0
1529 29 30 39 0
1530 982 969 961 0
1531 538 548 521 0
1532 706 684 699 0
1533 699 684 674 0
1534 674 684 666 0
1535 295 325 308 0
1536 915 938 921 0
1537 462 442 434 0
1538 436 465 454 0
1539 454 465 478 0
1540 454 478 469 0
1541 469 478 494 0
1542 454 469 443 0
1543 837 842 814 0
1544 988 985 1012 0
1545 66 53 56 0
1546 997 970 996 0
1547 549 559 573 0
1548 549 573 565 0
1549 565 573 589 0
1550 549 565 540 0
1551 589 573 597 0
1552 589 597 613 0
1553 565 589 577 0
1554 540 565 554 0
1555 549 540 523 0
1556 523 540 515 0
1557 515 540 530 0
1558 523 515 497 0
1559 530 540 554 0
1560 530 554 543 0
1561 543 554 580 0
1562 530 543 519 0
1563 515 530 504 0
1564 490 472 497 0
1565 490 497 515 0
1566 442 468 453 0
1567 162 169 147 0
1568 293 268 297 0
1569 833 813 842 0
1570 295 266 291 0
1571 985 966 959 0
1572 136 121 118 0
1573 849 864 879 0
1574 195 193 218 0
1575 630 652 634 0
1576 630 634 611 0
1577 75 80 92 0
1578 92 80 97 0
1579 97 80 83 0
1580 92 97 111 0
1581 83 80 69 0
1582 83 69 74 0
1583 74 69 60 0
1584 83 74 89 0
1585 97 83 100 0
1586 111 97 117 0
1587 92 111 108 0
1588 574 598 583 0
1589 236 216 242 0
1590 242 216 222 0
1591 222 216 192 0
1592 242 222 248 0
1593 790 814 813 0
1594 813 814 842 0
1595 265 236 242 0
1596 597 610 624 0
1597 60 69 56 0
1598 866 868 848 0
1599 408 434 418 0
1600 323 293 297 0
1601 323 297 328 0
1602 328 297 303 0
1603 323 328 357 0
1604 303 297 277 0
1605 328 303 335 0
1606 357 328 359 0
1607 323 357 350 0
1608 350 357 378 0
1609 378 357 381 0
1610 350 378 384 0
1611 277 297 268 0
1612 277 268 248 0
1613 277 248 255 0
1614 335 303 309 0
1615 378 381 402 0
1616 255 248 228 0
1617 303 277 281 0
1618 328 335 359 0
1619 582 605 587 0
1620 405 420 386 0
1621 165 188 178 0
1622 166 144 163 0
1623 339 316 311 0
1624 222 192 200 0
1625 576 561 552 0
1626 69 66 56 0
1627 663 642 666 0
1628 666 642 651 0
1629 590 611 593 0
1630 593 611 616 0
1631 728 741 757 0
1632 1043 1022 1040 0
1633 1040 1022 1018 0
1634 1018 1022 997 0
1635 495 511 520 0
1636 118 121 102 0
1637 195 198 173 0
1638 883 881 857 0
1639 531 560 533 0
1640 121 124 105 0
1641 357 359 381 0
1642 381 359 387 0
1643 387 359 365 0
1644 381 387 412 0
1645 365 359 335 0
1646 365 335 343 0
1647 387 365 392 0
1648 381 412 402 0
1649 402 412 430 0
1650 365 343 373 0
1651 412 387 411 0
1652 343 335 309 0
1653 392 365 373 0
1654 392 373 399 0
1655 399 373 383 0
1656 392 399 419 0
1657 383 373 354 0
1658 399 383 407 0
1659 419 399 426 0
1660 392 419 411 0
1661 411 419 441 0
1662 441 419 444 0
1663 411 441 431 0
1664 373 343 354 0
1665 354 343 320 0
1666 320 343 309 0
1667 354 320 332 0
1668 320 309 287 0
1669 332 320 300 0
1670 354 332 363 0
1671 426 399 407 0
1672 287 309 281 0
1673 320 287 300 0
1674 300 287 267 0
1675 267 287 258 0
1676 300 267 282 0
1677 363 332 348 0
1678 258 287 281 0
1679 282 267 254 0
1680 411 387 392 0
1681 407 383 400 0
1682 407 400 427 0
1683 431 441 461 0
1684 383 354 363 0
1685 383 363 400 0
1686 444 419 426 0
1687 444 426 452 0
1688 452 426 443 0
1689 444 452 474 0
1690 474 452 477 0
1691 444 474 476 0
1692 412 411 431 0
1693 267 258 237 0
1694 300 282 312 0
1695 441 444 476 0
1696 332 300 312 0
1697 332 312 348 0
1698 348 312 324 0
1699 1017 1039 1018 0
1700 1017 1018 996 0
1701 643 622 642 0
1702 422 450 432 0
1703 422 432 405 0
1704 422 405 389 0
1705 149 130 150 0
1706 856 872 877 0
1707 558 547 535 0
1708 271 283 315 0
1709 33 26 36 0
1710 292 264 265 0
1711 573 586 597 0
1712 277 255 281 0
1713 281 255 258 0
1714 258 255 231 0
1715 231 255 228 0
1716 231 228 205 0
1717 205 228 200 0
1718 231 205 209 0
1719 258 231 237 0
1720 209 205 185 0
1721 231 209 237 0
1722 237 209 225 0
1723 225 209 196 0
1724 237 225 254 0
1725 185 205 180 0
1726 209 185 196 0
1727 196 185 168 0
1728 168 185 161 0
1729 196 168 178 0
1730 161 185 180 0
1731 161 180 156 0
1732 156 180 175 0
1733 161 156 137 0
1734 168 161 146 0
1735 175 180 200 0
1736 175 200 192 0
1737 156 175 151 0
1738 137 156 134 0
1739 161 137 146 0
1740 146 137 117 0
1741 225 196 204 0
1742 151 175 172 0
1743 134 156 151 0
1744 168 146 154 0
1745 137 134 111 0
1746 180 205 200 0
1747 204 196 178 0
1748 225 204 232 0
1749 588 572 561 0
1750 182 206 186 0
1751 595 609 618 0
1752 250 223 247 0
1753 140 162 147 0
1754 140 147 124 0
1755 124 147 132 0
1756 132 147 155 0
1757 124 132 112 0
1758 132 155 141 0
1759 112 132 122 0
1760 124 112 105 0
1761 141 155 165 0
1762 165 155 181 0
1763 141 165 154 0
1764 132 141 122 0
1765 122 141 129 0
1766 129 141 154 0
1767 122 129 109 0
1768 109 129 117 0
1769 122 109 103 0
1770 103 109 89 0
1771 103 89 85 0
1772 85 89 74 0
1773 103 85 96 0
1774 96 85 86 0
1775 103 96 112 0
1776 112 96 105 0
1777 105 96 86 0
1778 103 112 122 0
1779 86 85 67 0
1780 356 350 384 0
1781 472 486 497 0
1782 242 248 268 0
1783 636 646 619 0
1784 307 290 279 0
1785 989 973 965 0
1786 464 489 473 0
1787 189 190 163 0
1788 24 18 16 0
1789 24 16 19 0
1790 19 16 12 0
1791 12 16 10 0
1792 322 349 362 0
1793 296 279 260 0
1794 260 279 251 0
1795 251 279 262 0
1796 262 279 290 0
1797 262 290 282 0
1798 251 262 232 0
1799 703 717 728 0
1800 147 169 155 0
1801 409 435 422 0
1802 406 433 421 0
1803 530 519 504 0
1804 504 519 494 0
1805 504 494 478 0
1806 497 512 523 0
1807 478 490 504 0
1808 170 150 171 0
1809 171 150 159 0
1810 171 159 184 0
1811 171 184 193 0
1812 532 516 509 0
1813 131 136 118 0
1814 131 118 115 0
1815 115 118 99 0
1816 131 115 130 0
1817 130 115 113 0
1818 113 115 95 0
1819 130 113 138 0
1820 99 118 102 0
1821 99 102 84 0
1822 84 102 86 0
1823 99 84 81 0
1824 115 99 95 0
1825 95 99 81 0
1826 95 81 78 0
1827 113 95 98 0
1828 81 84 70 0
1829 70 84 72 0
1830 81 70 64 0
1831 319 323 350 0
1832 458 447 432 0
1833 248 222 228 0
1834 342 339 369 0
1835 557 531 537 0
1836 233 259 240 0
1837 349 318 353 0
1838 220 195 218 0
1839 74 60 67 0
1840 360 388 377 0
1841 56 53 43 0
1842 589 617 599 0
1843 290 324 312 0
1844 388 372 406 0
1845 388 406 421 0
1846 23 33 30 0
1847 613 597 624 0
1848 548 535 521 0
1849 126 108 134 0
1850 437 414 438 0
1851 603 578 600 0
1852 26 24 34 0
1853 519 543 542 0
1854 145 126 151 0
1855 83 89 100 0
1856 100 89 109 0
1857 100 109 117 0
1858 420 406 386 0
1859 536 523 512 0
1860 192 216 189 0
1861 384 378 416 0
1862 973 998 979 0
1863 610 635 624 0
1864 624 635 656 0
1865 659 667 696 0
1866 283 249 246 0
1867 53 39 43 0
1868 43 39 30 0
1869 565 577 554 0
1870 67 85 74 0
1871 557 537 553 0
1872 234 251 221 0
1873 117 97 100 0
1874 311 316 283 0
1875 33 36 45 0
1876 45 36 48 0
1877 33 45 43 0
1878 48 36 44 0
1879 45 48 60 0
1880 44 36 34 0
1881 48 44 57 0
1882 57 44 51 0
1883 48 57 67 0
1884 51 44 40 0
1885 57 51 70 0
1886 40 44 34 0
1887 51 40 50 0
1888 50 40 38 0
1889 51 50 64 0
1890 218 193 219 0
1891 219 193 184 0
1892 218 219 246 0
1893 178 188 204 0
1894 474 477 510 0
1895 537 531 503 0
1896 469 494 477 0
1897 309 303 281 0
1898 102 121 105 0
1899 26 34 36 0
1900 254 267 237 0
1901 168 154 178 0
1902 72 84 86 0
1903 72 86 67 0
1904 64 70 51 0
1905 151 172 145 0
1906 225 232 254 0
1907 246 249 218 0
1908 163 144 145 0
1909 163 145 172 0
1910 477 452 469 0
1911 979 998 1007 0
1912 454 443 427 0
1913 427 443 407 0
1914 883 889 912 0
1915 883 912 904 0
1916 283 246 275 0
1917 275 246 243 0
1918 283 275 311 0
1919 172 175 192 0
1920 172 192 189 0
1921 172 189 163 0
1922 360 377 348 0
1923 111 117 137 0
1924 339 311 340 0
1925 340 311 304 0
1926 339 340 367 0
1927 232 204 221 0
1928 165 178 154 0
1929 154 146 129 0
1930 81 64 78 0
1931 377 388 410 0
1932 443 469 452 0
1933 363 348 377 0
1934 70 72 57 0
1935 973 979 958 0
1936 515 504 490 0
1937 282 254 262 0
1938 56 43 45 0
1939 410 400 377 0
1940 222 200 228 0
1941 34 24 31 0
1942 31 24 19 0
1943 34 31 40 0
1944 166 163 190 0
1945 312 282 290 0
1946 577 589 599 0
1947 577 599 580 0
1948 577 580 554 0
1949 378 402 416 0
1950 60 56 45 0
1951 108 111 134 0
1952 839 817 835 0
1953 839 835 859 0
1954 334 331 305 0
1955 334 301 338 0
1956 243 273 275 0
1957 527 510 506 0
1958 506 510 477 0
1959 506 477 494 0
1960 527 506 519 0
1961 61 78 64 0
1962 865 889 883 0
1963 676 656 659 0
1964 475 499 503 0
1965 1007 984 979 0
1966 979 984 958 0
1967 403 390 384 0
1968 19 27 31 0
1969 31 27 38 0
1970 771 796 768 0
1971 771 768 745 0
1972 757 737 728 0
1973 737 715 728 0
1974 715 703 728 0
1975 368 397 395 0
1976 1089 1068 1069 0
1977 461 446 431 0
1978 431 446 412 0
1979 138 159 150 0
1980 959 981 985 0
1981 985 981 1005 0
1982 575 600 578 0
1983 362 351 325 0
1984 7 10 5 0
1985 7 5 3 0
1986 721 745 724 0
1987 721 724 699 0
1988 799 777 764 0
1989 764 777 757 0
1990 304 337 340 0
1991 340 337 368 0
1992 1108 1101 1100 0
1993 1100 1101 1088 0
1994 1108 1100 1105 0
1995 1105 1100 1095 0
1996 492 476 474 0
1997 98 119 113 0
1998 113 119 138 0
1999 912 937 930 0
2000 637 617 613 0
2001 613 617 589 0
2002 524 553 537 0
2003 963 942 958 0
2004 963 958 984 0
2005 380 370 349 0
2006 349 370 362 0
2007 38 49 50 0
2008 50 49 61 0
2009 822 844 828 0
2010 715 696 691 0
2011 424 438 413 0
2012 424 413 397 0
2013 1048 1025 1038 0
2014 430 416 402 0
2015 184 211 219 0
2016 219 211 243 0
2017 1005 1029 1012 0
2018 562 542 543 0
2019 562 543 580 0
2020 626 651 623 0
2021 879 859 849 0
2022 821 799 800 0
2023 273 304 275 0
2024 510 492 474 0
2025 78 98 95 0
2026 656 637 624 0
2027 499 524 503 0
2028 390 380 353 0
2029 796 822 807 0
2030 1068 1048 1038 0
2031 446 430 412 0
2032 600 626 623 0
2033 900 879 885 0
2034 351 344 308 0
2035 102 105 86 0
2036 1101 1089 1088 0
2037 476 461 441 0
2038 553 575 578 0
2039 942 922 919 0
2040 844 865 857 0
2041 696 676 659 0
2042 1025 1007 998 0
2043 416 403 384 0
2044 1029 1051 1032 0
2045 542 527 519 0
2046 651 674 666 0
2047 539 555 564 0
2048 746 724 745 0
2049 221 251 232 0
2050 40 31 38 0
2051 426 407 443 0
2052 150 130 138 0
2053 613 624 637 0
2054 531 533 508 0
2055 869 884 893 0
2056 356 384 390 0
2057 220 218 249 0
2058 367 340 368 0
2059 494 519 506 0
2060 254 232 262 0
2061 349 353 380 0
2062 938 965 944 0
2063 409 422 389 0
2064 1088 1095 1100 0
2065 188 221 204 0
2066 134 151 126 0
2067 944 921 938 0
2068 30 33 43 0
2069 311 275 304 0
2070 524 537 503 0
2071 860 857 881 0
2072 324 360 348 0
2073 61 64 50 0
2074 57 72 67 0
2075 325 351 308 0
2076 985 1005 1012 0
2077 1018 997 996 0
2078 944 965 973 0
2079 246 219 243 0
2080 377 400 363 0
2081 865 883 857 0
2082 129 146 117 0
2083 48 67 60 0
];

%% Variable Prescribed
% Node            Dimension                Value

lnodes = [
1072 1 0 
1072 2 0 
1073 1 0 
1073 2 0 
1075 1 0 
1075 2 0 
1077 1 0 
1077 2 0 
1078 1 0 
1078 2 0 
1081 1 0 
1081 2 0 
1083 1 0 
1083 2 0 
1085 1 0 
1085 2 0 
1087 1 0 
1087 2 0 
1091 1 0 
1091 2 0 
1094 1 0 
1094 2 0 
1096 1 0 
1096 2 0 
1098 1 0 
1098 2 0 
1102 1 0 
1102 2 0 
1104 1 0 
1104 2 0 
1106 1 0 
1106 2 0 
1107 1 0 
1107 2 0 
1109 1 0 
1109 2 0 
1110 1 0 
1110 2 0 
1111 1 0 
1111 2 0 
];

%% Force Prescribed
% Node                Dimension                Value

pointload_complete = [
58 2 -1 
71 2 -1 
87 2 -1 
104 2 -1 
123 2 -1 
];

%% Volumetric Force
% Element        Dim                Force_Dim

Vol_force = [
];

%% Group Elements
% Element        Group_num

Group = [
];

%% Initial Holes
% Elements that are considered holes initially
% Element

Initial_holes = [
];

%% Boundary Elements
% Elements that can not be removed
% Element

Boundary_elements = [
];

%% Micro gauss post
%
% Element

Micro_gauss_post = [
];


%% Micro Slave-Master
% Nodes that are Slaves
% Nodes             Value (1-Slave,0-Master)

Micro_slave = [
];

%% Nodes solid
% Nodes that must remain 
% Nodes

nodesolid = unique(pointload_complete(:,1));

%% External border Elements
% Detect the elements that define the edge of the domain
% Element               Node(1)           Node(2)

External_border_elements = [
];

%% External border Nodes
% Detect the nodes that define the edge of the domain
% Node

External_border_nodes = [
];

%% Materials
% Materials that have been used
% Material_Num              Mat_density        Young_Modulus        Poisson

Materials = [
];
