17653     1
17654     1
17655     1
17656     1
17658     1
17659     1
17661     1
17662     1
17663     1
17668     1
17669     1
17670     1
17672     1
17673     1
17674     1
17675     1
17676     1
17677     1
17679     1
17681     1
17682     1
17685     1
17686     1
17689     1
17690     1
17691     1
17693     1
17695     1
17701     1
17702     1
17703     1
17704     1
17708     1
17709     1
17710     1
17712     1
17713     1
17721     1
17724     1
17726     1
17729     1
17730     1
17731     1
17737     1
17738     1
17742     1
17749     1
17751     1
17764     1
17765     1
17770     1
17771     1
17773     1
17775     1
17776     1
17777     1
17779     1
17780     1
17781     1
17785     1
17787     1
17788     1
17792     1
17797     1
17800     1
17801     1
17805     1
17806     1
17812     1
17813     1
17814     1
17816     1
17820     1
17821     1
17822     1
17828     1
17844     1
17845     1
17851     1
17852     1
17853     1
17858     1
17859     1
17869     1
17871     1
17888     1
17891     1
17893     1
17896     1
17907     1
17909     1
17910     1
17912     1
17916     1
17918     1
17919     1
17920     1
17921     1
17922     1
17923     1
17924     1
17925     1
17926     1
17928     1
17930     1
17931     1
17932     1
17938     1
17946     1
17947     1
17949     1
17952     1
17953     1
17956     1
17964     1
17973     1
17974     1
17976     1
17978     1
17984     1
17989     1
17990     1
17993     1
17995     1
17997     1
18000     1
18001     1
18003     1
18004     1
18014     1
18021     1
18023     1
18035     1
18037     1
18046     1
18050     1
18061     1
18064     1
18069     1
18070     1
18073     1
18075     1
18077     1
18079     1
18089     1
18091     1
18093     1
18098     1
18099     1
18100     1
18101     1
18102     1
18103     1
18105     1
18106     1
18107     1
18108     1
18111     1
18121     1
18131     1
18132     1
18133     1
18144     1
18153     1
18160     1
18161     1
18168     1
18172     1
18176     1
18177     1
18180     1
18181     1
18182     1
18183     1
18186     1
18187     1
18188     1
18194     1
18197     1
18199     1
18200     1
18215     1
18216     1
18218     1
18220     1
18224     1
18225     1
18229     1
18233     1
18242     1
18245     1
18246     1
18260     1
18266     1
18269     1
18271     1
18273     1
18288     1
18292     1
18293     1
18294     1
18295     1
18296     1
18297     1
18301     1
18303     1
18305     1
18307     1
18309     1
18312     1
18315     1
18322     1
18323     1
18325     1
18327     1
18330     1
18332     1
18337     1
18345     1
18353     1
18357     1
18359     1
18361     1
18364     1
18365     1
18366     1
18368     1
18370     1
18372     1
18410     1
18415     1
18416     1
18443     1
18446     1
18447     1
18448     1
18450     1
18451     1
18454     1
18456     1
18457     1
18460     1
18461     1
18462     1
18467     1
18475     1
18476     1
18480     1
18481     1
18483     1
18486     1
18488     1
18493     1
18494     1
18497     1
18501     1
18503     1
18504     1
18505     1
18506     1
18507     1
18508     1
18509     1
18511     1
18535     1
18537     1
18540     1
18547     1
18548     1
18549     1
18553     1
18554     1
18555     1
18557     1
18561     1
18566     1
18575     1
18578     1
18580     1
18583     1
18591     1
18605     1
18607     1
18615     1
18619     1
18620     1
18626     1
18627     1
18640     1
18641     1
18642     1
18647     1
18649     1
18653     1
18655     1
18657     1
18658     1
18665     1
18668     1
18672     1
18674     1
18676     1
18678     1
18682     1
18685     1
18688     1
18691     1
18693     1
18694     1
18701     1
18703     1
18704     1
18705     1
18707     1
18709     1
18712     1
18719     1
18723     1
18725     1
18726     1
18727     1
18729     1
18730     1
18732     1
18737     1
18738     1
18739     1
18740     1
18747     1
18748     1
18750     1
18753     1
18765     1
18768     1
18771     1
18776     1
18779     1
18784     1
18787     1
18788     1
18796     1
18810     1
18813     1
18817     1
18830     1
18834     1
18836     1
18838     1
18839     1
18840     1
18849     1
18859     1
18860     1
18861     1
18865     1
18883     1
18885     1
18887     1
18888     1
18889     1
18890     1
18892     1
18893     1
18896     1
18897     1
18898     1
18899     1
18900     1
18901     1
18904     1
18906     1
18909     1
18911     1
18914     1
18917     1
18919     1
18924     1
18927     1
18930     1
18932     1
18933     1
18934     1
18935     1
18936     1
18938     1
18939     1
18943     1
18944     1
18945     1
18946     1
18949     1
18951     1
18952     1
18953     1
18954     1
18957     1
18959     1
18961     1
18962     1
18963     1
18965     1
18972     1
18975     1
18976     1
18983     1
18984     1
18988     1
18989     1
18991     1
18997     1
19007     1
19015     1
19017     1
19019     1
19022     1
19023     1
19024     1
19026     1
19028     1
19029     1
19030     1
19031     1
19032     1
19035     1
19038     1
19040     1
19041     1
19057     1
19060     1
19061     1
19062     1
19063     1
19065     1
19066     1
19071     1
19075     1
19077     1
19078     1
19079     1
19082     1
19085     1
19090     1
19091     1
19093     1
19099     1
19103     1
19104     1
19105     1
19106     1
19107     1
19108     1
19110     1
19113     1
19115     1
19116     1
19118     1
19120     1
19121     1
19122     1
19125     1
19126     1
19127     1
19128     1
19129     1
19130     1
19131     1
19134     1
19135     1
19136     1
19137     1
19138     1
19139     1
19140     1
19145     1
19151     1
19152     1
19153     1
19154     1
19155     1
19157     1
19159     1
19161     1
19162     1
19165     1
19167     1
19168     1
19169     1
19171     1
19172     1
19173     1
19174     1
19175     1
19179     1
19184     1
19185     1
19187     1
19188     1
19190     1
19191     1
19192     1
19196     1
19200     1
19201     1
19203     1
19204     1
19205     1
19206     1
19207     1
19208     1
19211     1
19215     1
19216     1
19217     1
19221     1
19224     1
19227     1
19230     1
19233     1
19234     1
19242     1
19243     1
19248     1
19252     1
19258     1
19259     1
19260     1
19261     1
19263     1
19264     1
19265     1
19269     1
19271     1
19275     1
19276     1
19278     1
19282     1
19293     1
19295     1
19296     1
19299     1
19303     1
19304     1
19305     1
19306     1
19307     1
19308     1
19309     1
19310     1
19311     1
19312     1
19314     1
19315     1
19316     1
19317     1
19318     1
19319     1
19321     1
19322     1
19326     1
19328     1
19329     1
19335     1
19336     1
19337     1
19339     1
19340     1
19341     1
19343     1
19344     1
19346     1
19349     1
19350     1
19351     1
19353     1
19354     1
19355     1
19357     1
19359     1
19361     1
19363     1
19364     1
19366     1
19368     1
19369     1
19371     1
19374     1
19375     1
19379     1
19380     1
19381     1
19382     1
19383     1
19387     1
19393     1
19395     1
19396     1
19397     1
19399     1
19400     1
19403     1
19404     1
19405     1
19408     1
19410     1
19411     1
19415     1
19416     1
19417     1
19421     1
19425     1
19426     1
19427     1
19431     1
19446     1
19449     1
19451     1
19452     1
19453     1
19454     1
19455     1
19460     1
19461     1
19462     1
19464     1
19465     1
19466     1
19467     1
19472     1
19473     1
19474     1
19476     1
19477     1
19481     1
19482     1
19483     1
19484     1
19487     1
19492     1
19493     1
19494     1
19496     1
19498     1
19499     1
19502     1
19504     1
19505     1
19516     1
19519     1
19522     1
19526     1
19530     1
19531     1
19532     1
19533     1
19533     1
19533     1
19535     1
19537     1
19538     1
19538     1
19538     1
19539     1
19539     1
19540     1
19541     1
19541     1
19542     1
19543     1
19545     1
19547     1
19552     1
19553     1
19558     1
19561     1
19566     1
19567     1
19568     1
19570     1
19571     1
19573     1
19577     1
19577     1
19586     1
19586     1
19590     1
19591     1
19599     1
19602     1
19604     1
19606     1
19609     1
19615     1
19616     1
19621     1
19622     1
19625     1
19626     1
19629     1
19632     1
19634     1
19638     1
19640     1
19645     1
19646     1
19647     1
19648     1
19648     1
19649     1
19649     1
19653     1
19654     1
19655     1
19657     1
19662     1
19668     1
19669     1
19672     1
19673     1
19675     1
19676     1
19676     1
19676     1
19677     1
19680     1
19680     1
19680     1
19682     1
19682     1
19685     1
19688     1
19689     1
19689     1
19691     1
19697     1
19700     1
19712     1
19716     1
19716     1
19717     1
19717     1
19718     1
19719     1
19720     1
19722     1
19725     1
19726     1
19727     1
19730     1
19734     1
19736     1
19740     1
19744     1
19747     1
19748     1
19750     1
19753     1
19761     1
19762     1
19764     1
19765     1
19766     1
19767     1
19767     1
19770     1
19773     1
19774     1
19775     1
19779     1
19780     1
19781     1
19785     1
19786     1
19786     1
19787     1
19790     1
19792     1
19792     1
19793     1
19795     1
19799     1
19799     1
19800     1
19801     1
19802     1
19806     1
19808     1
19811     1
19813     1
19814     1
19815     1
19815     1
19816     1
19818     1
19823     1
19824     1
19827     1
19830     1
19831     1
19832     1
19832     1
19832     1
19836     1
19837     1
19837     1
19837     1
19838     1
19839     1
19839     1
19840     1
19841     1
19845     1
19845     1
19848     1
19849     1
19849     1
19852     1
19852     1
19855     1
19855     1
19858     1
19860     1
19867     1
19867     1
19873     1
19874     1
19874     1
19875     1
19877     1
19878     1
19879     1
19880     1
19892     1
19899     1
19899     1
19901     1
19906     1
19906     1
19908     1
19912     1
19914     1
19915     1
19920     1
19921     1
19921     1
19924     1
19925     1
19928     1
19928     1
19932     1
19933     1
19935     1
19937     1
19938     1
19939     1
19941     1
19942     1
19947     1
19947     1
19949     1
19954     1
19959     1
19960     1
19961     1
19962     1
19963     1
19964     1
19968     1
19975     1
19975     1
19976     1
19976     1
19980     1
19981     1
19982     1
19982     1
19984     1
19996     1
19998     1
19999     1
20000     1
20001     1
20002     1
20007     1
20009     1
20010     1
20011     1
20014     1
20014     1
20016     1
20017     1
20017     1
20018     1
20020     1
20022     1
20023     1
20024     1
20025     1
20027     1
20028     1
20028     1
20028     1
20030     1
20031     1
20031     1
20032     1
20032     1
20032     1
20033     1
20033     1
20036     1
20037     1
20037     1
20040     1
20041     1
20047     1
20047     1
20048     1
20049     1
20049     1
20050     1
20051     1
20053     1
20054     1
20055     1
20057     1
20059     1
20073     1
20075     1
20075     1
20076     1
20077     1
20078     1
20079     1
20079     1
20080     1
20081     1
20081     1
20083     1
20084     1
20084     1
20086     1
20087     1
20088     1
20090     1
20092     1
20092     1
20093     1
20104     1
20104     1
20109     1
20113     1
20118     1
20120     1
20120     1
20129     1
20131     1
20136     1
20137     1
20141     1
20141     1
20143     1
20144     1
20148     1
20151     1
20152     1
20153     1
20155     1
20156     1
20156     1
20158     1
20168     1
20172     1
20176     1
20179     1
20179     1
20182     1
20186     1
20186     1
20188     1
20188     1
20189     1
20190     1
20190     1
20191     1
20196     1
20200     1
20200     1
20202     1
20202     1
20203     1
20204     1
20204     1
20205     1
20206     1
20206     1
20207     1
20208     1
20209     1
20210     1
20211     1
20215     1
20222     1
20223     1
20226     1
20227     1
20228     1
20228     1
20228     1
20231     1
20233     1
20234     1
20234     1
20234     1
20235     1
20235     1
20237     1
20239     1
20239     1
20241     1
20242     1
20242     1
20245     1
20248     1
20250     1
20255     1
20256     1
20257     1
20257     1
20259     1
20261     1
20262     1
20263     1
20263     1
20265     1
20268     1
20269     1
20272     1
20275     1
20277     1
20278     1
20279     1
20280     1
20284     1
20285     1
20286     1
20287     1
20288     1
20288     1
20288     1
20289     1
20290     1
20292     1
20292     1
20292     1
20293     1
20293     1
20295     1
20296     1
20296     1
20297     1
20301     1
20301     1
20305     1
20306     1
20308     1
20313     1
20314     1
20317     1
20318     1
20329     1
20330     1
20332     1
20335     1
20337     1
20341     1
20342     1
20344     1
20344     1
20347     1
20348     1
20349     1
20349     1
20351     1
20351     1
20353     1
20354     1
20355     1
20355     1
20356     1
20358     1
20360     1
20366     1
20372     1
20374     1
20380     1
20381     1
20383     1
20384     1
20384     1
20386     1
20386     1
20386     1
20390     1
20390     1
20392     1
20393     1
20394     1
20396     1
20396     1
20397     1
20398     1
20405     1
20406     1
20406     1
20407     1
20411     1
20415     1
20417     1
20423     1
20424     1
20428     1
20431     1
20435     1
20451     1
20452     1
20453     1
20458     1
20458     1
20459     1
20460     1
20462     1
20463     1
20463     1
20464     1
20464     1
20466     1
20467     1
20469     1
20470     1
20471     1
20473     1
20473     1
20474     1
20474     1
20474     1
20476     1
20476     1
20479     1
20480     1
20481     1
20481     1
20484     1
20485     1
20485     1
20485     1
20489     1
20489     1
20490     1
20490     1
20490     1
20493     1
20495     1
20496     1
20496     1
20497     1
20498     1
20499     1
20502     1
20508     1
20510     1
20512     1
20514     1
20515     1
20515     1
20515     1
20516     1
20517     1
20518     1
20518     1
20521     1
20524     1
20528     1
20529     1
20530     1
20531     1
20532     1
20533     1
20534     1
20535     1
20539     1
20540     1
20542     1
20543     1
20544     1
20551     1
20555     1
20558     1
20560     1
20561     1
20562     1
20564     1
20565     1
20579     1
20581     1
20584     1
20585     1
20589     1
20589     1
20592     1
20593     1
20595     1
20597     1
20601     1
20603     1
20606     1
20607     1
20608     1
20611     1
20612     1
20613     1
20614     1
20618     1
20619     1
20633     1
20633     1
20635     1
20636     1
20639     1
20643     1
20644     1
20645     1
20650     1
20650     1
20650     1
20654     1
20654     1
20655     1
20655     1
20656     1
20657     1
20657     1
20658     1
20661     1
20662     1
20663     1
20665     1
20665     1
20666     1
20666     1
20666     1
20668     1
20668     1
20669     1
20671     1
20672     1
20674     1
20675     1
20675     1
20676     1
20676     1
20677     1
20680     1
20681     1
20691     1
20692     1
20693     1
20697     1
20699     1
20701     1
20701     1
20701     1
20703     1
20705     1
20707     1
20707     1
20707     1
20708     1
20708     1
20709     1
20710     1
20710     1
20712     1
20714     1
20715     1
20718     1
20720     1
20723     1
20731     1
20736     1
20738     1
20745     1
20753     1
20756     1
20759     1
20761     1
20763     1
20763     1
20764     1
20765     1
20768     1
20769     1
20770     1
20771     1
20773     1
20774     1
20774     1
20778     1
20780     1
20783     1
20784     1
20787     1
20790     1
20791     1
20794     1
20795     1
20800     1
20802     1
20813     1
20815     1
20816     1
20819     1
20820     1
20823     1
20824     1
20825     1
20831     1
20831     1
20831     1
20832     1
20833     1
20833     1
20834     1
20838     1
20839     1
20843     1
20845     1
20858     1
20860     1
20862     1
20865     1
20866     1
20868     1
20868     1
20868     1
20871     1
20872     1
20872     1
20872     1
20873     1
20873     1
20876     1
20877     1
20877     1
20881     1
20883     1
20884     1
20889     1
20890     1
20891     1
20892     1
20893     1
20896     1
20896     1
20896     1
20898     1
20900     1
20901     1
20903     1
20903     1
20904     1
20905     1
20905     1
20910     1
20913     1
20913     1
20918     1
20923     1
20924     1
20925     1
20926     1
20926     1
20927     1
20930     1
20933     1
20935     1
20937     1
20937     1
20938     1
20941     1
20942     1
20943     1
20943     1
20944     1
20949     1
20950     1
20950     1
20953     1
20954     1
20955     1
20956     1
20957     1
20965     1
20966     1
20967     1
20967     1
20973     1
20975     1
20978     1
20984     1
20987     1
20989     1
20990     1
20993     1
20998     1
20998     1
21004     1
21006     1
21008     1
21010     1
21015     1
21018     1
21018     1
21022     1
21023     1
21026     1
21028     1
21029     1
21031     1
21033     1
21035     1
21039     1
21044     1
21044     1
21046     1
21047     1
21048     1
21049     1
21051     1
21053     1
21053     1
21053     1
21057     1
21057     1
21057     1
21058     1
21058     1
21059     1
21060     1
21061     1
21061     1
21070     1
21070     1
21070     1
21071     1
21072     1
21073     1
21073     1
21076     1
21077     1
21077     1
21079     1
21084     1
21085     1
21087     1
21089     1
21090     1
21090     1
21091     1
21092     1
21094     1
21094     1
21095     1
21101     1
21101     1
21106     1
21109     1
21112     1
21112     1
21113     1
21116     1
21126     1
21127     1
21128     1
21129     1
21143     1
21149     1
21153     1
21156     1
21159     1
21160     1
21160     1
21162     1
21167     1
21168     1
21173     1
21175     1
21176     1
21177     1
21179     1
21182     1
21185     1
21190     1
21191     1
21192     1
21195     1
21195     1
21199     1
21200     1
21201     1
21207     1
21208     1
21209     1
21210     1
21212     1
21212     1
21212     1
21213     1
21214     1
21216     1
21216     1
21216     1
21218     1
21219     1
21219     1
21220     1
21221     1
21222     1
21222     1
21223     1
21224     1
21226     1
21226     1
21227     1
21228     1
21230     1
21230     1
21230     1
21231     1
21232     1
21232     1
21233     1
21233     1
21234     1
21241     1
21246     1
21258     1
21266     1
21266     1
21267     1
21268     1
21275     1
21275     1
21276     1
21276     1
21282     1
21282     1
21283     1
21285     1
21287     1
21287     1
21288     1
21291     1
21294     1
21300     1
21301     1
21302     1
21306     1
21309     1
21309     1
21310     1
21311     1
21313     1
21315     1
21321     1
21321     1
21322     1
21323     1
21324     1
21324     1
21325     1
21326     1
21326     1
21329     1
21331     1
21333     1
21339     1
21339     1
21339     1
21342     1
21343     1
21343     1
21350     1
21353     1
21353     1
21354     1
21354     1
21355     1
21357     1
21357     1
21358     1
21359     1
21360     1
21361     1
21362     1
21365     1
21368     1
21369     1
21375     1
21377     1
21378     1
21378     1
21380     1
21383     1
21385     1
21394     1
21394     1
21395     1
21395     1
21396     1
21398     1
21398     1
21399     1
21402     1
21404     1
21407     1
21410     1
21410     1
21414     1
21419     1
21420     1
21430     1
21430     1
21432     1
21433     1
21433     1
21434     1
21444     1
21446     1
21449     1
21450     1
21451     1
21453     1
21453     1
21456     1
21458     1
21463     1
21463     1
21464     1
21470     1
21472     1
21474     1
21481     1
21488     1
21492     1
21493     1
21500     1
21502     1
21509     1
21510     1
21513     1
21514     1
21516     1
21517     1
21517     1
21517     1
21518     1
21520     1
21522     1
21523     1
21523     1
21524     1
21524     1
21527     1
21528     1
21528     1
21536     1
21536     1
21538     1
21540     1
21543     1
21544     1
21544     1
21548     1
21550     1
21550     1
21550     1
21552     1
21553     1
21554     1
21554     1
21564     1
21565     1
21565     1
21567     1
21567     1
21569     1
21570     1
21573     1
21574     1
21576     1
21576     1
21579     1
21582     1
21583     1
21585     1
21586     1
21586     1
21587     1
21590     1
21598     1
21598     1
21603     1
21604     1
21605     1
21607     1
21609     1
21609     1
21610     1
21612     1
21613     1
21613     1
21616     1
21617     1
21617     1
21619     1
21620     1
21621     1
21622     1
21625     1
21626     1
21628     1
21629     1
21630     1
21630     1
21632     1
21635     1
21635     1
21639     1
21640     1
21646     1
21650     1
21651     1
21661     1
21663     1
21668     1
21673     1
21677     1
21677     1
21681     1
21683     1
21687     1
21693     1
21696     1
21696     1
21698     1
21699     1
21701     1
21704     1
21704     1
21706     1
21706     1
21706     1
21708     1
21709     1
21709     1
21711     1
21716     1
21720     1
21729     1
21731     1
21734     1
21740     1
21740     1
21741     1
21742     1
21745     1
21747     1
21747     1
21747     1
21750     1
21750     1
21751     1
21753     1
21757     1
21758     1
21759     1
21760     1
21761     1
21764     1
21764     1
21766     1
21767     1
21769     1
21776     1
21779     1
21790     1
21794     1
21794     1
21796     1
21798     1
21805     1
21805     1
21809     1
21813     1
21815     1
21816     1
21819     1
21824     1
21825     1
21826     1
21831     1
21831     1
21831     1
21834     1
21835     1
21835     1
21836     1
21839     1
21841     1
21842     1
21843     1
21845     1
21847     1
21848     1
21850     1
21850     1
21851     1
21852     1
21855     1
21857     1
21861     1
21861     1
21862     1
21863     1
21864     1
21865     1
21869     1
21875     1
21880     1
21883     1
21884     1
21885     1
21888     1
21888     1
21890     1
21891     1
21892     1
21896     1
21907     1
21910     1
21916     1
21919     1
21922     1
21925     1
21928     1
21929     1
21930     1
21931     1
21931     1
21931     1
21933     1
21936     1
21936     1
21936     1
21938     1
21938     1
21939     1
21941     1
21942     1
21942     1
21943     1
21952     1
21953     1
21958     1
21963     1
21967     1
21970     1
21971     1
21974     1
21976     1
21982     1
21984     1
21988     1
21989     1
21990     1
21991     1
21994     1
22003     1
22008     1
22010     1
22013     1
22015     1
22019     1
22020     1
22021     1
22022     1
22026     1
22037     1
22038     1
22045     1
22046     1
22047     1
22048     1
22053     1
22060     1
22061     1
22063     1
22068     1
22070     1
22073     1
22086     1
22088     1
22091     1
22093     1
22099     1
22100     1
22101     1
22104     1
22106     1
22113     1
22114     1
22118     1
22120     1
22127     1
22132     1
22136     1
22141     1
22145     1
22147     1
22149     1
22150     1
22152     1
22153     1
22154     1
22156     1
22158     1
22159     1
22160     1
22161     1
22166     1
22174     1
22175     1
22176     1
22181     1
22182     1
22185     1
22186     1
22190     1
22194     1
22196     1
22198     1
22199     1
22201     1
22203     1
22204     1
22207     1
22208     1
22209     1
22212     1
22219     1
22220     1
22237     1
22238     1
22244     1
22247     1
22248     1
22249     1
22252     1
22253     1
22255     1
22256     1
22260     1
22266     1
22267     1
22274     1
22275     1
22279     1
22281     1
22284     1
22287     1
22288     1
22300     1
22303     1
22312     1
22313     1
22315     1
22316     1
22323     1
22327     1
22330     1
22332     1
22335     1
22336     1
22337     1
22340     1
22346     1
22347     1
22348     1
22351     1
22352     1
22353     1
22357     1
22358     1
22361     1
22365     1
22366     1
22367     1
22369     1
22372     1
22373     1
22385     1
22390     1
22391     1
22396     1
22397     1
22399     1
22402     1
22402     1
22408     1
22418     1
22424     1
22429     1
22432     1
22433     1
22434     1
22436     1
22437     1
22439     1
22442     1
22445     1
22446     1
22447     1
22453     1
22454     1
22455     1
22458     1
22459     1
22462     1
22468     1
22470     1
22471     1
22471     1
22473     1
22474     1
22478     1
22481     1
22482     1
22485     1
22491     1
22492     1
22499     1
22500     1
22507     1
22508     1
22511     1
22523     1
22525     1
22528     1
22530     1
22536     1
22537     1
22538     1
22543     1
22544     1
22547     1
22551     1
22556     1
22558     1
22558     1
22559     1
22562     1
22565     1
22573     1
22574     1
22575     1
22577     1
22581     1
22595     1
22597     1
22599     1
22607     1
22612     1
22613     1
22614     1
22617     1
22618     1
22618     1
22621     1
22624     1
22626     1
22642     1
22657     1
22659     1
22660     1
22663     1
22665     1
22667     1
22669     1
22672     1
22673     1
22677     1
22688     1
22692     1
22693     1
22700     1
22701     1
22709     1
22710     1
22712     1
22715     1
22719     1
22722     1
22725     1
22729     1
22730     1
22732     1
22737     1
22740     1
22740     1
22750     1
22755     1
22767     1
22771     1
22780     1
22787     1
22792     1
22796     1
22802     1
22810     1
22814     1
22815     1
22817     1
22817     1
22819     1
22835     1
22838     1
22850     1
22851     1
22869     1
22876     1
22888     1
22890     1
22891     1
22894     1
22898     1
22907     1
22912     1
22916     1
22917     1
22918     1
22919     1
22922     1
22931     1
22938     1
22942     1
22943     1
22944     1
22952     1
22955     1
22966     1
22967     1
22971     1
22978     1
22981     1
22981     1
22991     1
22994     1
22997     1
23013     1
23018     1
23019     1
23024     1
23026     1
23037     1
23041     1
23056     1
23057     1
23057     1
23061     1
23067     1
23070     1
23074     1
23079     1
23082     1
23084     1
23088     1
23090     1
23091     1
23099     1
23104     1
23115     1
23119     1
23136     1
23142     1
23147     1
23152     1
23153     1
23155     1
23158     1
23159     1
23160     1
23162     1
23188     1
23195     1
23196     1
23199     1
23205     1
23215     1
23216     1
23221     1
23226     1
23229     1
23229     1
23232     1
23236     1
23240     1
23241     1
23246     1
23253     1
23271     1
23274     1
23275     1
23277     1
23300     1
23302     1
23304     1
23304     1
23307     1
23308     1
23310     1
23315     1
23316     1
23323     1
23333     1
23350     1
23357     1
23360     1
23365     1
23371     1
23374     1
23375     1
23378     1
23380     1
23383     1
23392     1
23412     1
23414     1
23416     1
23420     1
23421     1
23430     1
23431     1
23434     1
23435     1
23436     1
23436     1
23437     1
23438     1
23457     1
23470     1
23471     1
23482     1
23485     1
23490     1
23494     1
23503     1
23504     1
23508     1
23509     1
23509     1
23529     1
23534     1
23538     1
23540     1
23544     1
23545     1
23549     1
23558     1
23584     1
23590     1
23591     1
23600     1
23606     1
23607     1
23610     1
23612     1
23612     1
23624     1
23626     1
23629     1
23638     1
23643     1
23658     1
23663     1
23664     1
23664     1
23668     1
23674     1
23685     1
23686     1
23716     1
23720     1
23734     1
23735     1
23739     1
23742     1
23742     1
23774     1
23778     1
23797     1
23799     1
23799     1
   
   
   
   
   
   
   
   
   
   
   
   
   
   
   
   
   
   
   
   
   
   
   
   
   
   
   
   
   
   
   
   
   
   
   
   
   
   
   
   
   
   
   
   
   
   
   
   
   
   
