39913     1
39914     1
39915     1
39916     1
39917     1
39918     1
39919     1
39920     1
39921     1
39923     1
39924     1
39925     1
39926     1
39927     1
39928     1
39929     1
39930     1
39932     1
39934     1
39935     1
39936     1
39937     1
39938     1
39939     1
39940     1
39941     1
39942     1
39943     1
39944     1
39945     1
39946     1
39947     1
39948     1
39949     1
39951     1
39952     1
39955     1
39957     1
39958     1
39959     1
39960     1
39964     1
39965     1
39966     1
39967     1
39968     1
39969     1
39970     1
39971     1
39975     1
39976     1
39977     1
39978     1
39981     1
39983     1
39984     1
39985     1
39989     1
39990     1
39994     1
39995     1
39997     1
39999     1
40000     1
40002     1
40003     1
40007     1
40009     1
40012     1
40014     1
40015     1
40016     1
40019     1
40021     1
40023     1
40024     1
40027     1
40028     1
40034     1
40036     1
40039     1
40045     1
40046     1
40048     1
40049     1
40058     1
40061     1
40062     1
40074     1
40076     1
40080     1
40081     1
40083     1
40098     1
40099     1
40102     1
40103     1
40114     1
40117     1
40118     1
40132     1
40134     1
40135     1
40136     1
40144     1
40149     1
40151     1
40160     1
40161     1
40165     1
40167     1
40171     1
40179     1
40182     1
40186     1
40188     1
40201     1
40202     1
40204     1
40206     1
40223     1
40226     1
40228     1
40231     1
40249     1
40252     1
40256     1
40257     1
40271     1
40273     1
40283     1
40284     1
40292     1
40294     1
40302     1
40304     1
40314     1
40315     1
40339     1
40340     1
40345     1
40347     1
40367     1
40368     1
40376     1
40378     1
40389     1
40390     1
40395     1
40396     1
40415     1
40416     1
40422     1
40423     1
40442     1
40443     1
40444     1
40445     1
40462     1
40463     1
40464     1
40465     1
40481     1
40484     1
40488     1
40491     1
40504     1
40505     1
40506     1
40511     1
40526     1
40528     1
40530     1
40533     1
40543     1
40548     1
40550     1
40551     1
40558     1
40568     1
40569     1
40570     1
40572     1
40583     1
40584     1
40586     1
40589     1
40592     1
40601     1
40603     1
40604     1
40606     1
40606     1
40606     1
40607     1
40611     1
40611     1
40611     1
40612     1
40612     1
40613     1
40613     1
40616     1
40617     1
40617     1
40619     1
40620     1
40623     1
40623     1
40627     1
40636     1
40636     1
40638     1
40639     1
40641     1
40642     1
40642     1
40643     1
40646     1
40646     1
40648     1
40650     1
40652     1
40653     1
40653     1
40654     1
40664     1
40664     1
40667     1
40669     1
40673     1
40673     1
40675     1
40677     1
40682     1
40682     1
40685     1
40688     1
40689     1
40691     1
40691     1
40692     1
40693     1
40694     1
40695     1
40695     1
40697     1
40697     1
40703     1
40703     1
40704     1
40709     1
40709     1
40711     1
40711     1
40712     1
40725     1
40726     1
40727     1
40729     1
40730     1
40730     1
40731     1
40732     1
40732     1
40733     1
40735     1
40735     1
40737     1
40737     1
40738     1
40744     1
40745     1
40745     1
40746     1
40748     1
40751     1
40751     1
40753     1
40763     1
40765     1
40767     1
40767     1
40770     1
40771     1
40771     1
40775     1
40785     1
40789     1
40789     1
40790     1
40791     1
40792     1
40792     1
40795     1
40799     1
40803     1
40803     1
40804     1
40810     1
40811     1
40812     1
40812     1
40812     1
40813     1
40816     1
40816     1
40816     1
40817     1
40817     1
40818     1
40818     1
40827     1
40828     1
40830     1
40833     1
40834     1
40836     1
40841     1
40843     1
40846     1
40850     1
40852     1
40853     1
40855     1
40857     1
40858     1
40859     1
40865     1
40866     1
40868     1
40872     1
40878     1
40879     1
40882     1
40889     1
40890     1
40894     1
40895     1
40900     1
40905     1
40906     1
40910     1
40916     1
40917     1
40918     1
40922     1
40924     1
40925     1
40928     1
40932     1
40934     1
40935     1
40937     1
40942     1
40947     1
40948     1
40951     1
40952     1
40955     1
40961     1
40967     1
40969     1
40975     1
40976     1
40979     1
40983     1
40985     1
40986     1
40989     1
40996     1
40997     1
40998     1
41001     1
41004     1
41006     1
41008     1
41018     1
41019     1
41020     1
41021     1
41030     1
41031     1
41032     1
41034     1
41038     1
41040     1
41042     1
41043     1
41046     1
41049     1
41050     1
41051     1
41052     1
41057     1
41058     1
41059     1
41060     1
41067     1
41068     1
41069     1
41072     1
41073     1
41076     1
41077     1
41078     1
41079     1
41080     1
41081     1
41082     1
41083     1
41084     1
41085     1
41086     1
41087     1
41088     1
41089     1
41090     1
41091     1
41091     1
41092     1
41093     1
41094     1
41095     1
41095     1
   
    1     2
    2     2
    3     2
    6     2
    9     2
   12     2
   13     2
   16     2
   19     2
   23     2
   25     2
   31     2
   33     2
   40     2
   41     2
   49     2
   54     2
   57     2
   64     2
   66     2
   68     2
   81     2
   84     2
   90     2
   94     2
   95     2
   97     2
  100     2
  114     2
  115     2
  117     2
  120     2
  131     2
  133     2
  134     2
  136     2
  148     2
  149     2
  151     2
  155     2
  166     2
  169     2
  178     2
  180     2
  187     2
  189     2
  198     2
  199     2
  205     2
  225     2
  226     2
  233     2
  234     2
  241     2
  242     2
  254     2
  256     2
  258     2
  261     2
  281     2
  282     2
  295     2
  296     2
  302     2
  306     2
  319     2
  321     2
  326     2
  353     2
  354     2
  355     2
  358     2
  379     2
  390     2
  391     2
  419     2
  421     2
  437     2
  438     2
  460     2
  478     2
  480     2
  494     2
  497     2
  545     2
  546     2
  547     2
  602     2
  610     2
  627     2
  631     2
  721     2
  766     2
  775     2
  818     2
  820     2
  867     2
  870     2
  898     2
  946     2
  956     2
  968     2
  974     2
 1028     2
 1031     2
 1040     2
 1043     2
 1094     2
 1098     2
 1099     2
 1109     2
 1155     2
 1159     2
 1170     2
 1173     2
 1220     2
 1229     2
 1245     2
 1246     2
 1287     2
 1289     2
 1309     2
 1311     2
 1350     2
 1353     2
 1387     2
 1390     2
 1412     2
 1413     2
 1456     2
 1458     2
 1472     2
 1479     2
 1516     2
 1520     2
 1527     2
 1532     2
 1575     2
 1576     2
 1583     2
 1586     2
 1621     2
 1626     2
 1635     2
 1639     2
 1701     2
 1703     2
 1705     2
 1708     2
 1766     2
 1778     2
 1783     2
 1786     2
 1819     2
 1824     2
 1842     2
 1846     2
 1900     2
 1905     2
 1911     2
 1922     2
 1957     2
 1961     2
 1970     2
 1999     2
 2044     2
 2046     2
 2048     2
 2085     2
 2117     2
 2124     2
 2138     2
 2172     2
 2186     2
 2190     2
 2200     2
 2200     2
 2200     2
 2205     2
 2219     2
 2219     2
 2219     2
 2222     2
 2222     2
 2232     2
 2232     2
 2318     2
 2326     2
 2334     2
 2334     2
 2344     2
 2344     2
 2347     2
 2355     2
 2446     2
 2462     2
 2475     2
 2475     2
 2479     2
 2479     2
 2483     2
 2484     2
 2566     2
 2575     2
 2587     2
 2587     2
 2591     2
 2591     2
 2594     2
 2605     2
 2694     2
 2704     2
 2715     2
 2715     2
 2723     2
 2732     2
 2732     2
 2742     2
 2806     2
 2809     2
 2814     2
 2822     2
 2828     2
 2828     2
 2843     2
 2843     2
 2855     2
 2855     2
 2865     2
 2896     2
 2896     2
 2909     2
 2986     2
 2986     2
 3029     2
 3029     2
 3038     2
 3075     2
 3075     2
 3088     2
 3106     2
 3110     2
 3112     2
 3120     2
 3126     2
 3126     2
 3137     2
 3137     2
 3234     2
 3234     2
 3241     2
 3299     2
 3299     2
 3309     2
 3327     2
 3335     2
 3402     2
 3402     2
 3409     2
 3510     2
 3515     2
 3515     2
 3523     2
 3526     2
 3558     2
 3558     2
 3566     2
 3651     2
 3681     2
 3681     2
 3685     2
 3701     2
 3701     2
 3703     2
 3714     2
 3789     2
 3805     2
 3805     2
 3811     2
 3879     2
 3887     2
 3897     2
 3897     2
 3897     2
 3898     2
 3909     2
 3909     2
 3909     2
 3917     2
 3917     2
 3922     2
 3922     2
 3999     2
 4005     2
 4043     2
 4086     2
 4096     2
 4099     2
 4153     2
 4166     2
 4193     2
 4239     2
 4267     2
 4279     2
 4301     2
 4360     2
 4373     2
 4385     2
 4446     2
 4461     2
 4481     2
 4552     2
 4581     2
 4582     2
 4586     2
 4709     2
 4714     2
 4743     2
 4754     2
 4842     2
 4874     2
 4882     2
 4903     2
 5000     2
 5027     2
 5039     2
 5060     2
 5163     2
 5166     2
 5206     2
 5267     2
 5291     2
 5298     2
 5351     2
 5422     2
 5478     2
 5482     2
 5569     2
 5610     2
 5679     2
 5699     2
 5791     2
 5799     2
 5893     2
 5913     2
 5987     2
 6042     2
 6104     2
 6124     2
 6176     2
 6265     2
 6310     2
 6323     2
 6365     2
 6482     2
 6506     2
 6532     2
 6685     2
 6689     2
 6690     2
 6694     2
 6864     2
 6879     2
 6884     2
 6900     2
 7046     2
 7083     2
 7096     2
 7139     2
 7234     2
 7286     2
 7289     2
 7339     2
 7378     2
 7441     2
 7443     2
 7514     2
 7515     2
 7593     2
 7607     2
 7685     2
 7732     2
 7744     2
 7771     2
 7833     2
 7870     2
 7949     2
 7960     2
 7967     2
 8070     2
 8087     2
 8108     2
 8109     2
 8221     2
 8227     2
 8277     2
 8278     2
 8291     2
 8298     2
 8298     2
 8407     2
 8413     2
 8470     2
 8478     2
 8478     2
   
 2172     3
 2173     3
 2180     3
 2191     3
 2200     3
 2203     3
 2207     3
 2211     3
 2215     3
 2222     3
 2223     3
 2228     3
 2230     3
 2231     3
 2237     3
 2248     3
 2250     3
 2255     3
 2259     3
 2268     3
 2278     3
 2279     3
 2291     3
 2305     3
 2318     3
 2321     3
 2327     3
 2334     3
 2338     3
 2343     3
 2347     3
 2356     3
 2358     3
 2363     3
 2367     3
 2371     3
 2372     3
 2385     3
 2396     3
 2425     3
 2428     3
 2437     3
 2439     3
 2441     3
 2444     3
 2446     3
 2448     3
 2450     3
 2451     3
 2455     3
 2467     3
 2471     3
 2475     3
 2484     3
 2493     3
 2506     3
 2510     3
 2514     3
 2518     3
 2524     3
 2530     3
 2548     3
 2554     3
 2556     3
 2566     3
 2568     3
 2573     3
 2583     3
 2591     3
 2595     3
 2605     3
 2608     3
 2620     3
 2622     3
 2627     3
 2651     3
 2652     3
 2663     3
 2664     3
 2673     3
 2677     3
 2678     3
 2679     3
 2682     3
 2685     3
 2692     3
 2694     3
 2695     3
 2701     3
 2703     3
 2718     3
 2721     3
 2722     3
 2731     3
 2732     3
 2741     3
 2742     3
 2747     3
 2749     3
 2753     3
 2757     3
 2774     3
 2778     3
 2781     3
 2787     3
 2788     3
 2795     3
 2799     3
 2800     3
 2806     3
 2809     3
 2810     3
 2814     3
 2819     3
 2820     3
 2822     3
 2825     3
 2826     3
 2828     3
 2828     3
 2828     3
 2829     3
 2832     3
 2832     3
 2832     3
 2833     3
 2834     3
 2840     3
 2840     3
 2840     3
 2841     3
 2842     3
 2843     3
 2844     3
 2845     3
 2849     3
 2850     3
 2851     3
 2852     3
 2853     3
 2853     3
 2853     3
 2854     3
 2858     3
 2861     3
 2863     3
 2872     3
 2873     3
 2873     3
 2873     3
 2875     3
 2876     3
 2878     3
 2879     3
 2881     3
 2883     3
 2892     3
 2893     3
 2893     3
 2893     3
 2894     3
 2896     3
 2898     3
 2899     3
 2901     3
 2904     3
 2908     3
 2909     3
 2911     3
 2912     3
 2915     3
 2916     3
 2916     3
 2916     3
 2918     3
 2921     3
 2923     3
 2934     3
 2934     3
 2934     3
 2938     3
 2939     3
 2940     3
 2944     3
 2950     3
 2953     3
 2955     3
 2955     3
 2955     3
 2957     3
 2958     3
 2959     3
 2963     3
 2964     3
 2965     3
 2966     3
 2979     3
 2982     3
 2988     3
 2989     3
 2991     3
 2991     3
 2991     3
 2994     3
 2996     3
 2997     3
 2998     3
 3005     3
 3006     3
 3016     3
 3017     3
 3021     3
 3024     3
 3024     3
 3024     3
 3027     3
 3031     3
 3033     3
 3036     3
 3042     3
 3044     3
 3047     3
 3050     3
 3053     3
 3056     3
 3059     3
 3060     3
 3060     3
 3060     3
 3064     3
 3066     3
 3067     3
 3071     3
 3073     3
 3075     3
 3078     3
 3081     3
 3084     3
 3088     3
 3089     3
 3090     3
 3091     3
 3094     3
 3100     3
 3102     3
 3106     3
 3110     3
 3111     3
 3112     3
 3113     3
 3115     3
 3115     3
 3115     3
 3116     3
 3119     3
 3120     3
 3122     3
 3124     3
 3126     3
 3126     3
 3126     3
 3127     3
 3130     3
 3130     3
 3130     3
 3132     3
 3134     3
 3135     3
 3136     3
 3136     3
 3136     3
 3137     3
 3139     3
 3140     3
 3143     3
 3144     3
 3145     3
 3147     3
 3153     3
 3154     3
 3154     3
 3154     3
 3158     3
 3160     3
 3163     3
 3168     3
 3169     3
 3170     3
 3171     3
 3171     3
 3171     3
 3172     3
 3173     3
 3174     3
 3175     3
 3175     3
 3175     3
 3178     3
 3179     3
 3180     3
 3183     3
 3185     3
 3186     3
 3187     3
 3187     3
 3187     3
 3189     3
 3190     3
 3191     3
 3195     3
 3203     3
 3206     3
 3207     3
 3211     3
 3213     3
 3215     3
 3216     3
 3219     3
 3220     3
 3221     3
 3221     3
 3221     3
 3224     3
 3225     3
 3226     3
 3229     3
 3235     3
 3235     3
 3235     3
 3238     3
 3244     3
 3246     3
 3248     3
 3249     3
 3249     3
 3249     3
 3250     3
 3251     3
 3253     3
 3256     3
 3257     3
 3259     3
 3260     3
 3261     3
 3264     3
 3265     3
 3266     3
 3267     3
 3270     3
 3270     3
 3271     3
 3273     3
 3274     3
 3275     3
 3277     3
 3278     3
 3278     3
 3278     3
 3279     3
 3279     3
 3279     3
 3279     3
 3280     3
 3281     3
 3281     3
 3282     3
 3284     3
 3286     3
 3286     3
 3286     3
 3289     3
 3289     3
 3289     3
 3290     3
 3295     3
 3296     3
 3299     3
 3302     3
 3304     3
 3305     3
 3307     3
 3307     3
 3307     3
 3309     3
 3310     3
 3310     3
 3312     3
 3313     3
 3314     3
 3315     3
 3321     3
 3322     3
 3323     3
 3327     3
 3328     3
 3328     3
 3328     3
 3328     3
 3330     3
 3332     3
 3332     3
 3332     3
 3334     3
 3338     3
 3339     3
 3343     3
 3345     3
 3348     3
 3350     3
 3350     3
 3350     3
 3352     3
 3352     3
 3352     3
 3354     3
 3355     3
 3357     3
 3358     3
 3359     3
 3360     3
 3363     3
 3364     3
 3366     3
 3367     3
 3369     3
 3369     3
 3371     3
 3373     3
 3373     3
 3374     3
 3376     3
 3386     3
 3387     3
 3388     3
 3390     3
 3393     3
 3393     3
 3393     3
 3393     3
 3394     3
 3395     3
 3399     3
 3400     3
 3400     3
 3400     3
 3406     3
 3406     3
 3406     3
 3408     3
 3411     3
 3413     3
 3419     3
 3420     3
 3420     3
 3420     3
 3422     3
 3430     3
 3432     3
 3433     3
 3434     3
 3435     3
 3440     3
 3444     3
 3446     3
 3449     3
 3451     3
 3451     3
 3457     3
 3457     3
 3457     3
 3460     3
 3461     3
 3462     3
 3462     3
 3462     3
 3462     3
 3465     3
 3467     3
 3471     3
 3471     3
 3471     3
 3472     3
 3474     3
 3475     3
 3476     3
 3479     3
 3480     3
 3481     3
 3483     3
 3484     3
 3484     3
 3485     3
 3488     3
 3489     3
 3492     3
 3492     3
 3492     3
 3494     3
 3496     3
 3497     3
 3498     3
 3499     3
 3502     3
 3503     3
 3505     3
 3506     3
 3507     3
 3508     3
 3511     3
 3511     3
 3511     3
 3515     3
 3517     3
 3519     3
 3521     3
 3522     3
 3523     3
 3524     3
 3526     3
 3529     3
 3531     3
 3534     3
 3534     3
 3539     3
 3540     3
 3542     3
 3549     3
 3551     3
 3551     3
 3551     3
 3551     3
 3553     3
 3554     3
 3556     3
 3557     3
 3557     3
 3557     3
 3560     3
 3563     3
 3568     3
 3568     3
 3568     3
 3573     3
 3573     3
 3573     3
 3574     3
 3575     3
 3576     3
 3577     3
 3578     3
 3580     3
 3582     3
 3583     3
 3585     3
 3591     3
 3592     3
 3593     3
 3593     3
 3594     3
 3595     3
 3596     3
 3598     3
 3599     3
 3602     3
 3605     3
 3606     3
 3608     3
 3610     3
 3613     3
 3615     3
 3619     3
 3620     3
 3622     3
 3626     3
 3626     3
 3627     3
 3628     3
 3628     3
 3628     3
 3630     3
 3630     3
 3630     3
 3631     3
 3634     3
 3637     3
 3637     3
 3637     3
 3637     3
 3638     3
 3639     3
 3640     3
 3643     3
 3644     3
 3645     3
 3646     3
 3646     3
 3646     3
 3647     3
 3648     3
 3649     3
 3650     3
 3654     3
 3656     3
 3660     3
 3661     3
 3662     3
 3663     3
 3666     3
 3667     3
 3675     3
 3676     3
 3678     3
 3679     3
 3687     3
 3687     3
 3687     3
 3695     3
 3696     3
 3700     3
 3700     3
 3700     3
 3701     3
 3702     3
 3703     3
 3708     3
 3709     3
 3711     3
 3714     3
 3715     3
 3718     3
 3719     3
 3721     3
 3729     3
 3731     3
 3731     3
 3732     3
 3734     3
 3735     3
 3735     3
 3743     3
 3747     3
 3749     3
 3750     3
 3751     3
 3753     3
 3753     3
 3753     3
 3753     3
 3754     3
 3759     3
 3760     3
 3761     3
 3763     3
 3763     3
 3763     3
 3765     3
 3765     3
 3765     3
 3770     3
 3771     3
 3772     3
 3773     3
 3774     3
 3776     3
 3780     3
 3781     3
 3782     3
 3783     3
 3788     3
 3792     3
 3794     3
 3794     3
 3794     3
 3795     3
 3800     3
 3812     3
 3815     3
 3817     3
 3819     3
 3821     3
 3823     3
 3823     3
 3823     3
 3824     3
 3828     3
 3837     3
 3840     3
 3841     3
 3842     3
 3843     3
 3844     3
 3845     3
 3850     3
 3851     3
 3851     3
 3851     3
 3855     3
 3855     3
 3858     3
 3860     3
 3864     3
 3865     3
 3867     3
 3868     3
 3869     3
 3870     3
 3870     3
 3870     3
 3870     3
 3871     3
 3875     3
 3875     3
 3877     3
 3879     3
 3880     3
 3880     3
 3880     3
 3881     3
 3882     3
 3883     3
 3884     3
 3889     3
 3891     3
 3893     3
 3894     3
 3897     3
 3899     3
 3901     3
 3902     3
 3904     3
 3904     3
 3904     3
 3905     3
 3910     3
 3912     3
 3913     3
 3916     3
 3917     3
 3919     3
 3928     3
 3929     3
 3931     3
 3934     3
 3935     3
 3936     3
 3939     3
 3941     3
 3942     3
 3944     3
 3946     3
 3949     3
 3950     3
 3951     3
 3955     3
 3957     3
 3957     3
 3957     3
 3959     3
 3962     3
 3964     3
 3967     3
 3968     3
 3968     3
 3970     3
 3971     3
 3982     3
 3985     3
 3985     3
 3985     3
 3989     3
 3994     3
 3995     3
 3998     3
 4002     3
 4007     3
 4008     3
 4009     3
 4009     3
 4016     3
 4018     3
 4018     3
 4018     3
 4018     3
 4020     3
 4023     3
 4025     3
 4026     3
 4027     3
 4027     3
 4027     3
 4029     3
 4030     3
 4033     3
 4034     3
 4036     3
 4037     3
 4039     3
 4040     3
 4042     3
 4042     3
 4045     3
 4048     3
 4049     3
 4049     3
 4049     3
 4050     3
 4052     3
 4055     3
 4056     3
 4057     3
 4060     3
 4061     3
 4067     3
 4069     3
 4071     3
 4072     3
 4073     3
 4077     3
 4080     3
 4089     3
 4097     3
 4102     3
 4107     3
 4108     3
 4112     3
 4113     3
 4113     3
 4113     3
 4114     3
 4118     3
 4121     3
 4135     3
 4144     3
 4144     3
 4146     3
 4148     3
 4152     3
 4155     3
 4158     3
 4158     3
 4158     3
 4158     3
 4160     3
 4161     3
 4162     3
 4163     3
 4165     3
 4170     3
 4171     3
 4171     3
 4171     3
 4173     3
 4180     3
 4182     3
 4183     3
 4184     3
 4185     3
 4188     3
 4188     3
 4188     3
 4191     3
 4192     3
 4194     3
 4194     3
 4196     3
 4197     3
 4202     3
 4203     3
 4206     3
 4207     3
 4208     3
 4211     3
 4221     3
 4238     3
 4244     3
 4252     3
 4254     3
 4259     3
 4266     3
 4270     3
 4283     3
 4295     3
 4298     3
 4299     3
 4302     3
 4308     3
 4313     3
 4314     3
 4319     3
 4320     3
 4322     3
 4323     3
 4324     3
 4325     3
 4327     3
 4330     3
 4330     3
 4331     3
 4332     3
 4336     3
 4337     3
 4338     3
 4339     3
 4342     3
 4342     3
 4344     3
 4344     3
 4344     3
 4344     3
 4345     3
 4350     3
 4350     3
 4350     3
 4351     3
 4357     3
 4363     3
 4369     3
 4382     3
 4384     3
 4392     3
 4393     3
 4400     3
 4402     3
 4409     3
 4410     3
 4416     3
 4419     3
 4429     3
 4432     3
 4435     3
 4437     3
 4463     3
 4464     3
 4468     3
 4473     3
 4475     3
 4479     3
 4479     3
 4480     3
 4483     3
 4489     3
 4491     3
 4506     3
 4507     3
 4512     3
 4518     3
 4521     3
 4523     3
 4528     3
 4528     3
 4539     3
 4539     3
 4539     3
 4539     3
 4540     3
 4541     3
 4544     3
 4544     3
 4544     3
 4546     3
 4547     3
 4550     3
 4553     3
 4560     3
 4566     3
 4573     3
 4574     3
 4577     3
 4609     3
 4614     3
 4617     3
 4618     3
 4620     3
 4625     3
 4626     3
 4628     3
 4629     3
 4629     3
 4630     3
 4632     3
 4634     3
 4643     3
 4665     3
 4671     3
 4674     3
 4681     3
 4697     3
 4710     3
 4711     3
 4712     3
 4718     3
 4719     3
 4721     3
 4723     3
 4725     3
 4727     3
 4728     3
 4729     3
 4733     3
 4734     3
 4735     3
 4741     3
 4741     3
 4742     3
 4748     3
 4749     3
 4749     3
 4749     3
 4749     3
 4751     3
 4753     3
 4757     3
 4757     3
 4757     3
 4780     3
 4788     3
 4794     3
 4796     3
 4796     3
 4804     3
 4806     3
 4809     3
 4817     3
 4824     3
 4828     3
 4829     3
 4830     3
 4834     3
 4841     3
 4851     3
 4856     3
 4861     3
 4867     3
 4870     3
 4877     3
 4886     3
 4895     3
 4906     3
 4908     3
 4910     3
 4914     3
 4922     3
 4925     3
 4926     3
 4928     3
 4930     3
 4931     3
 4931     3
 4941     3
 4942     3
 4942     3
 4942     3
 4942     3
 4945     3
 4951     3
 4955     3
 4955     3
 4955     3
 4965     3
 4966     3
 4967     3
 4968     3
 4972     3
 4974     3
 4989     3
 5019     3
 5026     3
 5030     3
 5042     3
 5062     3
 5068     3
 5070     3
 5071     3
 5077     3
 5104     3
 5105     3
 5110     3
 5115     3
 5117     3
 5122     3
 5125     3
 5125     3
 5132     3
 5137     3
 5137     3
 5137     3
 5137     3
 5138     3
 5140     3
 5148     3
 5148     3
 5148     3
 5179     3
 5184     3
 5187     3
 5191     3
 5194     3
 5199     3
 5201     3
 5214     3
 5221     3
 5225     3
 5229     3
 5235     3
 5253     3
 5254     3
 5256     3
 5276     3
 5276     3
 5286     3
 5287     3
 5287     3
 5287     3
 5287     3
 5288     3
 5292     3
 5294     3
 5294     3
 5294     3
 5295     3
 5301     3
 5304     3
 5315     3
 5338     3
 5343     3
 5345     3
 5355     3
 5366     3
 5375     3
 5380     3
 5386     3
 5388     3
 5389     3
 5398     3
 5403     3
 5406     3
 5410     3
 5412     3
 5415     3
 5415     3
 5416     3
 5425     3
 5425     3
 5425     3
 5425     3
 5427     3
 5435     3
 5435     3
 5435     3
 5444     3
 5459     3
 5475     3
 5483     3
 5488     3
 5492     3
 5503     3
 5512     3
 5528     3
 5529     3
 5530     3
 5534     3
 5535     3
 5543     3
 5547     3
 5549     3
 5549     3
 5563     3
 5564     3
 5564     3
 5564     3
 5564     3
 5565     3
 5568     3
 5568     3
 5568     3
 5570     3
 5609     3
 5618     3
 5619     3
 5626     3
 5628     3
 5629     3
 5639     3
 5645     3
 5647     3
 5648     3
 5651     3
 5656     3
 5659     3
 5665     3
 5665     3
 5676     3
 5676     3
 5676     3
 5676     3
 5678     3
 5682     3
 5682     3
 5682     3
 5683     3
 5688     3
 5691     3
 5698     3
 5700     3
 5702     3
 5710     3
 5716     3
 5737     3
 5739     3
 5752     3
 5753     3
 5760     3
 5760     3
 5766     3
 5769     3
 5769     3
 5769     3
 5769     3
 5771     3
 5776     3
 5776     3
 5776     3
 5778     3
 5779     3
 5781     3
 5795     3
 5805     3
 5811     3
 5816     3
 5826     3
 5830     3
 5839     3
 5840     3
 5844     3
 5850     3
 5854     3
 5856     3
 5859     3
 5859     3
 5864     3
 5864     3
 5864     3
 5864     3
 5865     3
 5876     3
 5876     3
 5876     3
 5887     3
 5897     3
 5899     3
 5903     3
 5905     3
 5916     3
 5919     3
 5929     3
 5936     3
 5943     3
 5944     3
 5949     3
 5949     3
 5952     3
 5962     3
 5962     3
 5962     3
 5962     3
 5963     3
 5967     3
 5967     3
 5967     3
 5968     3
 5977     3
 5980     3
 6005     3
 6010     3
 6021     3
 6022     3
 6031     3
 6031     3
 6036     3
 6044     3
 6044     3
 6044     3
 6044     3
 6047     3
 6047     3
 6049     3
 6050     3
 6052     3
 6052     3
 6052     3
 6057     3
 6077     3
 6078     3
 6085     3
 6087     3
 6110     3
 6113     3
 6115     3
 6115     3
 6116     3
 6117     3
 6119     3
 6123     3
 6125     3
 6136     3
 6139     3
 6149     3
 6154     3
 6157     3
 6158     3
 6165     3
 6172     3
 6195     3
 6195     3
 6198     3
 6203     3
 6204     3
 6205     3
 6209     3
 6211     3
 6215     3
 6234     3
 6240     3
 6249     3
 6258     3
 6270     3
 6290     3
 6290     3
 6299     3
 6303     3
 6305     3
 6306     3
 6308     3
 6311     3
 6319     3
 6321     3
 6329     3
 6344     3
 6349     3
 6354     3
 6358     3
 6364     3
 6371     3
 6391     3
 6393     3
 6396     3
 6406     3
 6406     3
 6415     3
 6423     3
 6424     3
 6429     3
 6441     3
 6447     3
 6456     3
 6458     3
 6465     3
 6466     3
 6477     3
 6481     3
 6485     3
 6486     3
 6500     3
 6512     3
 6516     3
 6529     3
 6529     3
 6545     3
 6548     3
 6550     3
 6552     3
 6556     3
 6590     3
 6594     3
 6603     3
 6612     3
 6619     3
 6622     3
 6629     3
 6632     3
 6639     3
 6648     3
 6651     3
 6660     3
 6660     3
 6664     3
 6670     3
 6679     3
 6688     3
 6723     3
 6729     3
 6734     3
 6747     3
 6756     3
 6759     3
 6762     3
 6771     3
 6776     3
 6788     3
 6789     3
 6827     3
 6827     3
 6830     3
 6837     3
 6843     3
 6849     3
 6854     3
 6874     3
 6882     3
 6905     3
 6933     3
 6945     3
 6979     3
 6980     3
 6987     3
 6992     3
 6997     3
 7002     3
 7007     3
 7018     3
 7023     3
 7024     3
 7024     3
 7087     3
 7093     3
 7097     3
 7098     3
 7104     3
 7108     3
 7109     3
 7113     3
 7135     3
 7150     3
 7154     3
 7188     3
 7192     3
 7201     3
 7201     3
 7215     3
 7220     3
 7225     3
 7236     3
 7241     3
 7270     3
 7273     3
 7278     3
 7285     3
 7321     3
 7324     3
 7341     3
 7351     3
 7379     3
 7380     3
 7380     3
 7382     3
 7388     3
 7396     3
 7414     3
 7416     3
 7446     3
 7468     3
 7477     3
 7482     3
 7485     3
 7547     3
 7550     3
 7550     3
 7556     3
 7564     3
 7594     3
 7600     3
 7677     3
 7680     3
 7712     3
 7876     3
 7891     3
 7954     3
 7997     3
 8079     3
 8162     3
 8173     3
 8215     3
 8244     3
 8348     3
 8395     3
 8594     3
 8625     3
 8701     3
 8731     3
 8845     3
 8918     3
 8964     3
 9006     3
 9065     3
 9107     3
 9171     3
 9234     3
 9250     3
 9378     3
 9383     3
 9428     3
 9429     3
 9528     3
 9549     3
 9585     3
 9622     3
 9634     3
 9705     3
 9744     3
 9780     3
 9830     3
 9865     3
 9891     3
 9939     3
 9960     3
 9974     3
 9987     3
10048     3
10092     3
10104     3
10144     3
10150     3
10187     3
10229     3
10246     3
10246     3
10260     3
10297     3
10297     3
10307     3
10332     3
10345     3
10356     3
10364     3
10364     3
10400     3
10426     3
10437     3
10437     3
10442     3
10444     3
10491     3
10515     3
10523     3
10528     3
10528     3
10572     3
10579     3
10593     3
10616     3
10631     3
10631     3
10635     3
10689     3
10706     3
10717     3
10730     3
10741     3
10741     3
10751     3
10781     3
10830     3
10832     3
10847     3
10847     3
10883     3
10893     3
10902     3
10942     3
10955     3
10955     3
10970     3
10980     3
11062     3
11067     3
11084     3
11084     3
11098     3
11134     3
11152     3
11183     3
11198     3
11198     3
11223     3
11284     3
11303     3
11325     3
11331     3
11331     3
11451     3
11462     3
11509     3
11539     3
11630     3
11643     3
11663     3
11740     3
11751     3
11768     3
11818     3
11942     3
11996     3
12005     3
12059     3
12066     3
12102     3
12274     3
12366     3
12407     3
12461     3
12520     3
12632     3
12658     3
12688     3
12739     3
12849     3
12855     3
12874     3
12916     3
12963     3
13056     3
13074     3
13175     3
13177     3
13218     3
13241     3
13256     3
13410     3
13412     3
13421     3
13434     3
13458     3
13567     3
13589     3
13662     3
13697     3
13708     3
13742     3
13779     3
13830     3
13836     3
13839     3
13911     3
13943     3
13952     3
14004     3
14016     3
14043     3
14094     3
14131     3
14131     3
14148     3
14153     3
14161     3
14173     3
14173     3
14181     3
14184     3
14224     3
14226     3
14226     3
14255     3
14280     3
14280     3
14300     3
14301     3
14334     3
14345     3
14345     3
14367     3
14375     3
14376     3
14388     3
14402     3
14402     3
14434     3
14450     3
14466     3
14473     3
14492     3
14496     3
14496     3
14563     3
14564     3
14565     3
14565     3
14582     3
14589     3
14600     3
14617     3
14625     3
14652     3
14652     3
14677     3
14738     3
14740     3
14741     3
14741     3
14752     3
14770     3
14807     3
14807     3
14822     3
14833     3
14898     3
14898     3
14907     3
14908     3
14923     3
14982     3
15045     3
15083     3
15085     3
15087     3
15197     3
15263     3
15272     3
15274     3
15333     3
15341     3
15355     3
15485     3
15489     3
15516     3
15532     3
15603     3
15704     3
15705     3
15716     3
15725     3
15882     3
15901     3
15953     3
15962     3
16154     3
16173     3
16249     3
16269     3
16452     3
16486     3
16498     3
16551     3
16567     3
16774     3
16792     3
16794     3
16800     3
16851     3
16981     3
16990     3
17051     3
17053     3
17114     3
17155     3
17164     3
17279     3
17289     3
17312     3
17314     3
17458     3
17473     3
17483     3
17495     3
17548     3
17550     3
17605     3
17618     3
17763     3
17796     3
17809     3
17847     3
17848     3
17886     3
17941     3
17944     3
18008     3
18008     3
18012     3
18024     3
18047     3
18047     3
18090     3
18095     3
18095     3
18124     3
18137     3
18141     3
18156     3
18158     3
18158     3
18202     3
18211     3
18211     3
18247     3
18256     3
18261     3
18276     3
18276     3
18285     3
18291     3
18340     3
18340     3
18346     3
18381     3
18393     3
18414     3
18431     3
18436     3
18436     3
18439     3
18463     3
18468     3
18498     3
18498     3
18542     3
18563     3
18573     3
18573     3
18590     3
18616     3
18636     3
18651     3
18651     3
18696     3
18700     3
18733     3
18733     3
18805     3
18806     3
18831     3
18873     3
18971     3
18974     3
18986     3
19008     3
19067     3
19195     3
19240     3
19281     3
19294     3
19342     3
19389     3
19412     3
19428     3
19524     3
19539     3
19539     3
19551     3
19590     3
19590     3
19598     3
19628     3
19642     3
19655     3
19655     3
19682     3
19696     3
19722     3
19722     3
19793     3
19798     3
19802     3
19802     3
19839     3
19871     3
19873     3
19873     3
19877     3
19901     3
19910     3
19954     3
19954     3
19989     3
20033     3
20040     3
20053     3
20053     3
20054     3
20087     3
20099     3
20109     3
20129     3
20129     3
20209     3
20209     3
20210     3
20235     3
20268     3
20293     3
20293     3
20354     3
20393     3
20411     3
20476     3
20489     3
20593     3
20675     3
20677     3
20708     3
20873     3
20903     3
20942     3
20949     3
21006     3
21048     3
21058     3
21106     3
21162     3
21219     3
21219     3
21231     3
21232     3
21283     3
21285     3
21285     3
21311     3
21333     3
21333     3
21359     3
21388     3
21402     3
21402     3
21444     3
21470     3
21470     3
21475     3
21512     3
21523     3
21553     3
21553     3
21574     3
21578     3
21614     3
21616     3
21616     3
21620     3
21676     3
21711     3
21711     3
21719     3
21750     3
21796     3
21796     3
21797     3
21810     3
21864     3
21864     3
21879     3
21906     3
21927     3
21938     3
21938     3
22016     3
22040     3
22079     3
22124     3
22144     3
22193     3
22240     3
22308     3
22360     3
22384     3
22422     3
22509     3
22534     3
22571     3
22606     3
22627     3
22628     3
22684     3
22705     3
22749     3
22760     3
22783     3
22800     3
22800     3
22829     3
22829     3
22846     3
22863     3
22867     3
22867     3
22883     3
22899     3
22915     3
22915     3
22939     3
22957     3
22957     3
22988     3
22989     3
23007     3
23015     3
23015     3
23016     3
23020     3
23059     3
23072     3
23072     3
23086     3
23114     3
23128     3
23130     3
23138     3
23138     3
23145     3
23170     3
23200     3
23200     3
23218     3
23230     3
23261     3
23278     3
23278     3
23288     3
23301     3
23344     3
23345     3
23345     3
23359     3
23405     3
23405     3
23406     3
23427     3
23450     3
23486     3
23557     3
23565     3
23577     3
23586     3
23623     3
23689     3
23765     3
23780     3
23811     3
23939     3
23956     3
23959     3
23963     3
23975     3
23989     3
24116     3
24142     3
24149     3
24187     3
24295     3
24302     3
24340     3
24367     3
24383     3
24504     3
24532     3
24558     3
24611     3
24708     3
24735     3
24799     3
24840     3
24841     3
24941     3
24957     3
25001     3
25050     3
25167     3
25202     3
25207     3
25243     3
25267     3
25471     3
25488     3
25512     3
25521     3
25645     3
25678     3
25708     3
25741     3
25752     3
25834     3
25859     3
25934     3
25942     3
25966     3
25979     3
25997     3
26038     3
26095     3
26122     3
26154     3
26196     3
26215     3
26225     3
26240     3
26306     3
26338     3
26353     3
26364     3
26379     3
26415     3
26439     3
26461     3
26461     3
26472     3
26501     3
26501     3
26514     3
26531     3
26531     3
26578     3
26580     3
26582     3
26582     3
26595     3
26631     3
26631     3
26669     3
26679     3
26685     3
26685     3
26709     3
26710     3
26742     3
26742     3
26776     3
26785     3
26795     3
26797     3
26807     3
26807     3
26812     3
26844     3
26858     3
26858     3
26901     3
26906     3
26906     3
26939     3
26964     3
26982     3
26982     3
27007     3
27017     3
27039     3
27078     3
27155     3
27169     3
27194     3
27212     3
27278     3
27287     3
27297     3
27333     3
27359     3
27496     3
27511     3
27512     3
27537     3
27548     3
27678     3
27682     3
27700     3
27724     3
27727     3
27862     3
27883     3
27892     3
27936     3
28040     3
28077     3
28088     3
28118     3
28137     3
28273     3
28293     3
28314     3
28348     3
28473     3
28490     3
28495     3
28513     3
28543     3
28676     3
28677     3
28717     3
28730     3
28848     3
28868     3
28915     3
28937     3
28981     3
29089     3
29143     3
29220     3
29221     3
29275     3
29298     3
29333     3
29437     3
29438     3
29473     3
29490     3
29501     3
29571     3
29582     3
29607     3
29657     3
29699     3
29713     3
29724     3
29790     3
29826     3
29844     3
29853     3
29870     3
29942     3
29947     3
29966     3
30002     3
30012     3
30046     3
30048     3
30048     3
30053     3
30071     3
30071     3
30094     3
30104     3
30104     3
30117     3
30132     3
30132     3
30145     3
30151     3
30166     3
30166     3
30185     3
30200     3
30200     3
30216     3
30246     3
30248     3
30258     3
30258     3
30286     3
30306     3
30321     3
30321     3
30334     3
30338     3
30365     3
30374     3
30374     3
30418     3
30418     3
30423     3
30428     3
30477     3
30477     3
30489     3
30528     3
30528     3
30536     3
30537     3
30541     3
30572     3
30603     3
30643     3
30699     3
30715     3
30724     3
30761     3
30853     3
30895     3
30910     3
30926     3
30944     3
31060     3
31073     3
31097     3
31103     3
31112     3
31251     3
31262     3
31279     3
31319     3
31331     3
31440     3
31453     3
31461     3
31502     3
31607     3
31665     3
31670     3
31700     3
31712     3
31833     3
31849     3
31874     3
31915     3
32017     3
32034     3
32056     3
32084     3
32109     3
32206     3
32213     3
32246     3
32247     3
32380     3
32386     3
32410     3
32416     3
32455     3
32576     3
32603     3
32666     3
32691     3
32745     3
32791     3
32837     3
32939     3
32979     3
32996     3
33002     3
33009     3
33112     3
33133     3
33146     3
33174     3
33217     3
33232     3
33265     3
33340     3
33376     3
33387     3
33391     3
33401     3
33466     3
33495     3
33516     3
33535     3
33548     3
33594     3
33595     3
33616     3
33616     3
33628     3
33635     3
33642     3
33642     3
33664     3
33664     3
33685     3
33694     3
33694     3
33729     3
33735     3
33735     3
33757     3
33761     3
33761     3
33763     3
33785     3
33805     3
33805     3
33811     3
33837     3
33846     3
33858     3
33858     3
33866     3
33893     3
33913     3
33913     3
33933     3
33956     3
33956     3
33983     3
34005     3
34009     3
34009     3
34039     3
34052     3
34052     3
34086     3
34112     3
34115     3
34116     3
34189     3
34193     3
34271     3
34279     3
34307     3
34348     3
34392     3
34441     3
34472     3
34491     3
34525     3
34634     3
34647     3
34680     3
34684     3
34701     3
34824     3
34847     3
34849     3
34887     3
34909     3
35022     3
35031     3
35047     3
35102     3
35171     3
35211     3
35238     3
35266     3
35298     3
35381     3
35410     3
35427     3
35480     3
35560     3
35599     3
35613     3
35655     3
35668     3
35755     3
35780     3
35812     3
35831     3
35922     3
35928     3
35943     3
35994     3
36022     3
36096     3
36165     3
36178     3
36225     3
36251     3
36332     3
36398     3
36459     3
36534     3
36541     3
36566     3
36583     3
36681     3
36711     3
36717     3
36732     3
36770     3
36817     3
36855     3
36908     3
36919     3
36952     3
36976     3
36993     3
37043     3
37095     3
37112     3
37132     3
37147     3
37171     3
37172     3
37179     3
37206     3
37216     3
37216     3
37231     3
37231     3
37244     3
37248     3
37248     3
37279     3
37279     3
37320     3
37320     3
37334     3
37341     3
37354     3
37358     3
37358     3
37379     3
37405     3
37405     3
37419     3
37426     3
37460     3
37460     3
37477     3
37480     3
37506     3
37508     3
37508     3
37539     3
37539     3
37545     3
37577     3
37580     3
37580     3
37620     3
37632     3
37632     3
37639     3
37679     3
37700     3
37727     3
37738     3
37768     3
37801     3
37839     3
37880     3
37926     3
37977     3
37994     3
38030     3
38074     3
38086     3
38145     3
38230     3
38272     3
38282     3
38295     3
38333     3
38425     3
38455     3
38461     3
38478     3
38530     3
38619     3
38632     3
38666     3
38715     3
38769     3
38793     3
38834     3
38843     3
38898     3
38978     3
39023     3
39026     3
39077     3
39162     3
39204     3
39205     3
39253     3
39254     3
39338     3
39369     3
39390     3
39423     3
39515     3
39519     3
39523     3
39581     3
39582     3
39684     3
39715     3
39729     3
39772     3
39793     3
39880     3
39922     3
39996     3
40056     3
40088     3
40095     3
40124     3
40191     3
40197     3
40211     3
40230     3
40244     3
40298     3
40338     3
40369     3
40382     3
40401     3
40435     3
40437     3
40452     3
40515     3
40525     3
40537     3
40542     3
40553     3
40559     3
40566     3
40577     3
40612     3
40620     3
40621     3
40639     3
40648     3
40662     3
40667     3
40674     3
40685     3
40701     3
40704     3
40733     3
40746     3
40770     3
40795     3
40817     3
   
 2232     4
 2235     4
 2240     4
 2245     4
 2253     4
 2264     4
 2282     4
 2313     4
 2348     4
 2355     4
 2373     4
 2394     4
 2397     4
 2400     4
 2456     4
 2463     4
 2472     4
 2483     4
 2529     4
 2542     4
 2547     4
 2578     4
 2584     4
 2594     4
 2611     4
 2630     4
 2635     4
 2681     4
 2698     4
 2707     4
 2723     4
 2761     4
 2777     4
 2782     4
 2786     4
 2817     4
 2856     4
 2865     4
 2920     4
 2925     4
 2951     4
 2968     4
 2974     4
 2984     4
 3022     4
 3038     4
 3048     4
 3070     4
 3117     4
 3138     4
 3141     4
 3157     4
 3184     4
 3201     4
 3241     4
 3247     4
 3254     4
 3286     4
 3286     4
 3288     4
 3324     4
 3325     4
 3332     4
 3336     4
 3346     4
 3353     4
 3381     4
 3386     4
 3386     4
 3400     4
 3405     4
 3409     4
 3438     4
 3447     4
 3454     4
 3471     4
 3487     4
 3502     4
 3502     4
 3504     4
 3505     4
 3557     4
 3566     4
 3591     4
 3610     4
 3611     4
 3615     4
 3615     4
 3625     4
 3646     4
 3663     4
 3685     4
 3689     4
 3698     4
 3699     4
 3712     4
 3720     4
 3727     4
 3739     4
 3740     4
 3752     4
 3757     4
 3760     4
 3760     4
 3761     4
 3763     4
 3764     4
 3780     4
 3785     4
 3802     4
 3811     4
 3813     4
 3836     4
 3843     4
 3868     4
 3880     4
 3902     4
 3916     4
 3916     4
 3921     4
 3922     4
 3924     4
 3927     4
 3930     4
 3933     4
 3948     4
 3952     4
 3963     4
 3977     4
 3979     4
 3997     4
 4027     4
 4033     4
 4041     4
 4057     4
 4067     4
 4071     4
 4071     4
 4076     4
 4092     4
 4106     4
 4137     4
 4163     4
 4164     4
 4169     4
 4171     4
 4208     4
 4211     4
 4211     4
 4220     4
 4222     4
 4230     4
 4268     4
 4288     4
 4302     4
 4323     4
 4331     4
 4331     4
 4336     4
 4341     4
 4350     4
 4352     4
 4358     4
 4416     4
 4417     4
 4435     4
 4437     4
 4437     4
 4442     4
 4450     4
 4484     4
 4492     4
 4512     4
 4544     4
 4547     4
 4549     4
 4550     4
 4550     4
 4557     4
 4575     4
 4577     4
 4584     4
 4599     4
 4630     4
 4634     4
 4634     4
 4642     4
 4647     4
 4674     4
 4689     4
 4721     4
 4727     4
 4729     4
 4729     4
 4735     4
 4740     4
 4742     4
 4757     4
 4773     4
 4804     4
 4804     4
 4809     4
 4828     4
 4834     4
 4856     4
 4867     4
 4908     4
 4914     4
 4928     4
 4930     4
 4955     4
 4972     4
 4974     4
 5030     4
 5068     4
 5115     4
 5117     4
 5140     4
 5148     4
 5191     4
 5199     4
 5225     4
 5256     4
 5294     4
 5295     4
 5343     4
 5398     4
 5406     4
 5416     4
 5435     4
 5488     4
 5534     4
 5547     4
 5568     4
 5651     4
 5656     4
 5682     4
 5691     4
 5702     4
 5739     4
 5776     4
 5826     4
 5844     4
 5854     4
 5876     4
 5905     4
 5936     4
 5952     4
 5967     4
 6052     4
 6052     4
 6057     4
 6087     4
 6116     4
 6125     4
 6125     4
 6127     4
 6139     4
 6154     4
 6165     4
 6209     4
 6209     4
 6217     4
 6252     4
 6258     4
 6306     4
 6308     4
 6311     4
 6311     4
 6337     4
 6340     4
 6349     4
 6371     4
 6396     4
 6404     4
 6429     4
 6429     4
 6455     4
 6480     4
 6485     4
 6486     4
 6513     4
 6516     4
 6550     4
 6550     4
 6552     4
 6575     4
 6600     4
 6622     4
 6632     4
 6658     4
 6670     4
 6673     4
 6688     4
 6688     4
 6729     4
 6748     4
 6757     4
 6762     4
 6776     4
 6799     4
 6837     4
 6849     4
 6849     4
 6882     4
 6915     4
 6945     4
 6971     4
 6987     4
 6997     4
 7014     4
 7018     4
 7018     4
 7072     4
 7098     4
 7109     4
 7121     4
 7154     4
 7154     4
 7176     4
 7192     4
 7206     4
 7225     4
 7241     4
 7279     4
 7285     4
 7285     4
 7324     4
 7328     4
 7351     4
 7388     4
 7388     4
 7390     4
 7416     4
 7425     4
 7451     4
 7477     4
 7477     4
 7485     4
 7508     4
 7556     4
 7556     4
 7566     4
 7574     4
 7628     4
 7648     4
 7656     4
 7679     4
 7697     4
 7708     4
 7798     4
 7816     4
 7844     4
 7881     4
 7903     4
 7939     4
 8005     4
 8024     4
 8062     4
 8184     4
 8246     4
 8254     4
 8271     4
 8354     4
 8369     4
 8399     4
 8438     4
 8569     4
 8634     4
 8655     4
 8735     4
 8788     4
 8878     4
 8908     4
 8927     4
 9016     4
 9027     4
 9137     4
 9177     4
 9245     4
 9262     4
 9315     4
 9385     4
 9408     4
 9434     4
 9520     4
 9553     4
 9589     4
 9597     4
 9641     4
 9712     4
 9743     4
 9756     4
 9807     4
 9833     4
 9862     4
 9883     4
 9906     4
 9945     4
 9967     4
 9978     4
10053     4
10077     4
10106     4
10112     4
10147     4
10151     4
10165     4
10235     4
10237     4
10248     4
10248     4
10294     4
10306     4
10306     4
10313     4
10338     4
10340     4
10374     4
10374     4
10377     4
10384     4
10445     4
10446     4
10447     4
10458     4
10458     4
10496     4
10501     4
10526     4
10533     4
10535     4
10535     4
10561     4
10577     4
10605     4
10636     4
10637     4
10648     4
10648     4
10651     4
10673     4
10708     4
10722     4
10725     4
10747     4
10754     4
10754     4
10770     4
10792     4
10812     4
10849     4
10854     4
10860     4
10870     4
10870     4
10885     4
10906     4
10908     4
10947     4
10947     4
10952     4
10971     4
10978     4
10999     4
11040     4
11040     4
11041     4
11054     4
11066     4
11069     4
11083     4
11116     4
11131     4
11132     4
11132     4
11151     4
11176     4
11186     4
11203     4
11205     4
11205     4
11248     4
11267     4
11270     4
11270     4
11288     4
11332     4
11333     4
11335     4
11335     4
11356     4
11389     4
11392     4
11449     4
11507     4
11515     4
11521     4
11542     4
11547     4
11618     4
11656     4
11695     4
11715     4
11725     4
11743     4
11748     4
11771     4
11844     4
11876     4
11973     4
12015     4
12037     4
12071     4
12110     4
12190     4
12242     4
12278     4
12373     4
12410     4
12412     4
12451     4
12592     4
12644     4
12650     4
12662     4
12730     4
12810     4
12861     4
12862     4
12879     4
13059     4
13063     4
13076     4
13083     4
13103     4
13245     4
13262     4
13273     4
13339     4
13414     4
13420     4
13427     4
13511     4
13541     4
13574     4
13580     4
13581     4
13700     4
13716     4
13721     4
13756     4
13784     4
13837     4
13842     4
13868     4
13910     4
13946     4
13950     4
13968     4
13987     4
13988     4
14049     4
14096     4
14115     4
14132     4
14132     4
14139     4
14141     4
14168     4
14179     4
14179     4
14205     4
14227     4
14235     4
14235     4
14250     4
14256     4
14290     4
14290     4
14304     4
14314     4
14316     4
14317     4
14328     4
14333     4
14350     4
14358     4
14358     4
14386     4
14421     4
14421     4
14456     4
14462     4
14464     4
14467     4
14480     4
14481     4
14488     4
14504     4
14506     4
14506     4
14555     4
14567     4
14581     4
14583     4
14583     4
14592     4
14608     4
14624     4
14629     4
14647     4
14647     4
14649     4
14668     4
14680     4
14697     4
14709     4
14709     4
14721     4
14723     4
14737     4
14766     4
14769     4
14772     4
14772     4
14791     4
14808     4
14808     4
14820     4
14826     4
14843     4
14846     4
14846     4
14871     4
14878     4
14879     4
14900     4
14900     4
14914     4
14920     4
14948     4
14963     4
14995     4
15020     4
15026     4
15066     4
15067     4
15110     4
15111     4
15189     4
15214     4
15218     4
15252     4
15256     4
15288     4
15321     4
15380     4
15392     4
15452     4
15457     4
15513     4
15530     4
15571     4
15647     4
15665     4
15666     4
15670     4
15677     4
15807     4
15824     4
15911     4
15923     4
16011     4
16022     4
16196     4
16205     4
16292     4
16305     4
16517     4
16534     4
16606     4
16626     4
16749     4
16763     4
16832     4
16885     4
16891     4
16964     4
16975     4
17126     4
17137     4
17142     4
17154     4
17194     4
17281     4
17296     4
17363     4
17368     4
17391     4
17412     4
17442     4
17448     4
17590     4
17594     4
17598     4
17613     4
17743     4
17760     4
17766     4
17795     4
17823     4
17838     4
17870     4
17876     4
17889     4
17917     4
18010     4
18010     4
18030     4
18055     4
18055     4
18065     4
18076     4
18085     4
18112     4
18112     4
18134     4
18169     4
18169     4
18173     4
18179     4
18208     4
18236     4
18236     4
18240     4
18254     4
18255     4
18264     4
18283     4
18310     4
18310     4
18347     4
18350     4
18363     4
18363     4
18380     4
18390     4
18391     4
18394     4
18409     4
18429     4
18470     4
18470     4
18516     4
18520     4
18520     4
18522     4
18525     4
18543     4
18562     4
18581     4
18581     4
18585     4
18588     4
18599     4
18614     4
18630     4
18632     4
18632     4
18681     4
18681     4
18686     4
18711     4
18734     4
18734     4
18775     4
18795     4
18809     4
18814     4
18846     4
18847     4
18871     4
18915     4
18996     4
19018     4
19055     4
19056     4
19202     4
19222     4
19254     4
19285     4
19288     4
19334     4
19394     4
19435     4
19448     4
19459     4
19528     4
19541     4
19541     4
19555     4
19591     4
19591     4
19644     4
19654     4
19654     4
19689     4
19695     4
19706     4
19714     4
19719     4
19719     4
19723     4
19779     4
19791     4
19795     4
19795     4
19816     4
19845     4
19858     4
19858     4
19897     4
19904     4
19923     4
19924     4
19933     4
19933     4
19953     4
19981     4
20018     4
20018     4
20020     4
20037     4
20044     4
20064     4
20078     4
20078     4
20093     4
20110     4
20144     4
20144     4
20158     4
20181     4
20182     4
20189     4
20191     4
20191     4
20196     4
20239     4
20245     4
20245     4
20259     4
20296     4
20296     4
20308     4
20353     4
20390     4
20398     4
20462     4
20466     4
20469     4
20496     4
20518     4
20655     4
20661     4
20672     4
20680     4
20710     4
20833     4
20877     4
20910     4
20923     4
20927     4
21022     4
21061     4
21073     4
21109     4
21116     4
21199     4
21226     4
21226     4
21234     4
21288     4
21288     4
21323     4
21331     4
21331     4
21343     4
21358     4
21360     4
21383     4
21389     4
21396     4
21396     4
21432     4
21456     4
21456     4
21467     4
21503     4
21538     4
21538     4
21554     4
21569     4
21575     4
21579     4
21602     4
21603     4
21603     4
21610     4
21644     4
21681     4
21681     4
21698     4
21702     4
21709     4
21742     4
21742     4
21767     4
21775     4
21789     4
21809     4
21809     4
21827     4
21835     4
21852     4
21852     4
21858     4
21876     4
21892     4
21892     4
21913     4
21942     4
21942     4
21956     4
21972     4
22002     4
22009     4
22042     4
22071     4
22116     4
22126     4
22169     4
22227     4
22294     4
22305     4
22326     4
22381     4
22416     4
22465     4
22466     4
22520     4
22570     4
22601     4
22635     4
22647     4
22668     4
22685     4
22707     4
22748     4
22790     4
22801     4
22801     4
22832     4
22832     4
22847     4
22855     4
22862     4
22879     4
22882     4
22882     4
22885     4
22910     4
22926     4
22926     4
22946     4
22973     4
22973     4
23005     4
23025     4
23038     4
23038     4
23045     4
23047     4
23063     4
23066     4
23073     4
23096     4
23096     4
23101     4
23134     4
23156     4
23163     4
23163     4
23168     4
23176     4
23186     4
23212     4
23224     4
23224     4
23242     4
23265     4
23284     4
23284     4
23297     4
23312     4
23321     4
23326     4
23334     4
23334     4
23343     4
23370     4
23370     4
23389     4
23409     4
23409     4
23410     4
23455     4
23463     4
23467     4
23497     4
23507     4
23562     4
23587     4
23611     4
23640     4
23671     4
23707     4
23718     4
23733     4
23845     4
23849     4
23854     4
23866     4
23870     4
23973     4
23984     4
24016     4
24047     4
24053     4
24090     4
24104     4
24129     4
24221     4
24249     4
24262     4
24272     4
24413     4
24429     4
24432     4
24448     4
24461     4
24617     4
24644     4
24663     4
24699     4
24818     4
24852     4
24888     4
24929     4
25047     4
25084     4
25100     4
25125     4
25299     4
25314     4
25348     4
25373     4
25388     4
25566     4
25592     4
25606     4
25664     4
25676     4
25697     4
25746     4
25776     4
25804     4
25827     4
25886     4
25910     4
25975     4
25978     4
26021     4
26030     4
26048     4
26049     4
26055     4
26132     4
26135     4
26162     4
26163     4
26248     4
26250     4
26254     4
26267     4
26275     4
26309     4
26325     4
26329     4
26381     4
26401     4
26418     4
26445     4
26452     4
26465     4
26465     4
26468     4
26471     4
26480     4
26496     4
26496     4
26504     4
26524     4
26524     4
26552     4
26561     4
26561     4
26565     4
26593     4
26607     4
26608     4
26608     4
26609     4
26625     4
26629     4
26644     4
26651     4
26651     4
26688     4
26694     4
26708     4
26708     4
26712     4
26727     4
26732     4
26746     4
26765     4
26765     4
26767     4
26781     4
26803     4
26810     4
26810     4
26817     4
26822     4
26839     4
26847     4
26847     4
26850     4
26879     4
26879     4
26893     4
26896     4
26911     4
26911     4
26931     4
26940     4
26948     4
26951     4
26951     4
26954     4
26980     4
26983     4
26983     4
26996     4
27020     4
27033     4
27061     4
27111     4
27120     4
27134     4
27142     4
27147     4
27163     4
27240     4
27246     4
27252     4
27268     4
27317     4
27340     4
27345     4
27362     4
27451     4
27461     4
27476     4
27492     4
27585     4
27586     4
27610     4
27642     4
27679     4
27695     4
27719     4
27735     4
27841     4
27866     4
27895     4
27904     4
27932     4
28034     4
28058     4
28063     4
28101     4
28108     4
28208     4
28244     4
28267     4
28323     4
28384     4
28417     4
28438     4
28467     4
28520     4
28591     4
28616     4
28643     4
28690     4
28780     4
28796     4
28815     4
28834     4
28891     4
29060     4
29078     4
29103     4
29131     4
29171     4
29187     4
29278     4
29304     4
29315     4
29341     4
29419     4
29467     4
29483     4
29514     4
29520     4
29523     4
29557     4
29562     4
29601     4
29647     4
29674     4
29690     4
29722     4
29789     4
29791     4
29795     4
29818     4
29821     4
29838     4
29873     4
29910     4
29940     4
29951     4
29959     4
29982     4
29988     4
30025     4
30031     4
30050     4
30050     4
30059     4
30074     4
30074     4
30087     4
30112     4
30112     4
30113     4
30116     4
30139     4
30139     4
30154     4
30168     4
30175     4
30175     4
30195     4
30206     4
30206     4
30213     4
30219     4
30231     4
30262     4
30273     4
30273     4
30288     4
30298     4
30318     4
30325     4
30325     4
30346     4
30349     4
30354     4
30372     4
30372     4
30378     4
30390     4
30402     4
30402     4
30429     4
30438     4
30449     4
30449     4
30451     4
30479     4
30479     4
30486     4
30499     4
30499     4
30507     4
30510     4
30529     4
30529     4
30555     4
30556     4
30561     4
30583     4
30601     4
30605     4
30616     4
30681     4
30700     4
30726     4
30727     4
30729     4
30764     4
30800     4
30814     4
30841     4
30871     4
30917     4
30930     4
30942     4
30948     4
31024     4
31044     4
31061     4
31100     4
31144     4
31163     4
31177     4
31256     4
31302     4
31312     4
31321     4
31336     4
31443     4
31455     4
31473     4
31505     4
31513     4
31616     4
31654     4
31674     4
31702     4
31714     4
31762     4
31806     4
31851     4
31917     4
31939     4
31974     4
32001     4
32037     4
32089     4
32124     4
32164     4
32209     4
32249     4
32313     4
32315     4
32346     4
32382     4
32421     4
32510     4
32569     4
32578     4
32605     4
32610     4
32677     4
32770     4
32793     4
32817     4
32840     4
32961     4
32982     4
33005     4
33015     4
33026     4
33051     4
33080     4
33103     4
33149     4
33160     4
33195     4
33235     4
33268     4
33310     4
33338     4
33343     4
33353     4
33375     4
33389     4
33398     4
33429     4
33458     4
33490     4
33498     4
33513     4
33525     4
33566     4
33567     4
33600     4
33609     4
33617     4
33617     4
33624     4
33645     4
33645     4
33650     4
33672     4
33672     4
33699     4
33699     4
33715     4
33731     4
33742     4
33742     4
33753     4
33755     4
33768     4
33768     4
33774     4
33795     4
33798     4
33813     4
33813     4
33818     4
33850     4
33865     4
33865     4
33872     4
33876     4
33879     4
33897     4
33910     4
33910     4
33919     4
33943     4
33946     4
33946     4
33967     4
33978     4
33978     4
33993     4
34007     4
34013     4
34013     4
34029     4
34029     4
34035     4
34053     4
34053     4
34057     4
34059     4
34098     4
34114     4
34125     4
34132     4
34138     4
34151     4
34191     4
34236     4
34252     4
34287     4
34295     4
34312     4
34343     4
34349     4
34356     4
34407     4
34447     4
34451     4
34471     4
34480     4
34527     4
34586     4
34610     4
34651     4
34704     4
34709     4
34730     4
34736     4
34852     4
34857     4
34890     4
34891     4
34911     4
35015     4
35049     4
35055     4
35084     4
35105     4
35163     4
35202     4
35240     4
35275     4
35302     4
35324     4
35360     4
35413     4
35482     4
35496     4
35533     4
35563     4
35602     4
35658     4
35676     4
35702     4
35784     4
35833     4
35853     4
35864     4
35890     4
35932     4
35996     4
36052     4
36070     4
36099     4
36152     4
36171     4
36214     4
36259     4
36338     4
36342     4
36403     4
36501     4
36515     4
36560     4
36582     4
36585     4
36612     4
36652     4
36688     4
36703     4
36734     4
36738     4
36820     4
36857     4
36860     4
36885     4
36917     4
36930     4
36940     4
36944     4
36979     4
37005     4
37021     4
37062     4
37096     4
37109     4
37121     4
37149     4
37152     4
37164     4
37169     4
37181     4
37217     4
37217     4
37224     4
37233     4
37233     4
37253     4
37253     4
37276     4
37284     4
37284     4
37311     4
37315     4
37330     4
37330     4
37331     4
37365     4
37365     4
37376     4
37388     4
37396     4
37403     4
37410     4
37410     4
37441     4
37458     4
37465     4
37465     4
37471     4
37487     4
37499     4
37505     4
37505     4
37514     4
37530     4
37530     4
37542     4
37547     4
37553     4
37553     4
37582     4
37582     4
37585     4
37607     4
37607     4
37611     4
37630     4
37633     4
37633     4
37636     4
37661     4
37668     4
37692     4
37703     4
37720     4
37724     4
37745     4
37783     4
37818     4
37846     4
37871     4
37895     4
37896     4
37916     4
37925     4
37956     4
37959     4
38025     4
38043     4
38059     4
38076     4
38116     4
38149     4
38251     4
38280     4
38309     4
38318     4
38321     4
38373     4
38409     4
38421     4
38449     4
38497     4
38582     4
38625     4
38627     4
38645     4
38694     4
38728     4
38747     4
38754     4
38806     4
38872     4
38886     4
38931     4
39004     4
39039     4
39050     4
39088     4
39184     4
39217     4
39230     4
39267     4
39347     4
39402     4
39404     4
39448     4
39504     4
39510     4
39563     4
39587     4
39638     4
39682     4
39719     4
39762     4
39855     4
39869     4
39876     4
39903     4
39907     4
40025     4
40059     4
40078     4
40111     4
40143     4
40185     4
40190     4
40218     4
40241     4
40246     4
40293     4
40323     4
40330     4
40355     4
40359     4
40375     4
40394     4
40432     4
40459     4
40482     4
40489     4
40492     4
40494     4
40514     4
40535     4
40545     4
40579     4
40587     4
40609     4
40613     4
40627     4
40637     4
40643     4
40654     4
40660     4
40677     4
40679     4
40684     4
40693     4
40712     4
40717     4
40728     4
40738     4
40753     4
40755     4
40775     4
40790     4
40804     4
40818     4
   
22454     5
22471     5
22597     5
22618     5
22792     5
22817     5
23026     5
23057     5
23274     5
23304     5
23485     5
23509     5
23643     5
23664     5
23778     5
23799     5
   
17653     6
17654     6
17775     6
17776     6
17918     6
17919     6
18099     6
18100     6
18292     6
18293     6
18504     6
18505     6
18723     6
18725     6
18892     6
18893     6
19060     6
19061     6
19184     6
19185     6
19304     6
19305     6
   
19304     7
19305     7
19306     7
19307     7
19308     7
19309     7
19310     7
19311     7
19312     7
19314     7
19315     7
19318     7
19319     7
19321     7
19322     7
19326     7
19328     7
19329     7
19335     7
19336     7
19337     7
19341     7
19344     7
19349     7
19353     7
19354     7
19355     7
19357     7
19366     7
19368     7
19369     7
19371     7
19379     7
19380     7
19382     7
19383     7
19393     7
19395     7
19396     7
19397     7
19403     7
19404     7
19410     7
19411     7
19415     7
19417     7
19425     7
19426     7
19431     7
19446     7
19449     7
19452     7
19454     7
19460     7
19461     7
19473     7
19474     7
19476     7
19477     7
19494     7
19496     7
19504     7
19505     7
19519     7
19522     7
19540     7
19542     7
19545     7
19567     7
19568     7
19570     7
19571     7
19616     7
19625     7
19626     7
19645     7
19647     7
19668     7
19669     7
19688     7
19718     7
19720     7
19725     7
19727     7
19765     7
19770     7
19773     7
19813     7
19814     7
19823     7
19824     7
19860     7
19878     7
19880     7
19908     7
19912     7
19938     7
19941     7
19964     7
20016     7
20022     7
20030     7
20036     7
20077     7
20080     7
20086     7
20090     7
20148     7
20151     7
20152     7
20155     7
20211     7
20215     7
20223     7
20226     7
20286     7
20290     7
20317     7
20318     7
20358     7
20360     7
20392     7
20394     7
20431     7
20435     7
20493     7
20495     7
20517     7
20521     7
20558     7
20561     7
20579     7
20584     7
20611     7
20613     7
20636     7
20643     7
20703     7
20705     7
20715     7
20723     7
20756     7
20759     7
20765     7
20768     7
20815     7
20816     7
20823     7
20824     7
20876     7
20881     7
20883     7
20884     7
20954     7
20956     7
20966     7
20975     7
21023     7
21026     7
21031     7
21039     7
21071     7
21072     7
21076     7
21092     7
21126     7
21127     7
21129     7
21153     7
21167     7
21173     7
21177     7
21207     7
21209     7
21210     7
21212     7
21212     7
21212     7
21213     7
21216     7
21216     7
21216     7
21219     7
21219     7
21226     7
21226     7
21258     7
21268     7
21276     7
21276     7
21282     7
21282     7
21285     7
21288     7
21315     7
21322     7
21324     7
21324     7
21326     7
21326     7
21331     7
21333     7
21377     7
21385     7
21394     7
21394     7
21395     7
21395     7
21396     7
21402     7
21434     7
21449     7
21453     7
21453     7
21456     7
21463     7
21463     7
21470     7
21514     7
21516     7
21518     7
21522     7
21524     7
21524     7
21528     7
21528     7
21536     7
21536     7
21538     7
21544     7
21544     7
21553     7
21586     7
21586     7
21598     7
21598     7
21603     7
21613     7
21613     7
21616     7
21621     7
21622     7
21625     7
21628     7
21630     7
21630     7
21635     7
21635     7
21677     7
21677     7
21681     7
21704     7
21704     7
21711     7
21716     7
21720     7
21740     7
21740     7
21742     7
21790     7
21794     7
21794     7
21796     7
21798     7
21805     7
21805     7
21809     7
21836     7
21850     7
21850     7
21852     7
21861     7
21861     7
21862     7
21864     7
21885     7
21888     7
21888     7
21892     7
21925     7
21928     7
21931     7
21931     7
21931     7
21933     7
21936     7
21936     7
21936     7
21938     7
21938     7
21942     7
21942     7
21971     7
21976     7
21990     7
22013     7
22015     7
22022     7
22061     7
22063     7
22068     7
22093     7
22106     7
22114     7
22132     7
22154     7
22166     7
22175     7
22186     7
22194     7
22199     7
22220     7
22252     7
22253     7
22255     7
22300     7
22303     7
22312     7
22315     7
22352     7
22358     7
22361     7
22365     7
22418     7
22434     7
22437     7
22446     7
22478     7
22485     7
22499     7
22523     7
22536     7
22537     7
22575     7
22599     7
22621     7
22624     7
22660     7
22677     7
22701     7
22715     7
22767     7
22771     7
22810     7
22819     7
22851     7
22876     7
22912     7
22918     7
22938     7
22971     7
22994     7
22997     7
23018     7
23067     7
23082     7
23090     7
23155     7
23158     7
23159     7
23160     7
23236     7
23240     7
23241     7
23246     7
23302     7
23310     7
23315     7
23333     7
23360     7
23378     7
23380     7
23392     7
23414     7
23437     7
23438     7
23470     7
23471     7
23503     7
23504     7
23529     7
23540     7
23549     7
23558     7
23584     7
23600     7
23624     7
23626     7
23629     7
23668     7
23674     7
23685     7
23686     7
23716     7
23720     7
23734     7
23735     7
23739     7
23742     7
23742     7
23774     7
23778     7
23797     7
23799     7
23799     7
   
17653     8
17654     8
17655     8
17656     8
17658     8
17659     8
17661     8
17662     8
17663     8
17668     8
17669     8
17670     8
17672     8
17673     8
17674     8
17675     8
17676     8
17677     8
17679     8
17681     8
17682     8
17685     8
17686     8
17689     8
17690     8
17691     8
17693     8
17695     8
17701     8
17702     8
17703     8
17704     8
17709     8
17710     8
17712     8
17713     8
17721     8
17724     8
17726     8
17729     8
17737     8
17742     8
17749     8
17751     8
17764     8
17765     8
17770     8
17771     8
17773     8
17785     8
17787     8
17788     8
17792     8
17800     8
17801     8
17816     8
17820     8
17821     8
17822     8
17844     8
17845     8
17851     8
17852     8
17869     8
17871     8
17888     8
17893     8
17896     8
17928     8
17930     8
17931     8
17932     8
17964     8
17974     8
17976     8
18000     8
18004     8
18021     8
18023     8
18035     8
18069     8
18070     8
18077     8
18079     8
18131     8
18132     8
18133     8
18172     8
18176     8
18186     8
18187     8
18220     8
18242     8
18245     8
18271     8
18273     8
18309     8
18312     8
18327     8
18353     8
18357     8
18361     8
18370     8
18450     8
18451     8
18456     8
18462     8
18497     8
18501     8
18503     8
18511     8
18561     8
18566     8
18575     8
18578     8
18619     8
18627     8
18657     8
18658     8
18701     8
18705     8
18737     8
18740     8
18771     8
18776     8
18810     8
18813     8
18830     8
18834     8
18888     8
18890     8
18914     8
18917     8
18949     8
18953     8
18961     8
18965     8
19015     8
19017     8
19023     8
19029     8
19075     8
19077     8
19079     8
19085     8
19127     8
19128     8
19129     8
19134     8
19203     8
19208     8
19211     8
19215     8
19263     8
19269     8
19275     8
19278     8
19339     8
19343     8
19351     8
19364     8
19399     8
19400     8
19405     8
19421     8
19451     8
19453     8
19455     8
19481     8
19487     8
19498     8
19502     8
19526     8
19530     8
19531     8
19533     8
19533     8
19533     8
19535     8
19538     8
19538     8
19538     8
19539     8
19539     8
19541     8
19541     8
19566     8
19573     8
19577     8
19577     8
19586     8
19586     8
19590     8
19591     8
19632     8
19638     8
19648     8
19648     8
19649     8
19649     8
19654     8
19655     8
19700     8
19712     8
19716     8
19716     8
19717     8
19717     8
19719     8
19722     8
19775     8
19785     8
19792     8
19792     8
19795     8
19799     8
19799     8
19802     8
19836     8
19838     8
19840     8
19848     8
19849     8
19849     8
19852     8
19852     8
19855     8
19855     8
19858     8
19867     8
19867     8
19873     8
19906     8
19906     8
19928     8
19928     8
19933     8
19947     8
19947     8
19954     8
19959     8
19961     8
19963     8
19968     8
19975     8
19975     8
19982     8
19982     8
20014     8
20014     8
20018     8
20047     8
20047     8
20053     8
20057     8
20059     8
20075     8
20075     8
20078     8
20118     8
20120     8
20120     8
20129     8
20131     8
20141     8
20141     8
20144     8
20176     8
20188     8
20188     8
20191     8
20204     8
20204     8
20205     8
20209     8
20231     8
20242     8
20242     8
20245     8
20279     8
20284     8
20288     8
20288     8
20288     8
20289     8
20292     8
20292     8
20292     8
20293     8
20293     8
20296     8
20296     8
20330     8
20332     8
20348     8
20366     8
20372     8
20374     8
20415     8
20417     8
20423     8
20452     8
20471     8
20480     8
20499     8
20516     8
20530     8
20534     8
20555     8
20560     8
20562     8
20595     8
20607     8
20608     8
20612     8
20692     8
20697     8
20709     8
20714     8
20753     8
20769     8
20770     8
20773     8
20813     8
20832     8
20838     8
20843     8
20890     8
20898     8
20933     8
20973     8
20990     8
20993     8
21028     8
21059     8
21087     8
21091     8
21143     8
21168     8
21220     8
21241     8
21302     8
21306     8
21350     8
21362     8
21407     8
21420     8
21458     8
21472     8
21502     8
21552     8
21564     8
21570     8
21590     8
21650     8
21663     8
21683     8
21757     8
21758     8
21759     8
21761     8
21834     8
21841     8
21843     8
21847     8
21896     8
21910     8
21916     8
21939     8
21967     8
21991     8
21994     8
22020     8
22038     8
22070     8
22073     8
22099     8
22100     8
22136     8
22141     8
22176     8
22181     8
22185     8
22196     8
22212     8
22244     8
22274     8
22275     8
22281     8
22323     8
22330     8
22336     8
22337     8
22372     8
22373     8
22390     8
22391     8
22399     8
22402     8
22402     8
22453     8
22454     8
22470     8
22471     8
22471     8
   
   
   
   
   
   
   
   
   
   
   
   
   
   
   
   
   
   
   
   
   
   
   
   
   
   
   
   
   
   
   
   
   
   
   
   
   
   
   
   
   
   
   
