0.09 0.80 0.10 10.00 1.3088e-01 6.1310e-02 2.1348
0.09 0.80 0.10 10.00 1.8272e-01 7.4822e-02 2.4421
0.09 0.80 0.10 10.00 3.5410e-01 1.4710e-01 2.4072
0.09 0.80 0.10 10.00 3.6448e-01 1.3700e-01 2.6604
0.09 0.80 0.10 10.00 4.2191e-01 1.6600e-01 2.5415
0.09 0.80 0.10 10.00 4.0071e-01 1.5138e-01 2.6470
0.09 0.80 0.10 10.00 4.6450e-01 1.9240e-01 2.4142
0.09 0.80 0.10 10.00 4.2863e-01 1.6978e-01 2.5247
0.09 0.80 0.10 10.00 4.6899e-01 1.9350e-01 2.4237
0.09 0.80 0.10 10.00 4.2485e-01 1.7092e-01 2.4857
0.09 0.80 0.10 10.00 4.7691e-01 2.0247e-01 2.3555
0.09 0.80 0.10 10.00 4.2965e-01 1.7810e-01 2.4124
0.09 0.80 0.10 10.00 4.8574e-01 2.0634e-01 2.3540
0.09 0.80 0.10 10.00 4.6223e-01 1.9243e-01 2.4021
0.09 0.80 0.10 10.00 4.8491e-01 2.1237e-01 2.2833
0.09 0.80 0.10 10.00 4.9217e-01 2.1591e-01 2.2796
0.09 0.80 0.10 10.00 4.8225e-01 2.1065e-01 2.2893
0.09 0.80 0.10 10.00 5.1464e-01 2.3774e-01 2.1647
0.09 0.80 0.10 10.00 4.9058e-01 2.2943e-01 2.1382
0.09 0.80 0.10 10.00 5.2264e-01 2.4239e-01 2.1563
0.09 0.80 0.10 10.00 5.2044e-01 2.4529e-01 2.1217
0.09 0.80 0.10 10.00 5.2204e-01 2.4356e-01 2.1434
0.09 0.80 0.10 10.00 5.2411e-01 2.4990e-01 2.0972
