133501     1
133502     1
133503     1
133504     1
133505     1
133506     1
133507     1
133508     1
133509     1
133510     1
133511     1
133512     1
133513     1
133514     1
133515     1
133516     1
133517     1
133518     1
133519     1
133520     1
133521     1
133522     1
133523     1
133524     1
133525     1
133526     1
133527     1
133528     1
133529     1
133530     1
133531     1
133532     1
133533     1
133534     1
133535     1
133536     1
133537     1
133538     1
133539     1
133540     1
133541     1
133542     1
133543     1
133544     1
133545     1
133546     1
133547     1
133548     1
133549     1
133550     1
133551     1
133552     1
133553     1
133554     1
133555     1
133556     1
133557     1
133558     1
133559     1
133560     1
133561     1
133562     1
133563     1
133564     1
133565     1
133566     1
133567     1
133568     1
133569     1
133570     1
133571     1
133572     1
133573     1
133574     1
133575     1
133576     1
133577     1
133578     1
133579     1
133580     1
133581     1
133582     1
133583     1
133584     1
133585     1
133586     1
133587     1
133588     1
133589     1
133590     1
133591     1
133592     1
133593     1
133594     1
133595     1
133596     1
133597     1
133598     1
133599     1
133600     1
133601     1
133602     1
133603     1
133604     1
133605     1
133606     1
133607     1
133608     1
133609     1
133610     1
133611     1
133612     1
133613     1
133614     1
133615     1
133616     1
133617     1
133618     1
133619     1
133620     1
133621     1
133622     1
133623     1
133624     1
133625     1
133626     1
133627     1
133628     1
133629     1
133630     1
133631     1
133632     1
133633     1
133634     1
133635     1
133636     1
133637     1
133638     1
133639     1
133640     1
133641     1
133642     1
133643     1
133644     1
133645     1
133646     1
133647     1
133648     1
133649     1
133650     1
133651     1
133652     1
133653     1
133654     1
133655     1
133656     1
133657     1
133658     1
133659     1
133660     1
133661     1
133662     1
133663     1
133664     1
133665     1
133666     1
133667     1
133668     1
133669     1
133670     1
133671     1
133672     1
133673     1
133674     1
133675     1
133676     1
133677     1
133678     1
133679     1
133680     1
133681     1
133682     1
133683     1
133684     1
133685     1
133686     1
133687     1
133688     1
133689     1
133690     1
133691     1
133692     1
133693     1
133694     1
133695     1
133696     1
133697     1
133698     1
133699     1
133700     1
133701     1
133702     1
133703     1
133704     1
133705     1
133706     1
133707     1
133708     1
133709     1
133710     1
133711     1
133712     1
133713     1
133714     1
133715     1
133716     1
133717     1
133718     1
133719     1
133720     1
133721     1
133722     1
133723     1
133724     1
133725     1
133726     1
133727     1
133728     1
133729     1
133730     1
133731     1
133732     1
133733     1
133734     1
133735     1
133736     1
133737     1
133738     1
133739     1
133740     1
133741     1
133742     1
133743     1
133744     1
133745     1
133746     1
133747     1
133748     1
133749     1
133750     1
133751     1
133752     1
133753     1
133754     1
133755     1
133756     1
133757     1
133758     1
133759     1
133760     1
133761     1
133762     1
133763     1
133764     1
133765     1
133766     1
133767     1
133768     1
133769     1
133770     1
133771     1
133772     1
133773     1
133774     1
133775     1
133776     1
133777     1
133778     1
133779     1
133780     1
133781     1
133782     1
133783     1
133784     1
133785     1
133786     1
133787     1
133788     1
133789     1
133790     1
133791     1
133792     1
133793     1
133794     1
133795     1
133796     1
133797     1
133798     1
133799     1
133800     1
133801     1
133802     1
133803     1
133804     1
133805     1
133806     1
133807     1
133808     1
133809     1
133810     1
133811     1
133812     1
133813     1
133814     1
133815     1
133816     1
133817     1
133818     1
133819     1
133820     1
133821     1
133822     1
133823     1
133824     1
133825     1
133826     1
133827     1
133828     1
133829     1
133830     1
133831     1
133832     1
133833     1
133834     1
133835     1
133836     1
133837     1
133838     1
133839     1
133840     1
133841     1
133842     1
133843     1
133844     1
133845     1
133846     1
133847     1
133848     1
133849     1
133850     1
133851     1
133852     1
133853     1
133854     1
133855     1
133856     1
133857     1
133858     1
133859     1
133860     1
133861     1
133862     1
133863     1
133864     1
133865     1
133866     1
133867     1
133868     1
133869     1
133870     1
133871     1
133872     1
133873     1
133874     1
133875     1
133876     1
133877     1
133878     1
133879     1
133880     1
133881     1
133882     1
133883     1
133884     1
133885     1
133886     1
133887     1
133888     1
133889     1
133890     1
133891     1
133892     1
133893     1
133894     1
133895     1
133896     1
133897     1
133898     1
133899     1
133900     1
133901     1
133902     1
133903     1
133904     1
133905     1
133906     1
133907     1
133908     1
133909     1
133910     1
133911     1
133912     1
133913     1
133914     1
133915     1
133916     1
133917     1
133918     1
133919     1
133920     1
133921     1
133922     1
133923     1
133924     1
133925     1
133926     1
133927     1
133928     1
133929     1
133930     1
133931     1
133932     1
133933     1
133934     1
133935     1
133936     1
133937     1
133938     1
133939     1
133940     1
133941     1
133942     1
133943     1
133944     1
133945     1
133946     1
133947     1
133948     1
133949     1
133950     1
133951     1
133952     1
133953     1
133954     1
133955     1
133956     1
133957     1
133958     1
133959     1
133960     1
133961     1
133962     1
133963     1
133964     1
133965     1
133966     1
133967     1
133968     1
133969     1
133970     1
133971     1
133972     1
133973     1
133974     1
133975     1
133976     1
133977     1
133978     1
133979     1
133980     1
133981     1
133982     1
133983     1
133984     1
133985     1
133986     1
133987     1
133988     1
133989     1
133990     1
133991     1
133992     1
133993     1
133994     1
133995     1
133996     1
133997     1
133998     1
133999     1
134000     1
134001     1
134002     1
134003     1
134004     1
134005     1
134006     1
134007     1
134008     1
134009     1
134010     1
134011     1
134012     1
134013     1
134014     1
134015     1
134016     1
134017     1
134018     1
134019     1
134020     1
134021     1
134022     1
134023     1
134024     1
134025     1
134026     1
134027     1
134028     1
134029     1
134030     1
134031     1
134032     1
134033     1
134034     1
134035     1
134036     1
134037     1
134038     1
134039     1
134040     1
134041     1
134042     1
134043     1
134044     1
134045     1
134046     1
134047     1
134048     1
134049     1
134050     1
134051     1
134052     1
134053     1
134054     1
134055     1
134056     1
134057     1
134058     1
134059     1
134060     1
134061     1
134062     1
134063     1
134064     1
134065     1
134066     1
134067     1
134068     1
134069     1
134070     1
134071     1
134072     1
134073     1
134074     1
134075     1
134076     1
134077     1
134078     1
134079     1
134080     1
134081     1
134082     1
134083     1
134084     1
134085     1
134086     1
134087     1
134088     1
134089     1
134090     1
134091     1
134092     1
134093     1
134094     1
134095     1
134096     1
134097     1
134098     1
134099     1
134100     1
134100     1
134100     1
134101     1
134102     1
134102     1
134103     1
134104     1
134104     1
134104     1
134105     1
134105     1
134106     1
134106     1
134107     1
134107     1
134108     1
134109     1
134110     1
134111     1
134112     1
134113     1
134114     1
134115     1
134116     1
134117     1
134118     1
134118     1
134119     1
134120     1
134121     1
134121     1
134122     1
134123     1
134124     1
134125     1
134126     1
134127     1
134128     1
134129     1
134130     1
134131     1
134132     1
134133     1
134134     1
134135     1
134135     1
134136     1
134137     1
134138     1
134139     1
134139     1
134140     1
134141     1
134142     1
134143     1
134144     1
134145     1
134146     1
134147     1
134148     1
134149     1
134150     1
134150     1
134151     1
134152     1
134152     1
134153     1
134154     1
134155     1
134156     1
134157     1
134158     1
134159     1
134160     1
134160     1
134161     1
134161     1
134162     1
134163     1
134164     1
134165     1
134166     1
134167     1
134168     1
134169     1
134170     1
134170     1
134171     1
134171     1
134172     1
134173     1
134174     1
134175     1
134176     1
134177     1
134178     1
134179     1
134180     1
134180     1
134181     1
134182     1
134182     1
134183     1
134184     1
134185     1
134186     1
134187     1
134188     1
134189     1
134190     1
134190     1
134191     1
134192     1
134193     1
134193     1
134194     1
134195     1
134196     1
134197     1
134198     1
134199     1
134200     1
134200     1
134201     1
134202     1
134203     1
134203     1
134204     1
134205     1
134206     1
134207     1
134208     1
134209     1
134210     1
134210     1
134211     1
134212     1
134213     1
134213     1
134214     1
134215     1
134216     1
134217     1
134218     1
134219     1
134220     1
134221     1
134222     1
134223     1
134224     1
134224     1
134225     1
134226     1
134227     1
134227     1
134228     1
134229     1
134229     1
134230     1
134231     1
134232     1
134232     1
134233     1
134234     1
134235     1
134236     1
134237     1
134238     1
134239     1
134240     1
134241     1
134242     1
134242     1
134243     1
134244     1
134244     1
134245     1
134246     1
134247     1
134248     1
134248     1
134249     1
134250     1
134251     1
134252     1
134253     1
134254     1
134255     1
134256     1
134257     1
134258     1
134259     1
134259     1
134260     1
134261     1
134261     1
134262     1
134262     1
134263     1
134264     1
134265     1
134266     1
134267     1
134268     1
134269     1
134269     1
134270     1
134271     1
134272     1
134273     1
134274     1
134275     1
134276     1
134277     1
134278     1
134278     1
134279     1
134280     1
134280     1
134281     1
134282     1
134282     1
134283     1
134284     1
134285     1
134286     1
134287     1
134288     1
134289     1
134290     1
134291     1
134292     1
134293     1
134294     1
134294     1
134295     1
134295     1
134296     1
134297     1
134298     1
134299     1
134299     1
134300     1
134301     1
134301     1
134302     1
134303     1
134304     1
134305     1
134305     1
134306     1
134307     1
134308     1
134309     1
134310     1
134311     1
134311     1
134312     1
134313     1
134313     1
134314     1
134315     1
134316     1
134317     1
134318     1
134319     1
134320     1
134321     1
134321     1
134322     1
134323     1
134324     1
134324     1
134325     1
134326     1
134327     1
134328     1
134329     1
134330     1
134331     1
134331     1
134332     1
134333     1
134334     1
134335     1
134335     1
134336     1
134337     1
134338     1
134339     1
134340     1
134341     1
134341     1
134342     1
134343     1
134344     1
134345     1
134346     1
134346     1
134347     1
134348     1
134349     1
134350     1
134350     1
134351     1
134352     1
134353     1
134354     1
134355     1
134356     1
134356     1
134357     1
134358     1
134359     1
134359     1
134360     1
134361     1
134362     1
134363     1
134364     1
134365     1
134366     1
134366     1
134367     1
134368     1
134369     1
134370     1
134371     1
134372     1
134373     1
134373     1
134374     1
134374     1
134375     1
134376     1
134377     1
134378     1
134379     1
134380     1
134381     1
134382     1
134383     1
134384     1
134384     1
134385     1
134386     1
134387     1
134388     1
134389     1
134390     1
134391     1
134392     1
134393     1
134393     1
134393     1
134394     1
134395     1
134396     1
134396     1
134397     1
134397     1
134397     1
134398     1
134398     1
134399     1
134399     1
134400     1
134400     1
134401     1
134402     1
134403     1
134404     1
134405     1
134406     1
134407     1
134408     1
134409     1
134410     1
134411     1
134412     1
134413     1
134414     1
134415     1
134416     1
134417     1
134418     1
134419     1
134420     1
134421     1
134422     1
134423     1
134424     1
134425     1
134426     1
134427     1
134428     1
134429     1
134430     1
134431     1
134432     1
134433     1
134434     1
134435     1
134436     1
134437     1
134438     1
134439     1
134440     1
134441     1
134442     1
134443     1
134444     1
134445     1
134446     1
134447     1
134448     1
134449     1
134450     1
134451     1
134452     1
134453     1
134454     1
134455     1
134456     1
134457     1
134458     1
134459     1
134460     1
134461     1
134462     1
134463     1
134464     1
134465     1
134466     1
134467     1
134468     1
134469     1
134470     1
134471     1
134472     1
134473     1
134474     1
134475     1
134476     1
134477     1
134478     1
134479     1
134480     1
134481     1
134482     1
134483     1
134484     1
134485     1
134486     1
134487     1
134488     1
134489     1
134490     1
134491     1
134492     1
134493     1
134494     1
134495     1
134496     1
134497     1
134498     1
134499     1
134500     1
134501     1
134502     1
134503     1
134504     1
134505     1
134506     1
134507     1
134508     1
134509     1
134510     1
134511     1
134512     1
134513     1
134514     1
134515     1
134516     1
134517     1
134518     1
134519     1
134520     1
134521     1
134522     1
134523     1
134524     1
134525     1
134526     1
134527     1
134528     1
134529     1
134530     1
134531     1
134532     1
134533     1
134534     1
134535     1
134536     1
134537     1
134538     1
134539     1
134540     1
134541     1
134542     1
134543     1
134544     1
134545     1
134546     1
134547     1
134548     1
134549     1
134550     1
134551     1
134552     1
134553     1
134554     1
134555     1
134556     1
134557     1
134558     1
134559     1
134560     1
134561     1
134562     1
134563     1
134564     1
134565     1
134566     1
134567     1
134568     1
134569     1
134570     1
134571     1
134572     1
134573     1
134574     1
134575     1
134576     1
134577     1
134578     1
134579     1
134580     1
134581     1
134582     1
134583     1
134584     1
134585     1
134586     1
134587     1
134588     1
134589     1
134590     1
134591     1
134592     1
134593     1
134594     1
134595     1
134596     1
134597     1
134598     1
134599     1
134600     1
134601     1
134602     1
134603     1
134604     1
134605     1
134606     1
134607     1
134608     1
134609     1
134610     1
134611     1
134612     1
134613     1
134614     1
134615     1
134616     1
134617     1
134618     1
134619     1
134620     1
134621     1
134622     1
134623     1
134624     1
134625     1
134626     1
134627     1
134628     1
134629     1
134630     1
134631     1
134632     1
134633     1
134634     1
134635     1
134636     1
134637     1
134638     1
134639     1
134640     1
134641     1
134642     1
134643     1
134644     1
134645     1
134646     1
134647     1
134648     1
134649     1
134650     1
134651     1
134652     1
134653     1
134654     1
134655     1
134656     1
134657     1
134658     1
134659     1
134660     1
134661     1
134662     1
134663     1
134664     1
134665     1
134666     1
134667     1
134668     1
134669     1
134670     1
134671     1
134672     1
134673     1
134674     1
134675     1
134676     1
134677     1
134678     1
134679     1
134680     1
134681     1
134682     1
134683     1
134684     1
134685     1
134686     1
134687     1
134688     1
134689     1
134690     1
134691     1
134692     1
134693     1
134694     1
134695     1
134696     1
134697     1
134698     1
134699     1
134700     1
134701     1
134702     1
134703     1
134704     1
134705     1
134706     1
134707     1
134708     1
134709     1
134710     1
134711     1
134712     1
134713     1
134714     1
134715     1
134716     1
134717     1
134718     1
134719     1
134720     1
134721     1
134722     1
134723     1
134724     1
134725     1
134726     1
134727     1
134728     1
134729     1
134730     1
134731     1
134732     1
134733     1
134734     1
134735     1
134736     1
134737     1
134738     1
134739     1
134740     1
134741     1
134742     1
134743     1
134744     1
134745     1
134746     1
134747     1
134748     1
134749     1
134750     1
134751     1
134752     1
134753     1
134754     1
134755     1
134756     1
134757     1
134758     1
134759     1
134760     1
134761     1
134762     1
134763     1
134764     1
134765     1
134766     1
134767     1
134768     1
134769     1
134770     1
134771     1
134772     1
134773     1
134774     1
134775     1
134776     1
134777     1
134778     1
134779     1
134780     1
134781     1
134782     1
134783     1
134784     1
134785     1
134786     1
134787     1
134788     1
134789     1
134790     1
134791     1
134792     1
134793     1
134794     1
134795     1
134796     1
134797     1
134798     1
134799     1
134800     1
134801     1
134802     1
134803     1
134804     1
134805     1
134806     1
134807     1
134808     1
134809     1
134810     1
134811     1
134812     1
134813     1
134814     1
134815     1
134816     1
134817     1
134818     1
134819     1
134819     1
134820     1
134821     1
134822     1
134823     1
134824     1
134825     1
134826     1
134827     1
134828     1
134828     1
134829     1
134830     1
134831     1
134832     1
134833     1
134834     1
134835     1
134835     1
   
   
   
   
   
   
   
   
   
   
   
   
   
   
   
   
   
   
   
   
   
   
   
   
   
   
   
   
   
   
   
   
   
   
   
   
   
   
   
   
   
   
   
   
   
   
   
   
   
   
