0.00 0.20 0.12 0.00 -0.0000 1.2528 -0.0000
0.00 0.30 0.12 0.00 -0.0000 1.2528 -0.0000
0.00 0.40 0.12 0.00 -0.0000 1.2528 -0.0000
0.00 0.50 0.12 0.00 -0.0000 1.2528 -0.0000
0.00 0.60 0.12 0.00 -0.0000 1.2528 -0.0000
0.00 0.70 0.12 0.00 -0.0000 1.2528 -0.0000
0.00 0.80 0.12 0.00 -0.0000 1.2528 -0.0000
0.01 0.20 0.12 0.00 0.0016 1.2621 0.0013
0.01 0.30 0.12 0.00 -0.0025 1.2607 -0.0020
0.01 0.40 0.12 0.00 -0.0041 1.2602 -0.0032
0.01 0.50 0.12 0.00 -0.0055 1.2604 -0.0044
0.01 0.60 0.12 0.00 -0.0086 1.2607 -0.0068
0.01 0.70 0.12 0.00 -0.0169 1.2609 -0.0134
0.01 0.80 0.12 0.00 -0.0362 1.2649 -0.0286
0.02 0.20 0.12 0.00 0.0019 1.2901 0.0015
0.02 0.30 0.12 0.00 -0.0085 1.2851 -0.0066
0.02 0.40 0.12 0.00 -0.0130 1.2830 -0.0102
0.02 0.50 0.12 0.00 -0.0174 1.2834 -0.0136
0.02 0.60 0.12 0.00 -0.0253 1.2870 -0.0197
0.02 0.70 0.12 0.00 -0.0420 1.2962 -0.0324
0.02 0.80 0.12 0.00 -0.0948 1.3133 -0.0722
0.03 0.20 0.12 0.00 0.0004 1.3404 0.0003
0.03 0.30 0.12 0.00 -0.0153 1.3285 -0.0115
0.03 0.40 0.12 0.00 -0.0227 1.3245 -0.0171
0.03 0.50 0.12 0.00 -0.0304 1.3268 -0.0229
0.03 0.60 0.12 0.00 -0.0481 1.3388 -0.0359
0.03 0.70 0.12 0.00 -0.0856 1.3497 -0.0634
0.03 0.80 0.12 0.00 -0.1733 1.3382 -0.1295
0.04 0.20 0.12 0.00 0.0000 1.4127 0.0000
0.04 0.30 0.12 0.00 -0.0218 1.3910 -0.0157
0.04 0.40 0.12 0.00 -0.0340 1.3846 -0.0245
0.04 0.50 0.12 0.00 -0.0524 1.3910 -0.0377
0.04 0.60 0.12 0.00 -0.0808 1.3959 -0.0579
0.04 0.70 0.12 0.00 -0.1384 1.3905 -0.0995
0.04 0.80 0.12 0.00 -0.2432 1.4075 -0.1728
0.05 0.20 0.12 0.00 0.0005 1.5071 0.0003
0.05 0.30 0.12 0.00 -0.0316 1.4748 -0.0215
0.05 0.40 0.12 0.00 -0.0534 1.4627 -0.0365
0.05 0.50 0.12 0.00 -0.0786 1.4569 -0.0539
0.05 0.60 0.12 0.00 -0.1205 1.4499 -0.0831
0.05 0.70 0.12 0.00 -0.1777 1.4596 -0.1218
0.05 0.80 0.12 0.00 -0.3173 1.4524 -0.2185
0.06 0.20 0.12 0.00 -0.0030 1.6272 -0.0018
0.06 0.30 0.12 0.00 -0.0445 1.5719 -0.0283
0.06 0.40 0.12 0.00 -0.0747 1.5436 -0.0484
0.06 0.50 0.12 0.00 -0.1102 1.5256 -0.0722
0.06 0.60 0.12 0.00 -0.1490 1.5213 -0.0979
0.06 0.70 0.12 0.00 -0.2359 1.5474 -0.1525
0.06 0.80 0.12 0.00 -0.3889 1.5479 -0.2512
0.07 0.20 0.12 0.00 -0.0028 1.7662 -0.0016
0.07 0.30 0.12 0.00 -0.0593 1.6765 -0.0354
0.07 0.40 0.12 0.00 -0.0992 1.6309 -0.0608
0.07 0.50 0.12 0.00 -0.1328 1.6081 -0.0826
0.07 0.60 0.12 0.00 -0.1815 1.6258 -0.1116
0.07 0.70 0.12 0.00 -0.2781 1.6189 -0.1718
0.07 0.80 0.12 0.00 -0.4670 1.6113 -0.2899
0.08 0.20 0.12 0.00 -0.0007 1.9175 -0.0004
0.08 0.30 0.12 0.00 -0.0751 1.7906 -0.0419
0.08 0.40 0.12 0.00 -0.1154 1.7324 -0.0666
0.08 0.50 0.12 0.00 -0.1539 1.7178 -0.0896
0.08 0.60 0.12 0.00 -0.2214 1.7290 -0.1281
0.08 0.70 0.12 0.00 -0.3218 1.7346 -0.1855
0.08 0.80 0.12 0.00 -0.5544 1.7247 -0.3214
0.09 0.20 0.12 0.00 0.0074 2.0792 0.0036
0.09 0.30 0.12 0.00 -0.0819 1.9224 -0.0426
0.09 0.40 0.12 0.00 -0.1291 1.8533 -0.0697
0.09 0.50 0.12 0.00 -0.1823 1.8439 -0.0989
0.09 0.60 0.12 0.00 -0.2586 1.8230 -0.1419
0.09 0.70 0.12 0.00 -0.3878 1.8455 -0.2101
0.09 0.80 0.12 0.00 -0.6291 1.8102 -0.3475
